Date,Open,High,Low,Close,Volume,Adj Close
2014-11-18,22.47,22.85,22.38,22.52,173800,22.52
2014-11-17,23.51,23.58,22.48,22.55,79200,22.55
2014-11-14,23.03,24.42,23.00,23.87,230500,23.87
2014-11-13,22.82,23.41,22.40,23.03,144600,23.03
2014-11-12,22.24,23.00,22.24,22.80,141200,22.80
2014-11-11,23.36,23.36,22.39,22.43,174200,22.43
2014-11-10,22.32,23.88,22.31,23.40,261300,23.40
2014-11-07,22.92,22.92,22.09,22.41,511600,22.41
2014-11-06,23.96,24.11,22.86,22.98,405700,22.98
2014-11-05,24.53,24.63,23.96,24.05,245100,24.05
2014-11-04,24.70,25.27,23.81,24.38,322000,24.38
2014-11-03,21.92,27.00,21.81,25.27,732700,25.27
2014-10-31,24.07,24.28,22.70,24.04,614900,24.04
2014-10-30,20.00,23.94,19.81,23.60,645400,23.60
2014-10-29,20.39,21.71,19.54,20.04,322800,20.04
2014-10-28,18.12,20.82,18.02,20.48,401500,20.48
2014-10-27,18.21,18.21,17.68,18.00,111000,18.00
2014-10-24,17.77,18.24,17.77,18.16,67700,18.16
2014-10-23,17.77,18.25,17.32,17.84,219700,17.84
2014-10-22,17.18,17.76,17.13,17.65,176800,17.65
2014-10-21,17.87,17.98,17.23,17.25,154300,17.25
2014-10-20,17.57,17.93,17.38,17.73,181700,17.73
2014-10-17,17.77,17.89,17.25,17.54,119500,17.54
2014-10-16,18.02,18.57,17.46,17.50,283000,17.50
2014-10-15,17.95,18.57,17.19,18.34,222400,18.34
2014-10-14,20.15,20.15,18.10,18.10,233300,18.10
2014-10-13,19.94,20.38,19.18,20.06,108200,20.06
2014-10-10,21.06,21.15,19.97,20.03,135300,20.03
2014-10-09,21.16,21.82,20.51,21.20,185700,21.20
2014-10-08,21.80,21.88,20.91,21.29,177600,21.29
2014-10-07,22.05,22.55,21.80,21.89,107500,21.89
2014-10-06,22.21,22.50,21.95,22.16,115600,22.16
2014-10-03,22.45,22.51,22.02,22.04,56600,22.04
2014-10-02,23.35,23.35,21.54,22.22,173600,22.22
2014-10-01,23.85,23.93,23.03,23.26,81300,23.26
2014-09-30,23.98,24.03,23.82,23.93,71800,23.93
2014-09-29,23.58,24.05,23.58,23.93,97600,23.93
2014-09-26,23.90,24.12,23.82,23.91,108600,23.91
2014-09-25,23.77,24.04,23.55,23.97,75200,23.97
2014-09-24,23.70,24.12,23.62,23.94,57700,23.94
2014-09-23,23.45,23.83,23.38,23.78,125600,23.78
2014-09-22,24.02,24.02,23.46,23.52,196700,23.52
2014-09-19,24.91,24.95,24.01,24.06,172600,24.06
2014-09-18,24.18,24.85,24.15,24.80,147300,24.80
2014-09-17,23.92,24.45,23.90,24.14,66800,24.14
2014-09-16,23.74,24.10,23.44,24.05,192000,24.05
2014-09-15,24.23,24.49,23.71,23.93,74200,23.93
2014-09-12,24.38,24.54,24.11,24.26,85700,24.26
2014-09-11,24.15,24.56,24.10,24.49,125000,24.49
2014-09-10,24.11,24.36,23.97,24.29,76600,24.29
2014-09-09,24.40,24.54,23.92,24.15,53900,24.15
2014-09-08,24.40,24.61,24.24,24.50,98400,24.50
2014-09-05,24.00,24.59,23.90,24.50,187100,24.50
2014-09-04,23.78,24.70,23.78,23.97,236400,23.97
2014-09-03,23.60,24.09,23.52,23.62,280600,23.62
2014-09-02,24.00,24.06,23.41,23.42,248800,23.42
2014-08-29,24.40,24.40,24.00,24.06,29400,24.06
2014-08-28,24.07,24.49,23.90,24.31,173000,24.31
2014-08-27,24.29,24.49,23.99,24.26,52600,24.26
2014-08-26,24.00,24.29,23.98,24.24,83300,24.24
2014-08-25,23.99,24.25,23.88,24.01,175800,24.01
2014-08-22,24.15,24.44,23.93,23.94,240800,23.94
2014-08-21,24.21,24.49,24.02,24.26,74200,24.26
2014-08-20,24.60,24.60,24.30,24.40,44900,24.40
2014-08-19,24.59,25.00,24.28,24.77,148900,24.77
2014-08-18,24.27,24.71,24.00,24.57,137300,24.57
2014-08-15,24.14,24.39,23.85,24.15,46800,24.15
2014-08-14,23.97,24.17,23.82,24.07,85500,24.07
2014-08-13,24.10,24.45,23.94,24.06,129300,24.06
2014-08-12,24.29,24.51,23.76,24.05,97800,24.05
2014-08-11,24.09,24.59,24.00,24.28,55200,24.28
2014-08-08,24.12,24.13,23.84,24.07,44300,24.07
2014-08-07,24.36,24.50,23.80,24.01,73800,24.01
2014-08-06,24.01,24.79,23.91,24.23,90100,24.23
2014-08-05,23.84,24.15,23.79,24.08,111300,24.08
2014-08-04,23.77,24.20,23.54,23.93,90600,23.93
2014-08-01,23.96,24.08,23.55,23.84,132200,23.84
2014-07-31,24.00,24.19,23.91,24.04,57000,24.04
2014-07-30,24.48,24.57,24.04,24.15,161900,24.15
2014-07-29,24.20,25.11,24.00,24.56,198800,24.56
2014-07-28,23.70,24.50,23.65,24.26,381100,24.26
2014-07-25,24.44,24.88,23.50,23.95,348400,23.95
2014-07-24,24.35,24.99,24.25,24.65,111600,24.65
2014-07-23,24.64,24.99,24.46,24.56,77300,24.56
2014-07-22,24.15,24.78,23.70,24.47,210100,24.47
2014-07-21,23.57,23.86,23.20,23.85,63500,23.85
2014-07-18,24.15,24.23,23.50,23.56,97700,23.56
2014-07-17,25.04,25.10,24.05,24.24,129800,24.24
2014-07-16,25.70,26.02,25.00,25.06,98500,25.06
2014-07-15,26.16,26.16,25.18,25.20,137100,25.20
2014-07-14,26.04,26.44,25.90,26.21,69200,26.21
2014-07-11,25.79,25.99,25.25,25.73,42700,25.73
2014-07-10,25.23,26.44,25.21,25.85,110400,25.85
2014-07-09,25.72,26.04,25.21,25.61,48700,25.61
2014-07-08,26.23,26.26,25.12,25.75,75500,25.75
2014-07-07,26.59,26.76,25.75,25.93,49000,25.93
2014-07-03,26.01,26.85,25.84,26.72,94400,26.72
2014-07-02,26.21,26.60,25.72,25.78,65100,25.78
2014-07-01,26.23,26.45,25.76,26.24,50700,26.24
2014-06-30,26.04,26.29,25.96,25.98,37400,25.98
2014-06-27,26.16,26.26,25.86,25.96,56700,25.96
2014-06-26,25.66,26.09,25.53,25.83,59700,25.83
2014-06-25,25.10,25.90,25.10,25.49,85100,25.49
2014-06-24,25.11,25.62,25.00,25.03,99400,25.03
2014-06-23,25.26,25.48,25.00,25.21,66900,25.21
2014-06-20,25.25,25.75,25.15,25.31,107600,25.31
2014-06-19,25.65,25.65,25.15,25.30,64700,25.30
2014-06-18,25.85,25.85,25.45,25.50,39900,25.50
2014-06-17,25.36,25.93,25.12,25.72,54800,25.72
2014-06-16,25.43,25.60,25.10,25.47,59800,25.47
2014-06-13,25.72,26.09,25.30,25.56,152200,25.56
2014-06-12,26.00,26.24,25.52,25.64,130500,25.64
2014-06-11,26.32,26.58,25.80,25.89,77900,25.89
2014-06-10,26.73,27.30,26.32,26.59,76900,26.59
2014-06-09,27.00,27.50,26.39,26.57,136400,26.57
2014-06-06,26.54,26.90,26.49,26.64,38600,26.64
2014-06-05,26.10,26.95,26.10,26.60,87000,26.60
2014-06-04,26.03,26.72,25.92,26.07,89400,26.07
2014-06-03,26.73,26.73,26.11,26.20,92600,26.20
2014-06-02,27.00,27.00,26.32,26.94,72700,26.94
2014-05-30,27.51,27.88,26.71,27.00,71800,27.00
2014-05-29,26.98,27.80,26.91,27.51,110900,27.51
2014-05-28,26.47,26.98,26.41,26.81,112000,26.81
2014-05-27,26.12,26.62,26.08,26.61,95500,26.61
2014-05-23,25.91,26.15,25.77,26.09,50600,26.09
2014-05-22,25.98,26.25,25.92,26.00,75000,26.00
2014-05-21,26.45,26.45,25.80,26.04,107800,26.04
2014-05-20,26.12,26.56,25.77,26.24,92000,26.24
2014-05-19,26.22,26.41,25.90,26.13,176100,26.13
2014-05-16,25.95,26.41,25.39,26.38,220000,26.38
2014-05-15,26.15,26.44,25.92,26.28,230600,26.28
2014-05-14,26.57,26.71,26.01,26.08,98700,26.08
2014-05-13,26.11,26.74,26.00,26.48,186000,26.48
2014-05-12,25.51,26.32,25.51,26.03,110400,26.03
2014-05-09,25.09,25.66,24.88,25.25,130500,25.25
2014-05-08,26.00,26.61,25.06,25.09,291700,25.09
2014-05-07,26.73,27.13,25.43,25.71,365100,25.71
2014-05-06,27.66,28.00,26.73,26.80,267800,26.80
2014-05-05,27.64,27.90,27.22,27.68,264400,27.68
2014-05-02,28.12,28.41,27.41,27.82,203200,27.82
2014-05-01,28.01,28.56,27.88,28.15,285300,28.15
2014-04-30,27.04,28.18,27.02,28.03,308700,28.03
2014-04-29,27.96,28.45,26.66,27.66,255200,27.66
2014-04-28,24.98,28.12,24.80,27.94,431400,27.94
2014-04-25,26.50,26.79,25.61,26.65,519000,26.65
2014-04-24,27.23,27.23,26.37,26.75,377000,26.75
2014-04-23,27.60,27.90,27.13,27.15,236000,27.15
2014-04-22,27.81,28.11,27.51,27.70,261300,27.70
2014-04-21,28.03,28.80,27.56,27.85,121500,27.85
2014-04-17,27.79,28.40,27.70,28.06,163900,28.06
2014-04-16,28.36,28.36,27.40,27.76,195000,27.76
2014-04-15,28.17,28.43,27.05,27.67,282900,27.67
2014-04-14,28.77,28.85,27.82,28.30,217900,28.30
2014-04-11,28.55,28.96,27.87,28.67,161200,28.67
2014-04-10,29.99,29.99,28.35,28.75,349700,28.75
2014-04-09,28.91,30.15,28.31,30.06,269500,30.06
2014-04-08,27.98,28.81,27.54,28.78,281800,28.78
2014-04-07,28.78,28.78,27.20,28.00,217000,28.00
2014-04-04,29.64,29.64,27.66,29.06,254000,29.06
2014-04-03,29.92,29.92,29.09,29.77,158600,29.77
2014-04-02,29.85,30.00,29.14,30.00,191100,30.00
2014-04-01,29.45,30.42,29.45,30.00,557600,30.00
2014-03-31,29.23,29.84,29.02,29.52,300900,29.52
2014-03-28,28.27,29.00,27.85,28.98,245800,28.98
2014-03-27,28.49,28.50,27.35,27.84,507400,27.84
2014-03-26,28.57,28.88,27.61,28.25,218600,28.25
2014-03-25,28.79,29.80,28.08,28.26,197600,28.26
2014-03-24,28.92,29.39,28.35,28.60,178700,28.60
2014-03-21,29.30,29.92,28.81,28.93,421100,28.93
2014-03-20,28.49,30.17,28.05,28.96,736800,28.96
2014-03-19,28.78,29.58,27.75,28.07,200600,28.07
2014-03-18,28.31,29.35,27.83,28.87,262200,28.87
2014-03-17,28.15,28.99,28.00,28.27,228600,28.27
2014-03-14,27.07,28.21,26.95,27.83,255700,27.83
2014-03-13,28.38,28.90,26.92,27.49,1117700,27.49
2014-03-12,28.30,28.77,27.74,28.30,379300,28.30
2014-03-11,31.11,31.30,28.10,28.18,423700,28.18
2014-03-10,31.04,31.45,29.21,31.01,326900,31.01
2014-03-07,31.92,32.00,30.89,31.24,338000,31.24
2014-03-06,31.50,32.20,31.13,31.25,585300,31.25
2014-03-05,31.00,32.27,31.00,31.09,458900,31.09
2014-03-04,31.01,32.00,30.91,30.93,401400,30.93
2014-03-03,29.88,31.00,29.50,30.85,781200,30.85
2014-02-28,28.47,29.50,28.47,29.24,495100,29.24
2014-02-27,28.05,28.75,27.91,28.37,518300,28.37
2014-02-26,28.27,28.48,27.78,28.09,327500,28.09
2014-02-25,28.55,28.88,27.91,28.14,294300,28.14
2014-02-24,28.80,29.82,28.50,28.50,329400,28.50
2014-02-21,27.77,30.60,27.60,28.87,761600,28.87
2014-02-20,28.00,28.68,27.49,27.99,226300,27.99
2014-02-19,28.75,28.88,27.85,27.95,377700,27.95
2014-02-18,27.41,29.00,27.32,28.80,811000,28.80
2014-02-14,27.92,27.92,26.00,27.16,780500,27.16
2014-02-13,26.29,26.92,26.10,26.90,341500,26.90
2014-02-12,25.77,26.58,25.62,26.15,668100,26.15
2014-02-11,26.01,26.64,25.18,26.16,1071400,26.16
2014-02-10,26.15,27.38,25.00,26.74,2865600,26.74
2014-02-07,28.17,30.09,28.16,29.95,554200,29.95
2014-02-06,27.86,28.59,27.69,28.09,515900,28.09
2014-02-05,28.75,28.89,27.69,27.82,324400,27.82
2014-02-04,28.90,29.39,28.22,28.90,273700,28.90
2014-02-03,29.99,30.42,28.54,28.68,287200,28.68
2014-01-31,29.99,30.86,29.50,30.03,236500,30.03
2014-01-30,30.52,30.70,30.01,30.24,112300,30.24
2014-01-29,30.76,31.16,30.01,30.13,259200,30.13
2014-01-28,30.60,31.69,29.97,31.19,216100,31.19
2014-01-27,30.02,30.02,28.60,29.27,296600,29.27
2014-01-24,30.70,30.70,29.60,29.82,208500,29.82
2014-01-23,30.16,31.03,29.65,30.90,253800,30.90
2014-01-22,30.86,31.00,30.21,30.74,140500,30.74
2014-01-21,30.55,31.20,30.17,30.69,207300,30.69
2014-01-17,30.30,30.96,30.01,30.50,260300,30.50
2014-01-16,30.84,31.13,30.60,30.87,116000,30.87
2014-01-15,30.61,31.02,30.61,30.92,163000,30.92
2014-01-14,30.31,31.03,30.20,30.60,154500,30.60
2014-01-13,31.51,31.51,30.05,30.29,277200,30.29
2014-01-10,32.51,32.74,30.80,31.51,303600,31.51
2014-01-09,34.00,34.32,32.55,32.73,200100,32.73
2014-01-08,32.28,33.86,32.28,33.70,187600,33.70
2014-01-07,31.20,32.52,31.20,32.44,106800,32.44
2014-01-06,31.46,31.46,30.51,31.14,149400,31.14
2014-01-03,32.17,32.25,31.41,31.46,116500,31.46
2014-01-02,31.99,32.55,31.90,32.24,151300,32.24
2013-12-31,31.90,32.09,31.80,32.05,113900,32.05
2013-12-30,31.60,31.90,31.51,31.82,58300,31.82
2013-12-27,30.93,31.77,30.86,31.59,90500,31.59
2013-12-26,31.16,31.42,30.64,30.95,110800,30.95
2013-12-24,31.00,31.48,31.00,31.42,45300,31.42
2013-12-23,30.77,31.48,30.61,31.03,132500,31.03
2013-12-20,30.29,30.75,30.10,30.71,180300,30.71
2013-12-19,29.90,30.56,29.67,30.55,237700,30.55
2013-12-18,29.90,30.20,29.61,30.08,420700,30.08
2013-12-17,29.66,30.18,29.55,29.90,456900,29.90
2013-12-16,29.88,29.88,29.41,29.59,240100,29.59
2013-12-13,29.39,29.90,29.26,29.85,217600,29.85
2013-12-12,29.50,29.94,29.16,29.50,389100,29.50
2013-12-11,29.87,30.00,29.47,29.58,358800,29.58
2013-12-10,29.48,30.17,29.40,29.93,269300,29.93
2013-12-09,29.85,30.44,29.25,29.80,303100,29.80
2013-12-06,29.36,30.66,29.23,29.83,402300,29.83
2013-12-05,29.12,29.42,28.78,29.36,161400,29.36
2013-12-04,28.00,29.41,27.97,29.22,313000,29.22
2013-12-03,27.44,28.47,27.44,28.12,237700,28.12
2013-12-02,28.18,28.59,27.34,28.17,346100,28.17
2013-11-29,27.51,28.57,27.41,28.16,233700,28.16
2013-11-27,27.94,28.10,27.57,27.72,147000,27.72
2013-11-26,28.30,28.68,27.89,28.01,396800,28.01
2013-11-25,27.50,28.18,26.52,28.07,611900,28.07
2013-11-22,27.79,28.03,27.30,27.39,364700,27.39
2013-11-21,27.82,28.20,27.47,27.68,282100,27.68
2013-11-20,27.98,28.40,27.61,27.82,293500,27.82
2013-11-19,29.66,29.66,27.70,28.01,343200,28.01
2013-11-18,29.48,30.24,29.16,29.60,415100,29.60
2013-11-15,29.55,29.55,28.68,29.22,233200,29.22
2013-11-14,29.98,29.98,28.92,29.36,250800,29.36
2013-11-13,27.85,29.88,27.85,29.78,358800,29.78
2013-11-12,27.70,28.01,27.60,27.92,218100,27.92
2013-11-11,27.53,27.98,27.05,27.83,156500,27.83
2013-11-08,27.00,27.45,26.71,27.42,222500,27.42
2013-11-07,27.77,27.99,27.00,27.08,288700,27.08
2013-11-06,28.19,28.28,27.60,27.77,180200,27.77
2013-11-05,28.53,28.54,28.01,28.09,319900,28.09
2013-11-04,28.30,28.65,28.03,28.56,469100,28.56
2013-11-01,27.75,28.36,27.60,28.27,324100,28.27
2013-10-31,27.74,28.00,27.51,27.76,344700,27.76
2013-10-30,28.59,28.90,27.70,27.82,709600,27.82
2013-10-29,28.68,29.39,28.20,28.93,754600,28.93
2013-10-28,30.10,31.00,28.50,28.50,2723400,28.50
2013-10-25,37.50,37.77,35.20,35.71,693000,35.71
2013-10-24,37.70,38.09,36.99,37.44,138300,37.44
2013-10-23,37.69,38.63,37.43,37.55,222200,37.55
2013-10-22,38.16,38.38,37.01,38.06,283700,38.06
2013-10-21,37.74,38.73,37.74,37.98,213600,37.98
2013-10-18,36.97,38.09,36.96,37.55,355100,37.55
2013-10-17,36.89,37.26,36.51,36.96,303500,36.96
2013-10-16,37.96,38.20,37.17,37.27,452700,37.27
2013-10-15,39.00,39.20,37.30,37.55,428700,37.55
2013-10-14,38.04,39.71,37.87,39.24,419800,39.24
2013-10-11,37.18,38.73,36.85,38.09,488800,38.09
2013-10-10,36.87,37.74,36.48,37.52,170600,37.52
2013-10-09,35.54,36.75,35.30,36.12,248200,36.12
2013-10-08,37.78,38.25,35.36,35.54,412800,35.54
2013-10-07,39.99,39.99,37.21,38.00,677700,38.00
2013-10-04,37.95,41.64,37.60,40.00,870800,40.00
2013-10-03,36.00,37.87,36.00,37.43,386500,37.43
2013-10-02,35.43,36.08,34.96,35.89,320900,35.89
2013-10-01,35.59,35.91,35.06,35.90,157300,35.90
2013-09-30,35.00,36.31,34.00,35.52,353800,35.52
2013-09-27,36.10,36.38,34.63,34.76,201600,34.76
2013-09-26,33.03,36.67,33.01,36.05,515300,36.05
2013-09-25,32.50,33.50,32.23,32.68,163600,32.68
2013-09-24,32.42,32.66,31.51,32.39,176400,32.39
2013-09-23,33.00,33.18,32.00,32.30,157600,32.30
2013-09-20,33.00,33.45,32.86,32.96,273800,32.96
2013-09-19,32.19,33.33,32.01,33.01,260100,33.01
2013-09-18,31.32,32.60,31.21,31.95,386800,31.95
2013-09-17,31.40,31.70,30.57,30.90,192400,30.90
2013-09-16,31.54,31.75,31.10,31.37,192600,31.37
2013-09-13,31.50,31.77,30.61,31.14,111400,31.14
2013-09-12,31.81,31.91,31.10,31.44,202400,31.44
2013-09-11,30.88,31.50,30.50,31.45,205600,31.45
2013-09-10,30.45,31.27,30.25,31.17,141100,31.17
2013-09-09,30.03,30.47,29.54,30.27,151200,30.27
2013-09-06,28.81,29.88,28.65,29.74,221300,29.74
2013-09-05,28.90,29.09,28.57,28.66,206800,28.66
2013-09-04,28.90,29.20,28.51,28.95,173600,28.95
2013-09-03,28.44,29.39,28.21,28.99,208600,28.99
2013-08-30,28.63,28.76,27.83,27.92,115200,27.92
2013-08-29,28.25,29.03,27.85,28.74,119200,28.74
2013-08-28,27.85,28.90,27.85,28.54,183900,28.54
2013-08-27,29.51,29.69,27.72,27.84,261900,27.84
2013-08-26,29.51,30.08,29.41,29.73,71300,29.73
2013-08-23,29.55,29.85,29.39,29.46,218500,29.46
2013-08-22,29.40,29.63,29.27,29.45,51700,29.45
2013-08-21,29.51,29.90,29.18,29.26,155800,29.26
2013-08-20,29.80,30.02,29.54,29.67,153000,29.67
2013-08-19,29.76,30.15,29.63,29.75,166600,29.75
2013-08-16,30.00,30.18,29.51,29.76,199800,29.76
2013-08-15,29.81,30.15,29.50,29.83,381400,29.83
2013-08-14,30.20,30.56,29.79,29.86,209800,29.86
2013-08-13,30.02,31.20,29.84,30.19,498900,30.19
2013-08-12,30.00,30.32,29.80,29.90,217100,29.90
2013-08-09,29.80,30.73,29.80,30.05,250600,30.05
2013-08-08,30.89,31.40,29.72,29.77,409300,29.77
2013-08-07,31.59,31.97,30.69,30.82,339600,30.82
2013-08-06,32.00,32.65,31.68,32.17,291100,32.17
2013-08-05,32.00,33.27,32.00,32.58,397000,32.58
2013-08-02,33.00,33.00,31.20,31.96,349000,31.96
2013-08-01,32.96,33.55,32.80,33.17,189400,33.17
2013-07-31,32.63,33.02,31.89,32.54,270600,32.54
2013-07-30,33.06,33.25,31.90,32.71,414700,32.71
2013-07-29,35.88,36.46,32.29,32.90,1490800,32.90
2013-07-26,39.51,41.60,39.40,41.07,454100,41.07
2013-07-25,39.96,40.00,38.80,39.36,118500,39.36
2013-07-24,39.93,39.98,39.41,39.59,127500,39.59
2013-07-23,39.42,39.73,39.12,39.38,123800,39.38
2013-07-22,39.10,39.60,38.50,39.12,146600,39.12
2013-07-19,38.37,39.77,37.72,39.09,289900,39.09
2013-07-18,36.71,38.53,36.23,37.99,254100,37.99
2013-07-17,34.68,36.79,34.45,36.71,204300,36.71
2013-07-16,35.36,35.36,33.99,34.34,168800,34.34
2013-07-15,33.01,35.31,33.00,35.28,312600,35.28
2013-07-12,32.10,33.21,32.10,33.10,82800,33.10
2013-07-11,32.00,32.24,31.79,32.23,97300,32.23
2013-07-10,31.62,32.06,31.62,31.91,215000,31.91
2013-07-09,31.19,31.66,31.08,31.57,89700,31.57
2013-07-08,30.70,31.64,30.54,31.06,122900,31.06
2013-07-05,30.31,30.69,30.18,30.49,112300,30.49
2013-07-03,30.19,30.54,29.99,30.22,103200,30.22
2013-07-02,30.62,30.94,29.97,30.25,193600,30.25
2013-07-01,30.50,30.83,30.35,30.54,110300,30.54
2013-06-28,29.73,30.56,29.50,30.44,127200,30.44
2013-06-27,29.92,30.40,29.50,29.88,109400,29.88
2013-06-26,29.33,29.95,28.98,29.95,140900,29.95
2013-06-25,27.80,29.34,27.80,29.18,106400,29.18
2013-06-24,28.79,28.87,27.07,27.66,230100,27.66
2013-06-21,29.42,29.69,28.64,28.93,150900,28.93
2013-06-20,31.55,31.55,29.14,29.33,262000,29.33
2013-06-19,31.98,31.98,31.58,31.70,104200,31.70
2013-06-18,31.67,32.27,31.46,31.78,215600,31.78
2013-06-17,31.30,31.93,30.92,31.48,72900,31.48
2013-06-14,31.42,31.52,30.81,31.01,104200,31.01
2013-06-13,31.39,31.55,30.94,31.43,67600,31.43
2013-06-12,31.54,31.90,30.86,31.41,120300,31.41
2013-06-11,31.59,31.59,30.77,31.27,135700,31.27
2013-06-10,31.74,32.49,31.15,31.82,194600,31.82
2013-06-07,30.57,31.99,30.48,31.69,236200,31.69
2013-06-06,30.24,30.60,29.74,30.49,61000,30.49
2013-06-05,30.56,30.96,30.30,30.40,75400,30.40
2013-06-04,29.99,30.90,29.99,30.74,105600,30.74
2013-06-03,30.87,30.87,29.65,29.90,167300,29.90
2013-05-31,31.00,31.66,30.66,30.75,191300,30.75
2013-05-30,30.76,32.23,30.75,31.07,323600,31.07
2013-05-29,30.00,30.91,29.77,30.74,251900,30.74
2013-05-28,29.56,30.31,29.18,30.06,200500,30.06
2013-05-24,29.18,29.54,28.98,29.49,56700,29.49
2013-05-23,29.44,29.50,28.60,29.18,117800,29.18
2013-05-22,31.54,31.71,29.68,29.76,225200,29.76
2013-05-21,32.18,32.50,31.29,31.53,238700,31.53
2013-05-20,30.20,32.49,30.20,32.49,243600,32.49
2013-05-17,30.98,31.25,30.00,30.12,196100,30.12
2013-05-16,29.95,30.75,29.95,30.72,296000,30.72
2013-05-15,29.76,30.41,29.17,30.24,330700,30.24
2013-05-14,30.17,30.30,29.55,29.75,198400,29.75
2013-05-13,29.97,30.71,29.80,30.30,136600,30.30
2013-05-10,30.10,30.86,29.87,29.95,123300,29.95
2013-05-09,31.68,31.98,29.93,30.16,279100,30.16
2013-05-08,30.41,32.00,29.73,31.39,249300,31.39
2013-05-07,30.35,30.37,30.06,30.33,125900,30.33
2013-05-06,29.05,30.37,28.99,30.05,131200,30.05
2013-05-03,28.19,29.48,28.11,28.93,250500,28.93
2013-05-02,29.14,29.23,27.32,28.00,710000,28.00
2013-05-01,28.83,29.18,28.76,29.06,113000,29.06
2013-04-30,28.85,29.22,28.75,29.00,126600,29.00
2013-04-29,29.80,29.90,27.88,28.98,383100,28.98
2013-04-26,29.53,30.74,29.52,30.10,202500,30.10
2013-04-25,29.88,29.95,29.34,29.71,98500,29.71
2013-04-24,29.41,29.97,29.09,29.96,65500,29.96
2013-04-23,29.03,29.67,29.03,29.51,87500,29.51
2013-04-22,28.38,29.32,28.07,29.06,218200,29.06
2013-04-19,28.15,28.55,28.01,28.13,57400,28.13
2013-04-18,27.99,28.61,27.84,28.10,65600,28.10
2013-04-17,28.01,28.32,27.83,28.00,54900,28.00
2013-04-16,28.48,28.48,27.83,28.12,100400,28.12
2013-04-15,28.62,28.69,28.06,28.20,127200,28.20
2013-04-12,28.90,28.97,28.49,28.50,189400,28.50
2013-04-11,28.60,28.89,28.38,28.80,172700,28.80
2013-04-10,28.16,28.80,28.10,28.60,70300,28.60
2013-04-09,27.96,28.28,27.83,28.03,127400,28.03
2013-04-08,28.19,28.40,27.75,28.00,218700,28.00
2013-04-05,27.83,28.39,27.42,28.27,138300,28.27
2013-04-04,27.91,28.64,27.50,28.29,102800,28.29
2013-04-03,28.12,28.13,27.43,27.72,116300,27.72
2013-04-02,28.94,28.94,27.80,28.01,143400,28.01
2013-04-01,28.90,29.52,28.88,28.89,94600,28.89
2013-03-28,28.65,29.29,28.62,28.89,278800,28.89
2013-03-27,28.45,28.79,28.16,28.60,59100,28.60
2013-03-26,28.71,28.91,28.44,28.53,116600,28.53
2013-03-25,28.48,28.77,28.01,28.71,68100,28.71
2013-03-22,28.21,28.65,27.76,28.43,114600,28.43
2013-03-21,28.52,28.95,27.63,28.01,298300,28.01
2013-03-20,28.19,28.70,27.96,28.23,145000,28.23
2013-03-19,27.87,28.26,27.87,28.08,164800,28.08
2013-03-18,27.33,28.21,26.82,27.85,172500,27.85
2013-03-15,28.50,28.52,27.62,27.64,198100,27.64
2013-03-14,28.21,28.89,28.00,28.48,133200,28.48
2013-03-13,29.86,29.86,28.02,28.05,342000,28.05
2013-03-12,29.78,30.11,29.70,29.98,103400,29.98
2013-03-11,29.58,30.05,29.58,30.00,94900,30.00
2013-03-08,29.94,30.04,29.42,29.98,101700,29.98
2013-03-07,30.00,30.12,29.08,29.57,248500,29.57
2013-03-06,30.05,30.18,29.33,29.55,507000,29.55
2013-03-05,28.89,32.34,28.20,32.24,629400,32.24
2013-03-04,29.40,29.40,28.21,28.81,244400,28.81
2013-03-01,29.52,30.11,29.18,29.35,135800,29.35
2013-02-28,30.52,30.61,28.80,29.86,196000,29.86
2013-02-27,30.50,30.81,30.36,30.69,63000,30.69
2013-02-26,30.67,30.67,30.06,30.48,145500,30.48
2013-02-25,30.47,30.80,30.24,30.47,113200,30.47
2013-02-22,29.13,30.54,28.62,30.49,243800,30.49
2013-02-21,29.74,30.13,29.26,29.43,220300,29.43
2013-02-20,30.41,31.08,29.89,29.91,126600,29.91
2013-02-19,30.47,30.73,30.10,30.38,89400,30.38
2013-02-15,30.45,30.73,30.43,30.48,66600,30.48
2013-02-14,30.00,30.68,29.96,30.44,32800,30.44
2013-02-13,30.12,30.46,29.86,30.27,58400,30.27
2013-02-12,30.72,31.00,29.95,30.02,118900,30.02
2013-02-11,30.38,30.86,30.30,30.77,43200,30.77
2013-02-08,29.68,31.00,29.42,30.59,117700,30.59
2013-02-07,29.50,29.89,29.32,29.59,231300,29.59
2013-02-06,28.12,29.76,27.92,29.52,263100,29.52
2013-02-05,27.90,28.45,27.21,28.09,243800,28.09
2013-02-04,32.90,32.90,28.03,28.19,1044600,28.19
2013-02-01,31.98,31.98,31.05,31.30,158300,31.30
2013-01-31,31.06,31.32,30.45,30.80,144500,30.80
2013-01-30,30.37,31.29,30.25,30.97,106000,30.97
2013-01-29,29.62,30.85,29.62,30.65,159700,30.65
2013-01-28,30.07,30.49,29.83,30.19,97900,30.19
2013-01-25,31.72,31.72,29.61,29.92,343500,29.92
2013-01-24,31.78,32.09,31.22,31.74,154300,31.74
2013-01-23,32.30,32.65,31.75,31.81,157200,31.81
2013-01-22,31.83,32.49,31.25,32.34,333200,32.34
2013-01-18,30.66,31.72,30.66,31.62,176900,31.62
2013-01-17,31.97,31.99,30.61,30.81,174600,30.81
2013-01-16,31.57,32.00,31.32,31.98,179600,31.98
2013-01-15,30.63,31.80,30.36,31.41,186300,31.41
2013-01-14,30.66,30.96,30.42,30.62,60500,30.62
2013-01-11,30.38,30.93,30.10,30.44,105100,30.44
2013-01-10,30.00,31.23,29.75,30.38,204800,30.38
2013-01-09,28.67,30.00,28.18,29.81,192000,29.81
2013-01-08,29.32,29.32,28.10,28.49,168500,28.49
2013-01-07,28.84,30.00,28.84,29.14,145100,29.14
2013-01-04,28.40,29.52,28.18,29.12,354500,29.12
2013-01-03,27.44,28.43,27.20,28.26,125600,28.26
2013-01-02,27.00,27.77,26.64,27.49,201300,27.49
2012-12-31,26.70,26.75,26.10,26.34,134200,26.34
2012-12-28,25.94,26.90,25.50,26.64,104000,26.64
2012-12-27,26.58,26.58,25.73,26.06,75700,26.06
2012-12-26,26.55,26.77,26.39,26.40,54000,26.40
2012-12-24,26.86,26.91,26.34,26.41,45500,26.41
2012-12-21,26.72,27.01,25.80,27.01,398100,27.01
2012-12-20,27.06,27.14,26.51,26.98,119100,26.98
2012-12-19,26.94,27.05,26.80,27.00,163100,27.00
2012-12-18,26.55,26.94,26.55,26.90,102800,26.90
2012-12-17,26.50,26.76,26.14,26.51,177100,26.51
2012-12-14,25.35,26.60,25.35,26.51,150300,26.51
2012-12-13,25.45,25.78,25.13,25.47,337300,25.47
2012-12-12,25.25,25.65,25.07,25.41,141000,25.41
2012-12-11,24.73,25.30,24.47,25.28,133300,25.28
2012-12-10,24.00,24.60,23.60,24.49,82000,24.49
2012-12-07,23.39,24.00,23.23,23.90,169000,23.90
2012-12-06,23.14,23.72,23.01,23.37,236600,23.37
2012-12-05,23.77,24.09,23.04,23.14,151600,23.14
2012-12-04,24.80,24.80,22.81,23.75,258400,23.75
2012-12-03,24.72,24.85,23.85,24.74,109100,24.74
2012-11-30,24.74,24.76,24.52,24.62,55500,24.62
2012-11-29,24.85,24.85,24.42,24.84,150200,24.84
2012-11-28,24.05,24.85,24.04,24.85,187900,24.85
2012-11-27,24.18,24.50,23.97,24.22,84100,24.22
2012-11-26,23.83,24.50,23.65,24.37,58600,24.37
2012-11-23,23.84,24.02,23.51,24.02,72500,24.02
2012-11-21,23.48,23.89,23.32,23.49,72500,23.49
2012-11-20,23.23,23.54,23.19,23.49,54900,23.49
2012-11-19,23.15,23.50,23.02,23.43,199700,23.43
2012-11-16,23.47,23.57,22.49,22.76,246800,22.76
2012-11-15,23.68,24.33,23.29,23.55,136300,23.55
2012-11-14,24.24,25.29,23.32,23.87,639400,23.87
2012-11-13,24.59,24.64,23.69,24.02,127900,24.02
2012-11-12,24.41,24.90,24.10,24.50,89700,24.50
2012-11-09,24.53,24.96,24.27,24.40,54100,24.40
2012-11-08,24.84,25.06,24.45,24.71,55800,24.71
2012-11-07,25.39,25.49,24.60,25.08,114900,25.08
2012-11-06,26.19,26.19,25.11,25.45,136500,25.45
2012-11-05,26.90,27.32,24.75,25.90,373100,25.90
2012-11-02,25.62,25.90,25.30,25.62,194400,25.62
2012-11-01,24.82,25.62,24.82,25.37,100600,25.37
2012-10-31,23.97,25.07,23.94,24.85,187300,24.85
2012-10-26,23.94,24.14,23.88,23.98,24000,23.98
2012-10-25,23.98,24.40,23.91,24.08,61500,24.08
2012-10-24,24.16,24.44,23.78,23.87,66900,23.87
2012-10-23,23.70,24.25,23.70,24.09,106200,24.09
2012-10-22,23.50,24.71,23.50,24.15,135400,24.15
2012-10-19,24.60,25.01,23.28,24.40,133400,24.40
2012-10-18,25.41,25.71,24.60,24.81,87800,24.81
2012-10-17,25.25,25.83,24.95,25.31,98500,25.31
2012-10-16,24.96,25.22,24.66,25.14,75400,25.14
2012-10-15,25.00,25.22,24.69,24.93,62400,24.93
2012-10-12,25.18,25.31,24.79,24.96,41400,24.96
2012-10-11,24.84,25.35,24.78,25.23,47400,25.23
2012-10-10,24.98,25.13,24.58,24.80,64200,24.80
2012-10-09,25.39,25.86,24.80,25.10,175500,25.10
2012-10-08,25.60,25.73,25.31,25.62,42700,25.62
2012-10-05,25.91,26.00,25.60,25.65,36100,25.65
2012-10-04,25.80,26.11,25.47,25.86,59400,25.86
2012-10-03,25.80,26.18,25.38,25.71,84800,25.71
2012-10-02,25.87,26.17,25.54,25.78,99700,25.78
2012-10-01,26.36,26.36,25.45,25.72,89300,25.72
2012-09-28,25.98,26.34,25.59,26.24,90900,26.24
2012-09-27,25.80,26.06,25.39,25.95,108500,25.95
2012-09-26,25.31,25.75,25.01,25.62,171200,25.62
2012-09-25,25.74,25.97,25.12,25.21,89800,25.21
2012-09-24,25.23,25.91,25.00,25.68,153800,25.68
2012-09-21,26.20,26.36,25.17,25.25,226100,25.25
2012-09-20,27.07,27.43,25.78,26.07,226000,26.07
2012-09-19,27.65,27.74,27.08,27.14,128000,27.14
2012-09-18,26.80,27.47,26.80,27.47,167200,27.47
2012-09-17,26.00,27.43,26.00,26.87,202600,26.87
2012-09-14,25.95,27.18,25.95,26.91,207700,26.91
2012-09-13,25.46,26.01,25.25,25.95,127300,25.95
2012-09-12,25.75,26.30,25.09,25.22,235900,25.22
2012-09-11,25.31,25.88,25.09,25.54,246300,25.54
2012-09-10,25.28,25.87,25.07,25.62,327200,25.62
2012-09-07,24.92,25.66,24.61,25.48,324800,25.48
2012-09-06,24.09,24.95,23.85,24.56,286700,24.56
2012-09-05,23.21,24.29,23.13,24.05,490600,24.05
2012-09-04,23.05,23.85,22.76,23.72,248100,23.72
2012-08-31,22.96,23.35,22.24,23.24,242700,23.24
2012-08-30,23.05,23.05,22.36,22.49,185800,22.49
2012-08-29,22.78,23.23,22.65,22.98,192100,22.98
2012-08-28,22.77,23.00,22.36,22.87,211800,22.87
2012-08-27,23.46,23.46,22.82,23.02,152000,23.02
2012-08-24,22.77,23.84,22.51,23.10,217300,23.10
2012-08-23,23.07,23.20,22.53,22.96,171100,22.96
2012-08-22,22.30,23.04,22.14,22.95,238800,22.95
2012-08-21,23.23,23.38,22.21,22.39,347200,22.39
2012-08-20,23.41,24.44,22.76,23.39,585400,23.39
2012-08-17,22.50,23.98,22.50,23.41,470900,23.41
2012-08-16,21.53,22.83,21.02,22.53,359400,22.53
2012-08-15,20.51,21.88,20.35,21.69,607900,21.69
2012-08-14,24.97,24.97,24.00,24.16,433800,20.36
2012-08-13,24.14,24.51,23.77,24.39,301600,20.55
2012-08-10,23.90,23.96,23.46,23.84,222500,20.09
2012-08-09,23.31,23.65,22.68,23.55,272800,19.85
2012-08-08,24.00,24.26,22.83,22.99,288100,19.37
2012-08-07,23.59,24.68,23.14,24.04,748100,20.26
2012-08-06,23.01,23.40,21.50,23.00,1791900,19.38
2012-08-03,19.24,20.32,19.08,19.37,396200,16.32
2012-08-02,21.79,21.80,18.70,18.72,306300,15.78
2012-08-01,18.99,20.18,18.49,19.97,300400,16.83
2012-07-31,18.17,19.13,17.89,18.99,297400,16.00
2012-07-30,18.19,18.70,18.00,18.17,134700,15.31
2012-07-27,17.34,18.27,17.10,18.12,122800,15.27
2012-07-26,17.58,18.02,17.00,17.17,102300,14.47
2012-07-25,17.72,18.05,17.20,17.39,95200,14.65
2012-07-24,17.81,18.18,17.42,17.64,169900,14.87
2012-07-23,18.63,18.76,17.63,17.81,196700,15.01
2012-07-20,18.84,19.16,18.79,19.03,70500,16.04
2012-07-19,18.70,19.24,18.70,18.97,185300,15.99
2012-07-18,18.68,19.17,18.33,18.74,215500,15.79
2012-07-17,19.14,19.16,17.70,18.50,165100,15.59
2012-07-16,19.60,19.79,19.05,19.11,122000,16.10
2012-07-13,20.01,20.21,19.62,19.75,50500,16.64
2012-07-12,19.72,20.09,19.39,20.03,78500,16.88
2012-07-11,19.92,20.27,19.60,19.85,95400,16.73
2012-07-10,20.31,20.98,19.75,20.01,87300,16.86
2012-07-09,20.80,20.80,20.00,20.06,76800,16.90
2012-07-06,20.82,20.93,20.54,20.78,90300,17.51
2012-07-05,20.75,21.20,20.75,21.05,91200,17.74
2012-07-03,21.13,21.22,20.88,20.97,61800,17.67
2012-07-02,21.10,21.34,20.97,21.32,62900,17.97
2012-06-29,21.00,21.38,20.85,21.11,199200,17.79
2012-06-28,21.29,21.53,20.61,20.86,290300,17.58
2012-06-27,20.95,21.78,20.95,21.35,199300,17.99
2012-06-26,20.97,21.20,20.66,20.91,78000,17.62
2012-06-25,20.81,21.16,20.63,21.03,110900,17.72
2012-06-22,20.59,21.31,20.26,21.04,154900,17.73
2012-06-21,21.37,21.37,20.41,20.56,74500,17.33
2012-06-20,21.04,21.70,21.03,21.23,136500,17.89
2012-06-19,20.35,21.21,20.30,20.90,89300,17.61
2012-06-18,20.24,20.58,20.13,20.33,69200,17.13
2012-06-15,20.36,20.59,20.19,20.37,131200,17.17
2012-06-14,20.73,20.83,20.12,20.35,68300,17.15
2012-06-13,20.89,21.24,20.44,20.57,71100,17.33
2012-06-12,20.86,21.15,20.58,20.93,79600,17.64
2012-06-11,21.54,21.67,20.82,20.88,173500,17.60
2012-06-08,21.45,21.53,21.07,21.18,84800,17.85
2012-06-07,21.84,22.17,21.36,21.57,119000,18.18
2012-06-06,21.32,22.69,21.28,21.68,189800,18.27
2012-06-05,21.05,21.22,20.86,21.17,81900,17.84
2012-06-04,21.86,22.21,20.71,21.05,144500,17.74
2012-06-01,21.79,22.14,21.50,21.82,95400,18.39
2012-05-31,22.00,22.18,21.63,22.05,176700,18.58
2012-05-30,22.22,22.30,21.79,22.00,167200,18.54
2012-05-29,21.90,22.63,21.84,22.57,104600,19.02
2012-05-25,21.59,21.99,21.57,21.81,53300,18.38
2012-05-24,22.26,22.42,21.47,21.69,279900,18.28
2012-05-23,21.83,22.48,21.58,22.35,132000,18.83
2012-05-22,22.70,22.87,21.78,21.94,94900,18.49
2012-05-21,22.21,22.62,21.94,22.51,107600,18.97
2012-05-18,22.55,22.55,22.01,22.05,153000,18.58
2012-05-17,23.10,23.16,22.04,22.24,196600,18.74
2012-05-16,22.35,23.20,22.30,23.03,263000,19.41
2012-05-15,22.51,22.74,22.11,22.23,108200,18.73
2012-05-14,23.16,23.30,22.41,22.67,137000,19.10
2012-05-11,23.16,23.39,22.65,23.28,214000,19.62
2012-05-10,23.41,23.47,22.61,22.86,186000,19.26
2012-05-09,23.50,23.65,22.85,23.39,215900,19.71
2012-05-08,22.30,23.81,22.21,23.65,357000,19.93
2012-05-07,21.98,22.68,21.81,22.35,202800,18.83
2012-05-04,22.80,22.95,21.81,22.05,350400,18.58
2012-05-03,24.10,24.25,22.82,22.99,428800,19.37
2012-05-02,24.78,25.08,23.64,23.72,266000,19.99
2012-05-01,23.90,25.05,22.00,24.90,437600,20.98
2012-04-30,25.50,26.10,24.11,24.22,650300,20.41
2012-04-27,24.54,24.65,24.06,24.15,448400,20.35
2012-04-26,24.86,25.04,24.37,24.44,268200,20.60
2012-04-25,24.86,25.25,24.42,24.78,231600,20.88
2012-04-24,24.58,24.88,24.50,24.71,177900,20.82
2012-04-23,25.30,25.62,24.58,24.80,415100,20.90
2012-04-20,26.25,26.27,25.65,25.67,78100,21.63
2012-04-19,26.40,26.66,26.09,26.22,98700,22.10
2012-04-18,26.56,26.87,26.17,26.35,83000,22.21
2012-04-17,26.70,26.95,26.20,26.51,137600,22.34
2012-04-16,27.85,27.87,26.38,26.58,117000,22.40
2012-04-13,27.59,27.90,27.29,27.89,67200,23.50
2012-04-12,27.27,28.05,27.26,27.60,185600,23.26
2012-04-11,26.05,27.45,25.92,27.24,192500,22.96
2012-04-10,26.88,27.03,25.62,25.74,146800,21.69
2012-04-09,26.47,27.27,26.20,26.85,117000,22.63
2012-04-05,27.22,27.22,26.38,26.41,279600,22.26
2012-04-04,28.04,28.45,27.15,27.16,170100,22.89
2012-04-03,28.30,28.87,28.07,28.41,164900,23.94
2012-04-02,27.16,28.50,27.07,28.44,238900,23.97
2012-03-30,27.00,27.44,26.67,27.15,262200,22.88
2012-03-29,28.08,28.08,27.00,27.10,163700,22.84
2012-03-28,28.93,28.93,27.97,28.35,280100,23.89
2012-03-27,29.00,29.39,28.80,29.08,205000,24.51
2012-03-26,27.96,28.99,27.74,28.98,224600,24.42
2012-03-23,26.94,28.17,26.68,28.00,126500,23.60
2012-03-22,26.87,27.35,26.72,27.05,60900,22.80
2012-03-21,27.59,28.02,26.99,26.99,105100,22.74
2012-03-20,27.31,28.19,27.10,27.59,508200,23.25
2012-03-19,27.64,27.91,27.13,27.31,402200,23.01
2012-03-16,25.88,27.61,25.82,27.59,463100,23.25
2012-03-15,26.30,26.45,25.36,25.74,288300,21.69
2012-03-14,26.99,27.15,25.94,26.18,206500,22.06
2012-03-13,26.90,27.27,26.37,26.98,299900,22.74
2012-03-12,26.57,26.91,25.98,26.17,122600,22.05
2012-03-09,25.99,26.47,25.88,26.29,109000,22.15
2012-03-08,26.25,26.25,25.92,26.07,97700,21.97
2012-03-07,25.29,26.18,24.99,26.12,328500,22.01
2012-03-06,25.03,25.35,24.74,25.09,175600,21.14
2012-03-05,27.25,27.27,25.09,25.35,340100,21.36
2012-03-02,26.41,27.58,26.41,27.44,179800,23.12
2012-03-01,26.54,27.69,26.10,27.11,350700,22.85
2012-02-29,25.63,26.76,25.58,26.51,372600,22.34
2012-02-28,25.60,25.83,25.30,25.50,329600,21.49
2012-02-27,26.01,26.29,25.45,25.50,263800,21.49
2012-02-24,26.38,26.72,26.07,26.32,221100,22.18
2012-02-23,26.48,27.02,26.09,27.02,159700,22.77
2012-02-22,26.70,27.40,26.33,26.40,242300,22.25
2012-02-21,25.74,26.71,25.64,26.71,435800,22.51
2012-02-17,25.56,25.64,25.25,25.44,363900,21.44
2012-02-16,25.73,26.01,25.11,25.38,169700,21.39
2012-02-15,26.33,26.57,25.60,25.84,254300,21.78
2012-02-14,25.90,26.14,25.76,26.14,143400,22.03
2012-02-13,26.27,26.38,25.50,25.81,333700,21.75
2012-02-10,25.63,25.96,25.28,25.45,532400,21.45
2012-02-09,26.59,26.59,25.56,26.01,407900,21.92
2012-02-08,26.20,26.65,26.06,26.44,332200,22.28
2012-02-07,25.31,26.45,24.87,26.22,831100,22.10
2012-02-06,27.27,27.27,25.03,25.31,1886000,21.33
2012-02-03,28.21,29.52,27.95,29.09,835100,24.51
2012-02-02,26.51,28.10,26.50,27.63,444300,23.28
2012-02-01,26.09,26.93,25.49,26.46,361400,22.30
2012-01-31,25.45,25.89,24.61,25.74,358900,21.69
2012-01-30,25.10,25.51,23.88,25.45,557400,21.45
2012-01-27,23.91,25.46,23.91,25.41,392500,21.41
2012-01-26,23.93,24.33,23.68,24.05,212300,20.27
2012-01-25,24.00,24.50,23.22,23.73,102000,20.00
2012-01-24,24.99,24.99,23.75,23.80,156100,20.06
2012-01-23,23.85,24.36,23.54,23.80,210800,20.06
2012-01-20,23.49,24.20,23.31,23.71,273100,19.98
2012-01-19,22.65,23.55,22.36,23.24,365400,19.58
2012-01-18,22.50,22.78,22.36,22.50,148200,18.96
2012-01-17,22.40,22.83,22.32,22.40,335400,18.88
2012-01-13,21.95,22.64,21.83,21.99,289100,18.53
2012-01-12,22.01,22.41,21.79,22.00,364700,18.54
2012-01-11,21.79,22.54,21.77,21.92,388700,18.47
2012-01-10,23.10,23.22,21.80,21.88,783300,18.44
2012-01-09,23.49,23.96,22.61,22.63,285600,19.07
2012-01-06,23.50,23.50,23.05,23.49,166900,19.80
2012-01-05,23.10,23.54,22.11,23.50,236600,19.80
2012-01-04,23.74,24.19,22.96,23.27,200200,19.61
2012-01-03,23.57,24.04,23.17,23.72,159600,19.99
2011-12-30,22.58,23.26,22.24,23.05,136200,19.42
2011-12-29,22.02,22.78,21.95,22.73,174700,19.15
2011-12-28,22.48,22.89,21.97,22.12,160200,18.64
2011-12-27,23.42,23.65,22.57,22.61,92800,19.05
2011-12-23,23.20,24.00,23.11,23.34,164500,19.67
2011-12-22,22.80,23.51,22.71,23.17,120400,19.53
2011-12-21,23.42,23.50,22.40,22.70,175700,19.13
2011-12-20,23.38,24.33,23.01,23.71,250200,19.98
2011-12-19,23.02,23.74,22.88,22.98,213000,19.37
2011-12-16,23.50,24.03,22.71,22.74,334100,19.16
2011-12-15,22.67,23.60,22.44,23.31,206900,19.64
2011-12-14,22.90,23.05,22.25,22.47,109600,18.94
2011-12-13,23.59,23.78,22.85,23.18,100800,19.53
2011-12-12,23.61,23.70,23.26,23.56,117700,19.85
2011-12-09,23.86,24.21,23.75,23.81,184200,20.07
2011-12-08,24.55,24.70,23.80,23.86,106400,20.11
2011-12-07,25.36,25.44,23.91,24.93,200900,21.01
2011-12-06,25.20,25.88,24.80,25.61,179400,21.58
2011-12-05,25.74,25.74,24.82,25.29,202300,21.31
2011-12-02,26.71,26.95,25.36,25.38,231200,21.39
2011-12-01,24.93,26.79,24.36,26.62,563600,22.43
2011-11-30,23.21,24.98,22.16,24.97,453700,21.04
2011-11-29,21.48,22.34,21.22,21.63,228400,18.23
2011-11-28,21.79,22.63,21.22,21.30,219000,17.95
2011-11-25,20.78,21.60,20.71,20.97,138200,17.67
2011-11-23,21.87,22.15,21.32,21.32,144200,17.97
2011-11-22,21.97,22.55,21.16,22.26,149900,18.76
2011-11-21,23.35,23.35,21.44,22.12,885400,18.64
2011-11-18,25.53,25.53,23.54,23.58,500900,19.87
2011-11-17,25.21,26.07,25.18,25.60,222300,21.57
2011-11-16,25.99,26.19,25.28,25.36,272500,21.37
2011-11-15,25.83,26.67,25.78,26.35,160600,22.21
2011-11-14,25.91,26.94,25.91,26.06,181000,21.96
2011-11-11,26.00,26.35,25.69,26.22,146500,22.10
2011-11-10,26.00,26.00,25.51,25.79,145200,21.73
2011-11-09,25.69,26.57,25.29,25.72,191200,21.67
2011-11-08,26.04,26.26,25.28,26.14,565500,22.03
2011-11-07,26.18,26.68,25.65,25.93,536100,21.85
2011-11-04,26.16,26.86,25.91,26.81,177500,22.59
2011-11-03,26.66,26.72,25.71,26.52,244000,22.35
2011-11-02,26.59,27.31,26.36,26.56,246300,22.38
2011-11-01,25.60,27.16,25.24,26.42,778600,22.26
2011-10-31,27.59,28.49,23.78,26.33,1888600,22.19
2011-10-28,29.45,30.53,28.98,30.00,855900,25.28
2011-10-27,30.09,30.09,28.60,28.91,418700,24.36
2011-10-26,29.70,30.20,28.27,28.57,453400,24.08
2011-10-25,30.05,30.20,28.91,29.65,233500,24.99
2011-10-24,28.03,30.22,27.80,30.06,395800,25.33
2011-10-21,27.62,28.81,27.49,27.79,402400,23.42
2011-10-20,27.99,28.55,26.82,26.99,355100,22.74
2011-10-19,27.24,27.32,26.21,26.37,278400,22.22
2011-10-18,30.08,30.08,26.83,27.26,372400,22.97
2011-10-17,29.59,30.60,29.59,30.09,313900,25.36
2011-10-14,31.60,31.75,29.50,30.05,309600,25.32
2011-10-13,30.91,31.44,29.81,30.20,496200,25.45
2011-10-12,33.84,33.84,29.97,31.27,523600,26.35
2011-10-11,31.30,33.70,31.30,32.96,360600,27.78
2011-10-10,29.50,31.74,29.30,31.34,348100,26.41
2011-10-07,28.41,29.49,27.68,28.31,354000,23.86
2011-10-06,26.28,28.93,25.91,28.65,364600,24.14
2011-10-05,24.52,27.99,23.73,26.46,682000,22.30
2011-10-04,23.94,25.07,22.81,24.28,494700,20.46
2011-10-03,25.00,26.12,24.08,24.41,416500,20.57
2011-09-30,26.36,26.70,24.96,25.30,727700,21.32
2011-09-29,28.68,29.47,25.63,26.98,713700,22.74
2011-09-28,29.30,29.69,27.01,27.70,227900,23.34
2011-09-27,29.36,29.81,29.01,29.45,498900,24.82
2011-09-26,29.35,29.73,27.46,28.54,372800,24.05
2011-09-23,29.01,29.89,28.50,29.33,280200,24.72
2011-09-22,30.76,31.75,28.55,29.27,556500,24.67
2011-09-21,32.68,33.26,32.14,32.20,253700,27.14
2011-09-20,32.62,33.13,32.43,32.51,195100,27.40
2011-09-19,33.00,33.28,31.75,32.61,539500,27.48
2011-09-16,33.30,34.69,33.30,33.79,424900,28.48
2011-09-15,36.93,37.20,33.52,34.15,730500,28.78
2011-09-14,37.05,37.49,36.06,36.70,325000,30.93
2011-09-13,37.02,37.50,36.22,36.98,162500,31.16
2011-09-12,36.05,37.70,36.00,36.99,213400,31.17
2011-09-09,36.62,36.99,35.67,36.46,240800,30.73
2011-09-08,36.99,38.03,36.03,37.17,377800,31.32
2011-09-07,36.62,37.50,36.55,37.16,196600,31.32
2011-09-06,35.50,36.38,35.01,36.24,218300,30.54
2011-09-02,37.71,37.71,36.06,36.13,394200,30.45
2011-09-01,41.48,41.48,38.49,38.88,404800,32.76
2011-08-31,39.94,41.89,39.94,40.94,409900,34.50
2011-08-30,38.46,39.50,37.73,39.46,174800,33.25
2011-08-29,37.59,39.08,37.46,38.45,333300,32.40
2011-08-26,35.25,36.81,35.00,36.54,101000,30.79
2011-08-25,36.47,37.21,35.16,35.34,185800,29.78
2011-08-24,37.50,38.15,35.70,36.11,293000,30.43
2011-08-23,36.00,37.87,35.21,37.59,237700,31.68
2011-08-22,36.59,37.80,35.69,36.00,419000,30.34
2011-08-19,35.36,36.96,35.10,35.56,365700,29.97
2011-08-18,37.69,37.69,35.41,35.82,635400,30.19
2011-08-17,40.74,41.47,38.03,39.15,422600,32.99
2011-08-16,42.65,42.97,40.10,40.21,228600,33.89
2011-08-15,43.42,43.64,41.37,43.43,212400,36.60
2011-08-12,42.95,43.38,42.28,42.95,175300,36.19
2011-08-11,41.53,42.92,40.74,42.61,478400,35.91
2011-08-10,40.85,43.34,40.12,41.27,426900,34.78
2011-08-09,40.67,42.48,39.49,41.59,575400,35.05
2011-08-08,39.31,40.49,38.53,39.61,678800,33.38
2011-08-05,41.44,44.00,40.00,42.38,416000,35.71
2011-08-04,45.70,46.39,40.50,41.05,748300,34.59
2011-08-03,47.16,47.69,42.91,46.16,554500,38.90
2011-08-02,46.50,48.80,46.03,47.23,477800,39.80
2011-08-01,50.00,50.00,43.80,46.07,1362000,38.82
2011-07-29,50.15,52.00,49.48,51.83,370200,43.68
2011-07-28,49.52,51.72,49.11,50.72,393900,42.74
2011-07-27,49.84,50.19,48.50,49.76,396800,41.93
2011-07-26,50.00,51.43,49.00,49.42,747000,41.65
2011-07-25,45.79,49.84,45.79,49.20,830300,41.46
2011-07-22,44.75,45.98,44.74,45.96,275800,38.73
2011-07-21,45.51,45.98,43.68,44.50,160700,37.50
2011-07-20,46.52,47.39,45.19,45.58,203100,38.41
2011-07-19,44.94,46.50,44.78,46.44,167300,39.14
2011-07-18,45.61,46.00,43.57,44.40,246000,37.42
2011-07-15,45.41,46.00,44.70,45.59,220100,38.42
2011-07-14,45.39,45.78,43.69,44.48,367700,37.48
2011-07-13,44.31,45.88,43.27,45.47,189000,38.32
2011-07-12,42.23,44.48,41.70,43.69,142200,36.82
2011-07-11,43.76,43.76,42.24,42.50,138500,35.82
2011-07-08,45.26,45.47,43.57,43.89,341700,36.99
2011-07-07,45.87,47.81,45.02,45.18,532300,38.07
2011-07-06,45.47,45.97,45.34,45.57,161300,38.40
2011-07-05,45.24,46.55,45.00,45.32,241200,38.19
2011-07-01,44.19,46.59,43.18,46.14,403600,38.88
2011-06-30,42.37,44.68,42.32,44.03,532400,37.10
2011-06-29,41.74,42.44,41.55,42.43,206800,35.76
2011-06-28,40.92,42.03,40.88,41.35,303300,34.85
2011-06-27,39.79,40.70,39.75,40.70,145200,34.30
2011-06-24,39.63,40.55,39.46,40.05,181500,33.75
2011-06-23,38.76,40.39,38.58,40.00,314200,33.71
2011-06-22,37.73,39.39,37.51,38.89,270100,32.77
2011-06-21,36.47,38.45,36.40,38.21,408600,32.20
2011-06-20,36.72,37.09,36.21,36.48,173700,30.74
2011-06-17,38.24,39.11,36.63,36.72,534100,30.94
2011-06-16,36.35,39.36,36.35,37.66,453400,31.74
2011-06-15,36.52,37.00,35.63,36.35,236600,30.63
2011-06-14,37.55,38.54,36.45,36.61,304000,30.85
2011-06-13,36.82,37.56,36.79,37.33,260700,31.46
2011-06-10,36.80,37.69,36.64,36.91,265200,31.10
2011-06-09,35.94,36.99,35.51,36.80,254100,31.01
2011-06-08,36.12,36.68,35.51,35.70,506600,30.08
2011-06-07,36.11,37.10,35.93,36.13,233800,30.45
2011-06-06,38.74,38.74,35.87,36.02,488800,30.35
2011-06-03,39.11,39.86,38.17,39.00,296800,32.87
2011-06-02,40.60,40.95,39.24,39.89,113400,33.62
2011-06-01,41.42,41.55,40.00,40.25,289700,33.92
2011-05-31,40.53,41.39,40.50,41.30,210700,34.80
2011-05-27,39.92,40.54,39.80,40.37,167200,34.02
2011-05-26,40.30,40.88,39.81,40.01,92000,33.72
2011-05-25,39.90,42.43,39.90,40.13,402400,33.82
2011-05-24,39.85,40.57,39.75,40.03,123000,33.73
2011-05-23,41.27,41.27,39.25,39.37,260700,33.18
2011-05-20,42.25,42.72,41.90,42.13,192100,35.50
2011-05-19,41.86,42.93,41.66,42.52,236700,35.83
2011-05-18,41.04,42.40,41.01,42.04,178400,35.43
2011-05-17,40.36,41.07,39.91,40.84,134100,34.42
2011-05-16,41.92,42.90,39.85,40.25,244000,33.92
2011-05-13,43.51,43.51,41.66,42.00,199700,35.39
2011-05-12,43.69,43.98,42.59,43.14,128600,36.35
2011-05-11,44.20,44.50,43.06,43.48,188800,36.64
2011-05-10,45.35,45.35,44.00,44.46,211400,37.47
2011-05-09,42.07,45.29,41.80,44.76,542500,37.72
2011-05-06,41.54,42.49,40.07,42.27,273000,35.62
2011-05-05,41.13,43.02,41.08,41.27,220900,34.78
2011-05-04,43.25,43.25,40.86,41.86,409300,35.28
2011-05-03,44.10,44.46,42.63,43.47,549800,36.63
2011-05-02,45.32,46.18,44.01,44.09,218900,37.16
2011-04-29,44.30,47.07,43.86,45.32,502000,38.19
2011-04-28,44.81,44.81,43.82,44.31,230300,37.34
2011-04-27,45.66,45.78,43.88,44.30,643900,37.33
2011-04-26,44.68,47.25,44.50,45.54,1592300,38.38
2011-04-25,42.00,44.05,41.02,43.36,1668100,36.54
2011-04-21,37.93,40.01,37.75,39.78,679300,33.52
2011-04-20,39.03,40.00,37.26,37.86,303300,31.91
2011-04-19,36.99,38.73,36.90,38.63,441900,32.55
2011-04-18,34.90,36.35,34.11,36.12,199100,30.44
2011-04-15,35.00,35.67,34.51,34.90,218500,29.41
2011-04-14,34.42,35.80,34.42,35.17,122700,29.64
2011-04-13,34.74,35.46,34.18,34.91,164700,29.42
2011-04-12,35.27,35.27,33.50,34.28,134700,28.89
2011-04-11,34.58,35.64,34.58,35.15,153900,29.62
2011-04-08,34.77,34.77,33.66,34.22,144100,28.84
2011-04-07,34.58,35.53,33.65,34.40,216700,28.99
2011-04-06,36.77,36.82,34.23,34.39,246400,28.98
2011-04-05,33.58,36.30,33.58,36.21,324400,30.51
2011-04-04,33.20,33.90,32.99,33.42,98700,28.16
2011-04-01,32.49,33.50,32.04,33.15,226700,27.94
2011-03-31,31.79,32.41,31.26,32.13,104700,27.08
2011-03-30,32.40,32.40,31.47,31.65,231200,26.67
2011-03-29,30.85,32.49,30.71,32.24,300600,27.17
2011-03-28,32.48,32.61,30.67,30.84,144800,25.99
2011-03-25,32.66,32.78,32.02,32.09,85000,27.04
2011-03-24,32.40,32.60,32.06,32.41,117700,27.31
2011-03-23,33.00,33.00,32.11,32.35,105400,27.26
2011-03-22,32.99,33.30,32.24,32.73,99900,27.58
2011-03-21,32.10,32.97,31.52,32.83,163800,27.67
2011-03-18,32.52,32.52,31.27,31.81,178300,26.81
2011-03-17,32.51,32.84,31.04,31.78,283100,26.78
2011-03-16,35.00,35.15,32.01,32.22,282000,27.15
2011-03-15,34.93,35.37,34.50,34.82,119900,29.34
2011-03-14,36.07,36.95,35.57,36.17,139100,30.48
2011-03-11,35.48,36.37,35.07,36.11,65500,30.43
2011-03-10,35.06,36.21,34.51,35.45,122200,29.87
2011-03-09,35.72,35.80,33.56,35.24,231800,29.70
2011-03-08,36.70,36.70,35.52,35.61,229200,30.01
2011-03-07,37.16,37.65,36.15,36.45,112800,30.72
2011-03-04,38.13,38.13,36.83,37.39,82400,31.51
2011-03-03,38.84,38.87,37.07,37.84,102100,31.89
2011-03-02,38.24,38.53,37.78,38.37,81100,32.33
2011-03-01,37.87,38.71,37.07,38.10,179100,32.11
2011-02-28,38.26,38.26,36.65,37.43,81000,31.54
2011-02-25,37.73,38.42,36.83,37.58,103300,31.67
2011-02-24,34.75,37.53,34.73,37.50,135200,31.60
2011-02-23,35.25,35.74,34.56,34.79,81700,29.32
2011-02-22,36.30,36.30,35.00,35.22,219900,29.68
2011-02-18,37.56,37.65,36.55,36.83,112300,31.04
2011-02-17,36.73,37.75,36.27,37.28,182100,31.42
2011-02-16,36.75,36.96,36.39,36.63,60300,30.87
2011-02-15,36.94,37.24,36.30,36.83,67400,31.04
2011-02-14,36.15,36.93,36.15,36.85,70800,31.05
2011-02-11,37.78,37.99,36.53,36.84,233600,31.05
2011-02-10,37.22,38.94,36.02,38.14,306500,32.14
2011-02-09,37.58,37.60,36.78,36.78,115700,31.00
2011-02-08,38.06,38.24,37.03,37.64,81000,31.72
2011-02-07,37.46,38.60,37.20,37.81,173900,31.86
2011-02-04,37.10,37.80,36.52,37.74,107400,31.80
2011-02-03,37.06,37.11,36.03,37.11,253100,31.27
2011-02-02,39.49,39.55,36.22,37.07,522500,31.24
2011-02-01,35.46,39.72,34.85,39.72,1053700,33.47
2011-01-31,32.95,34.50,32.51,34.37,531800,28.96
2011-01-28,32.00,32.00,30.90,31.55,141100,26.59
2011-01-27,32.23,32.32,31.52,31.91,68000,26.89
2011-01-26,31.40,32.23,31.21,32.20,158000,27.14
2011-01-25,31.63,32.18,31.36,31.40,81600,26.46
2011-01-24,31.07,31.53,30.90,31.53,65100,26.57
2011-01-21,30.73,31.18,30.65,31.07,105200,26.18
2011-01-20,30.35,31.00,30.21,30.69,95200,25.86
2011-01-19,30.95,30.99,30.22,30.54,92800,25.74
2011-01-18,30.98,31.26,30.59,30.77,80300,25.93
2011-01-14,30.70,30.99,30.51,30.89,46900,26.03
2011-01-13,31.37,31.47,30.88,30.89,48600,26.03
2011-01-12,31.32,31.36,30.43,31.36,175300,26.43
2011-01-11,30.31,31.33,30.31,31.32,233300,26.39
2011-01-10,28.99,30.14,28.57,30.00,146900,25.28
2011-01-07,28.77,28.92,28.51,28.87,34000,24.33
2011-01-06,29.39,29.39,28.71,28.75,48000,24.23
2011-01-05,29.10,29.38,28.87,29.29,140300,24.68
2011-01-04,29.47,29.66,28.89,29.17,86500,24.58
2011-01-03,28.94,29.58,28.63,29.57,133900,24.92
2010-12-31,28.37,28.55,28.15,28.51,49800,24.03
2010-12-30,27.70,28.57,27.70,28.57,101700,24.08
2010-12-29,27.77,27.99,27.43,27.81,183100,23.44
2010-12-28,27.50,27.62,27.25,27.55,117100,23.22
2010-12-27,27.18,27.74,27.00,27.53,51400,23.20
2010-12-23,27.53,27.70,27.30,27.34,57900,23.04
2010-12-22,27.85,27.94,27.51,27.70,93600,23.34
2010-12-21,28.73,28.73,27.90,28.03,72900,23.62
2010-12-20,28.18,28.72,28.16,28.41,160600,23.94
2010-12-17,27.50,28.39,27.50,28.18,311000,23.75
2010-12-16,27.05,28.36,27.05,28.00,200700,23.60
2010-12-15,27.35,27.51,26.90,27.17,188900,22.90
2010-12-14,27.82,28.54,27.18,27.84,225200,23.46
2010-12-13,27.73,28.01,26.80,27.56,317900,23.23
2010-12-10,28.00,28.37,27.65,28.02,114300,23.61
2010-12-09,28.63,29.02,27.37,27.99,421200,23.59
2010-12-08,30.12,30.21,28.52,28.63,218600,24.13
2010-12-07,30.90,30.90,29.76,30.25,142600,25.49
2010-12-06,30.89,30.89,30.00,30.56,134300,25.75
2010-12-03,30.26,30.45,28.36,30.32,663900,25.55
2010-12-02,29.51,30.99,29.11,30.60,409500,25.79
2010-12-01,29.58,29.89,29.13,29.14,218700,24.56
2010-11-30,29.53,29.77,29.13,29.41,156300,24.78
2010-11-29,30.03,30.24,29.43,29.93,170400,25.22
2010-11-26,30.78,30.78,30.00,30.25,107100,25.49
2010-11-24,30.80,31.29,30.63,30.82,117500,25.97
2010-11-23,31.24,31.47,30.51,30.73,110500,25.90
2010-11-22,31.70,31.81,31.15,31.64,141400,26.66
2010-11-19,31.63,31.80,31.31,31.68,61000,26.70
2010-11-18,31.82,32.05,31.37,31.53,205100,26.57
2010-11-17,30.90,31.31,30.67,31.29,163400,26.37
2010-11-16,31.30,31.52,30.60,30.85,199600,26.00
2010-11-15,31.51,31.67,31.24,31.66,109200,26.68
2010-11-12,31.65,31.89,31.28,31.49,177300,26.54
2010-11-11,32.00,32.14,31.24,31.95,216600,26.92
2010-11-10,31.82,32.36,31.28,32.13,160900,27.08
2010-11-09,32.50,33.16,31.47,31.67,378000,26.69
2010-11-08,31.70,33.05,31.70,32.67,491800,27.53
2010-11-05,32.40,32.48,31.62,31.95,204100,26.92
2010-11-04,32.95,33.25,32.29,32.72,226100,27.57
2010-11-03,33.18,33.28,32.23,32.50,203700,27.39
2010-11-02,33.82,33.82,32.95,33.31,121400,28.07
2010-11-01,33.86,34.09,33.22,33.60,120000,28.32
2010-10-29,32.69,34.05,32.69,33.97,116400,28.63
2010-10-28,33.60,33.66,32.50,33.15,239500,27.94
2010-10-27,33.42,34.23,32.69,33.98,230900,28.64
2010-10-26,36.35,36.35,33.50,33.71,572000,28.41
2010-10-25,33.69,36.25,32.46,36.00,1078400,30.34
2010-10-22,31.01,32.80,31.01,32.40,256900,27.30
2010-10-21,31.84,31.85,30.75,31.14,342500,26.24
2010-10-20,31.11,31.64,30.80,31.32,182700,26.39
2010-10-19,30.31,30.94,30.00,30.94,140600,26.07
2010-10-18,30.99,31.17,30.39,30.40,87600,25.62
2010-10-15,30.54,31.00,30.31,30.82,121600,25.97
2010-10-14,31.06,31.07,29.79,30.42,242100,25.64
2010-10-13,30.00,31.19,29.72,30.97,339700,26.10
2010-10-12,29.92,29.92,29.47,29.70,98700,25.03
2010-10-11,29.00,29.95,29.00,29.87,171500,25.17
2010-10-08,28.80,29.04,28.59,28.90,240800,24.35
2010-10-07,29.00,29.19,28.52,28.62,168200,24.12
2010-10-06,28.00,28.80,28.00,28.70,134200,24.19
2010-10-05,28.13,28.44,27.56,28.01,107600,23.60
2010-10-04,27.63,27.87,27.45,27.61,63700,23.27
2010-10-01,27.48,28.10,27.00,27.62,84000,23.28
2010-09-30,28.25,28.25,27.20,27.50,160200,23.17
2010-09-29,28.48,28.94,28.03,28.03,51800,23.62
2010-09-28,29.20,29.27,28.67,28.68,47300,24.17
2010-09-27,29.08,30.34,28.69,29.30,166400,24.69
2010-09-24,28.35,29.60,28.13,28.90,140700,24.35
2010-09-23,27.53,28.46,27.37,28.05,107300,23.64
2010-09-22,28.30,28.40,27.70,27.87,133900,23.49
2010-09-21,27.46,28.49,27.35,28.39,146800,23.92
2010-09-20,27.65,27.68,27.37,27.46,54300,23.14
2010-09-17,27.59,27.70,27.24,27.38,85200,23.07
2010-09-16,26.73,27.42,26.57,27.39,100000,23.08
2010-09-15,26.23,26.72,26.14,26.72,159600,22.52
2010-09-14,26.00,26.58,26.00,26.41,147700,22.26
2010-09-13,26.33,26.42,25.77,25.99,290300,21.90
2010-09-10,26.18,26.29,25.82,25.93,184800,21.85
2010-09-09,26.44,26.73,26.03,26.11,80900,22.00
2010-09-08,26.79,26.89,25.93,26.31,198300,22.17
2010-09-07,28.07,28.34,26.85,27.00,86800,22.75
2010-09-03,27.65,27.93,27.47,27.88,149700,23.49
2010-09-02,26.90,27.78,26.67,27.30,308200,23.01
2010-09-01,27.43,27.93,26.74,27.04,78900,22.79
2010-08-31,26.65,26.76,26.31,26.63,48000,22.44
2010-08-30,26.61,26.89,26.60,26.60,64000,22.42
2010-08-27,26.82,26.88,26.67,26.73,41400,22.53
2010-08-26,26.58,27.24,26.58,26.69,161900,22.49
2010-08-25,25.90,26.78,25.49,26.66,254500,22.47
2010-08-24,26.32,27.15,25.80,26.29,169300,22.15
2010-08-23,27.70,27.70,26.78,26.97,58100,22.73
2010-08-20,27.94,28.25,27.15,27.36,74800,23.06
2010-08-19,27.93,28.24,27.47,27.64,71700,23.29
2010-08-18,27.28,27.83,26.92,27.75,47900,23.39
2010-08-17,27.26,27.26,26.80,27.09,38800,22.83
2010-08-16,26.52,27.51,26.52,27.26,87200,22.97
2010-08-13,28.07,28.07,27.17,27.39,33300,23.08
2010-08-12,27.03,27.67,27.03,27.65,59400,23.30
2010-08-11,28.41,29.39,27.26,27.56,115200,23.23
2010-08-10,28.95,29.17,28.78,28.78,27000,24.25
2010-08-09,29.10,29.60,29.09,29.36,27100,24.74
2010-08-06,29.00,29.40,28.79,29.04,26900,24.47
2010-08-05,29.20,29.64,28.93,29.17,64300,24.58
2010-08-04,29.67,29.67,29.11,29.31,63500,24.70
2010-08-03,29.71,29.71,29.02,29.46,78400,24.83
2010-08-02,28.84,30.10,28.76,29.71,197400,25.04
2010-07-30,28.30,28.62,27.91,28.60,88100,24.10
2010-07-29,28.82,29.19,28.36,28.96,138900,24.41
2010-07-28,28.20,28.84,28.20,28.70,131600,24.19
2010-07-27,28.83,28.83,28.08,28.29,185800,23.84
2010-07-26,27.50,29.00,27.30,28.26,443800,23.82
2010-07-23,26.27,26.81,25.92,26.65,330300,22.46
2010-07-22,26.47,26.95,26.25,26.27,234300,22.14
2010-07-21,26.45,26.99,25.74,25.91,196500,21.83
2010-07-20,26.22,26.43,26.04,26.36,79600,22.21
2010-07-19,27.50,27.50,26.41,26.60,101700,22.42
2010-07-16,27.40,28.03,26.95,27.50,201800,23.17
2010-07-15,28.00,28.00,26.99,27.64,200600,23.29
2010-07-14,26.88,27.89,26.73,27.87,295500,23.49
2010-07-13,25.99,26.50,25.27,26.46,163900,22.30
2010-07-12,26.07,26.07,24.85,25.65,209700,21.62
2010-07-09,26.55,26.68,26.18,26.25,81900,22.12
2010-07-08,26.94,27.30,26.55,26.73,42300,22.53
2010-07-07,26.76,27.14,26.57,26.75,51400,22.54
2010-07-06,27.80,27.80,26.62,26.80,133000,22.58
2010-07-02,26.41,27.30,26.39,27.17,199500,22.90
2010-07-01,25.82,26.46,25.76,26.32,151500,22.18
2010-06-30,26.20,26.52,25.76,25.86,82700,21.79
2010-06-29,26.73,26.84,26.11,26.34,99500,22.20
2010-06-28,26.80,27.25,26.80,26.94,45500,22.70
2010-06-25,27.02,27.24,26.73,27.00,145900,22.75
2010-06-24,27.40,27.40,26.80,27.09,80100,22.83
2010-06-23,28.60,28.87,27.43,27.64,105300,23.29
2010-06-22,28.86,28.99,28.40,28.67,88900,24.16
2010-06-21,29.11,30.00,28.83,28.97,105700,24.41
2010-06-18,28.88,29.10,28.80,28.88,140700,24.34
2010-06-17,29.45,29.45,28.82,28.97,116900,24.41
2010-06-16,28.81,29.25,28.55,29.00,81300,24.44
2010-06-15,29.29,29.32,28.87,29.09,194700,24.51
2010-06-14,29.50,29.64,28.94,29.02,134400,24.46
2010-06-11,29.31,29.35,28.68,29.33,129100,24.72
2010-06-10,28.80,29.59,28.54,29.42,395900,24.79
2010-06-09,27.39,28.42,27.22,28.01,132200,23.60
2010-06-08,27.58,27.90,26.70,27.26,111700,22.97
2010-06-07,27.44,28.08,27.08,27.13,83400,22.86
2010-06-04,28.09,28.81,27.23,27.49,248600,23.17
2010-06-03,27.64,28.20,27.26,28.00,293600,23.60
2010-06-02,26.40,27.30,26.40,27.30,164700,23.01
2010-06-01,26.27,27.28,26.25,26.60,199900,22.42
2010-05-28,27.38,27.38,26.44,26.56,143400,22.38
2010-05-27,27.76,27.97,27.32,27.50,74200,23.17
2010-05-26,27.31,27.81,26.94,27.19,85700,22.91
2010-05-25,27.07,27.32,26.26,27.26,143400,22.97
2010-05-24,27.93,28.09,27.55,27.56,88500,23.23
2010-05-21,27.05,28.05,26.71,27.88,264200,23.49
2010-05-20,27.75,27.92,26.41,27.29,250800,23.00
2010-05-19,28.51,28.98,27.88,28.02,224200,23.61
2010-05-18,28.90,29.27,28.50,28.75,111600,24.23
2010-05-17,30.00,30.00,28.37,28.89,332400,24.35
2010-05-14,30.94,31.30,30.01,30.22,147000,25.47
2010-05-13,30.90,31.77,30.87,31.23,115200,26.32
2010-05-12,30.29,30.99,30.06,30.91,107800,26.05
2010-05-11,30.01,30.49,29.51,30.02,73100,25.30
2010-05-10,31.16,31.16,29.86,30.21,119500,25.46
2010-05-07,29.67,31.33,28.98,29.36,168200,24.74
2010-05-06,30.70,30.94,27.59,29.88,457300,25.18
2010-05-05,31.01,31.30,30.50,31.06,194700,26.17
2010-05-04,32.41,32.44,31.34,31.34,99700,26.41
2010-05-03,32.79,33.03,32.37,32.55,56700,27.43
2010-04-30,33.44,33.68,32.65,32.80,142300,27.64
2010-04-29,31.82,33.49,31.56,33.44,307500,28.18
2010-04-28,32.42,32.70,31.37,31.49,252200,26.54
2010-04-27,34.08,34.11,32.45,32.49,412300,27.38
2010-04-26,36.00,36.25,34.08,34.15,353200,28.78
2010-04-23,33.98,35.98,33.98,35.23,689300,29.69
2010-04-22,32.88,34.12,32.85,34.07,143800,28.71
2010-04-21,32.73,33.08,32.73,32.94,43800,27.76
2010-04-20,32.70,33.02,32.49,32.71,33900,27.57
2010-04-19,32.55,32.85,32.14,32.50,209300,27.39
2010-04-16,34.00,34.06,32.36,32.87,403700,27.70
2010-04-15,33.69,34.95,33.60,34.09,489000,28.73
2010-04-14,31.94,33.82,31.91,33.51,314900,28.24
2010-04-13,31.85,31.93,31.61,31.71,193300,26.72
2010-04-12,32.19,32.19,31.50,31.97,171600,26.94
2010-04-09,32.23,32.41,31.80,32.15,145800,27.09
2010-04-08,32.00,32.40,31.69,32.23,103600,27.16
2010-04-07,32.08,32.27,31.74,32.15,229100,27.09
2010-04-06,31.27,32.19,30.80,32.09,183900,27.04
2010-04-05,31.02,31.76,30.72,31.58,236600,26.61
2010-04-01,31.00,31.43,30.53,30.75,218500,25.91
2010-03-31,29.91,31.08,29.76,30.80,274900,25.96
2010-03-30,29.82,30.46,29.40,30.12,359900,25.38
2010-03-29,30.38,30.56,29.55,29.89,259900,25.19
2010-03-26,30.26,30.69,29.80,30.08,108000,25.35
2010-03-25,30.23,30.61,30.05,30.22,178000,25.47
2010-03-24,30.94,31.07,30.12,30.19,239700,25.44
2010-03-23,31.47,31.64,30.81,31.09,293700,26.20
2010-03-22,31.80,32.00,31.32,31.54,127300,26.58
2010-03-19,31.88,32.29,31.62,31.88,89400,26.87
2010-03-18,31.44,32.40,31.31,32.19,201100,27.13
2010-03-17,32.16,32.27,31.18,31.73,228600,26.74
2010-03-16,31.27,32.28,31.27,32.11,234500,27.06
2010-03-15,31.75,32.11,30.66,30.97,235100,26.10
2010-03-12,31.97,32.47,31.85,31.97,248600,26.94
2010-03-11,31.77,31.92,31.40,31.73,211900,26.74
2010-03-10,31.78,32.12,31.50,31.75,155800,26.76
2010-03-09,32.04,32.54,31.51,31.92,235100,26.90
2010-03-08,32.38,32.76,32.10,32.63,204500,27.50
2010-03-05,31.96,32.60,31.72,32.38,101200,27.29
2010-03-04,31.61,32.17,31.56,32.03,123100,26.99
2010-03-03,32.15,32.15,31.31,31.36,130000,26.43
2010-03-02,33.08,33.08,31.80,31.91,282900,26.89
2010-03-01,32.76,34.21,32.76,32.96,231600,27.78
2010-02-26,32.83,33.41,32.76,33.20,99600,27.98
2010-02-25,32.59,32.98,32.23,32.83,111800,27.67
2010-02-24,32.44,33.29,31.99,33.17,267800,27.95
2010-02-23,32.75,33.39,32.31,32.46,201800,27.35
2010-02-22,34.00,34.00,32.72,32.92,193100,27.74
2010-02-19,33.00,33.88,32.90,33.78,140300,28.47
2010-02-18,33.13,33.41,33.00,33.17,143600,27.95
2010-02-17,33.50,33.73,33.16,33.20,118700,27.98
2010-02-16,33.78,33.80,33.27,33.50,166100,28.23
2010-02-12,33.50,34.11,32.90,33.67,146800,28.37
2010-02-11,33.05,33.70,32.71,33.62,79700,28.33
2010-02-10,34.00,34.10,33.09,33.15,289000,27.94
2010-02-09,33.30,33.85,32.94,33.36,95100,28.11
2010-02-08,33.16,34.21,32.61,33.01,88700,27.82
2010-02-05,32.63,33.39,32.43,32.97,273900,27.78
2010-02-04,33.71,34.10,32.70,32.89,184200,27.72
2010-02-03,32.66,34.05,32.66,33.99,260900,28.64
2010-02-02,33.09,34.49,32.15,32.96,315100,27.78
2010-02-01,31.65,33.27,30.60,32.67,751100,27.53
2010-01-29,33.21,34.92,32.67,33.59,430000,28.31
2010-01-28,32.81,33.20,31.75,32.65,472100,27.51
2010-01-27,33.25,33.86,32.11,32.71,362900,27.57
2010-01-26,32.54,33.56,32.27,33.26,307200,28.03
2010-01-25,32.64,33.07,31.91,32.76,188800,27.61
2010-01-22,34.75,34.76,32.63,32.99,345900,27.80
2010-01-21,35.41,35.41,34.63,34.92,285900,29.43
2010-01-20,35.43,36.40,34.56,35.32,438700,29.76
2010-01-19,34.74,35.78,34.55,35.74,216900,30.12
2010-01-15,34.08,34.60,33.70,34.52,235400,29.09
2010-01-14,33.75,34.28,33.75,34.02,89200,28.67
2010-01-13,34.60,34.60,33.85,34.08,87300,28.72
2010-01-12,34.00,34.23,32.58,33.60,218500,28.32
2010-01-11,35.30,35.78,34.40,34.63,134800,29.18
2010-01-08,34.47,35.40,34.07,35.21,110300,29.67
2010-01-07,35.53,35.82,34.31,34.87,151200,29.39
2010-01-06,35.37,35.83,34.74,35.52,172400,29.93
2010-01-05,35.62,35.66,34.25,35.25,142100,29.71
2010-01-04,33.73,35.92,33.60,35.31,416700,29.76
2009-12-31,33.47,33.68,33.21,33.21,136800,27.99
2009-12-30,33.00,33.36,32.76,33.29,158900,28.05
2009-12-29,33.74,33.74,33.01,33.06,68600,27.86
2009-12-28,33.45,34.30,33.45,33.57,183000,28.29
2009-12-24,32.72,33.82,32.72,33.50,95700,28.23
2009-12-23,32.45,32.91,31.90,32.72,77800,27.57
2009-12-22,32.75,33.03,31.90,32.02,115100,26.98
2009-12-21,32.46,33.17,32.04,32.72,118600,27.57
2009-12-18,33.24,33.54,31.94,32.28,217800,27.20
2009-12-17,33.95,33.95,32.94,33.09,200000,27.89
2009-12-16,32.70,33.76,32.22,33.60,323300,28.32
2009-12-15,31.62,33.12,31.25,32.40,345100,27.30
2009-12-14,30.46,31.65,30.46,31.47,348000,26.52
2009-12-11,30.02,31.07,30.00,30.76,631200,25.92
2009-12-10,30.60,30.90,30.39,30.68,148300,25.85
2009-12-09,30.70,31.04,30.32,30.73,84500,25.90
2009-12-08,30.72,31.18,30.50,30.76,185300,25.92
2009-12-07,31.82,31.91,30.55,30.99,225800,26.12
2009-12-04,32.20,32.30,31.29,31.80,269200,26.80
2009-12-03,32.73,32.73,31.77,32.04,100900,27.00
2009-12-02,33.24,33.24,32.33,32.85,89400,27.68
2009-12-01,32.79,33.20,32.44,33.03,176400,27.83
2009-11-30,32.36,33.11,32.22,32.47,108100,27.36
2009-11-27,31.83,32.89,31.00,32.62,151500,27.49
2009-11-25,33.59,33.99,33.37,33.57,62500,28.29
2009-11-24,33.86,34.49,33.35,33.50,68600,28.23
2009-11-23,34.09,34.39,33.77,33.98,204800,28.64
2009-11-20,32.58,33.45,32.50,33.38,196300,28.13
2009-11-19,33.52,33.72,32.32,33.00,240300,27.81
2009-11-18,34.49,34.93,33.50,34.01,139300,28.66
