Date,Open,High,Low,Close,Volume,Adj Close
2014-11-18,85.89,87.13,85.89,86.62,248700,86.62
2014-11-17,86.32,86.80,85.56,85.65,356300,85.65
2014-11-14,84.12,87.40,83.56,86.78,504900,86.78
2014-11-13,84.61,84.88,83.13,83.58,151500,83.58
2014-11-12,83.49,84.69,83.28,84.41,200300,84.41
2014-11-11,84.11,84.96,83.25,83.81,284500,83.81
2014-11-10,84.88,84.88,83.45,84.03,265800,84.03
2014-11-07,85.05,85.05,84.16,84.70,303200,84.70
2014-11-06,85.84,85.86,84.57,84.84,315000,84.84
2014-11-05,85.79,86.22,85.03,85.61,250400,85.61
2014-11-04,84.35,85.48,84.16,85.29,299800,85.29
2014-11-03,85.08,85.80,84.12,84.63,276300,84.63
2014-10-31,84.99,85.27,84.08,85.17,342500,85.17
2014-10-30,82.55,83.96,81.80,83.67,256800,83.67
2014-10-29,84.89,85.50,82.35,82.81,430300,82.81
2014-10-28,83.47,85.29,81.80,84.89,306800,84.89
2014-10-27,82.68,83.61,82.13,83.36,152600,83.36
2014-10-24,82.88,83.65,81.93,83.39,185500,83.39
2014-10-23,81.74,83.99,81.38,82.67,252200,82.67
2014-10-22,82.46,83.12,80.86,80.89,137100,80.89
2014-10-21,80.40,82.91,79.91,82.49,205100,82.49
2014-10-20,79.05,79.98,78.78,79.70,181300,79.70
2014-10-17,79.43,80.39,78.52,79.18,199400,79.18
2014-10-16,77.28,79.72,77.28,78.56,167900,78.56
2014-10-15,77.43,78.95,75.81,78.44,335700,78.44
2014-10-14,77.27,78.71,76.93,78.49,259500,78.49
2014-10-13,78.67,79.37,76.32,76.57,288000,76.57
2014-10-10,80.58,81.40,78.43,78.50,335500,78.50
2014-10-09,84.39,84.45,80.51,81.13,391700,81.13
2014-10-08,83.58,84.92,82.20,84.82,257300,84.82
2014-10-07,85.02,85.76,83.90,83.96,130000,83.96
2014-10-06,85.41,86.72,85.10,85.76,219200,85.76
2014-10-03,85.43,85.87,84.66,85.41,210300,85.41
2014-10-02,84.07,84.75,82.40,84.47,197500,84.47
2014-10-01,84.58,85.09,83.76,84.19,332200,84.19
2014-09-30,85.93,86.28,84.82,84.84,248800,84.84
2014-09-29,85.08,86.09,85.08,85.75,118800,85.75
2014-09-26,85.18,86.72,85.06,86.05,141100,86.05
2014-09-25,85.97,85.97,84.64,85.02,179000,85.02
2014-09-24,86.21,86.31,85.11,85.99,112800,85.99
2014-09-23,86.71,86.98,85.56,85.87,139400,85.87
2014-09-22,87.82,87.82,86.25,86.77,236300,86.77
2014-09-19,88.53,88.94,86.97,88.08,343300,88.08
2014-09-18,88.49,89.14,88.20,88.51,139600,88.51
2014-09-17,87.49,88.64,87.16,88.29,239200,88.29
2014-09-16,88.94,89.06,87.06,87.43,397800,87.43
2014-09-15,90.95,90.97,88.94,89.29,209800,89.29
2014-09-12,90.63,91.66,90.46,91.14,250600,91.14
2014-09-11,86.89,91.04,86.89,90.49,259400,90.49
2014-09-10,87.52,87.82,86.76,87.16,194200,87.16
2014-09-09,88.39,88.41,86.70,87.29,211800,87.29
2014-09-08,88.58,89.18,87.74,88.28,240900,88.28
2014-09-05,88.75,89.28,88.08,88.58,167100,88.58
2014-09-04,90.20,90.72,88.92,89.19,183900,89.19
2014-09-03,90.60,90.60,89.40,89.83,186700,89.83
2014-09-02,89.72,90.79,89.48,89.93,249800,89.93
2014-08-29,88.77,89.84,87.60,89.23,251000,89.23
2014-08-28,88.38,89.18,87.56,88.40,169300,88.40
2014-08-27,88.61,89.14,87.96,88.62,218600,88.62
2014-08-26,88.05,89.20,87.87,88.57,269500,88.57
2014-08-25,86.48,87.84,86.33,87.67,231600,87.67
2014-08-22,85.77,86.55,85.25,86.15,169300,86.15
2014-08-21,86.53,86.79,85.33,86.03,276200,86.03
2014-08-20,87.06,87.18,85.39,86.09,346000,86.09
2014-08-19,87.85,87.85,87.13,87.15,177100,87.15
2014-08-18,87.28,87.67,86.85,87.20,224700,87.20
2014-08-15,86.81,86.81,84.44,86.31,449700,86.31
2014-08-14,87.09,87.09,85.48,85.99,583100,85.99
2014-08-13,91.47,91.47,86.06,86.32,635500,86.32
2014-08-12,91.06,91.44,90.06,91.08,157300,91.08
2014-08-11,90.07,91.83,90.07,91.30,285200,91.30
2014-08-08,88.84,89.92,88.70,88.94,171400,88.94
2014-08-07,90.68,91.48,88.58,88.98,227700,88.98
2014-08-06,87.64,90.33,87.31,90.10,297900,90.10
2014-08-05,87.21,88.24,87.14,87.96,208400,87.96
2014-08-04,86.14,88.46,85.75,87.83,393100,87.83
2014-08-01,86.07,86.34,85.19,85.67,190600,85.67
2014-07-31,87.34,87.85,85.67,85.97,244100,85.97
2014-07-30,88.77,89.38,87.99,88.39,227300,88.39
2014-07-29,92.40,92.46,88.31,88.60,566400,88.60
2014-07-28,95.02,95.02,93.61,93.97,191100,93.97
2014-07-25,95.10,95.38,94.36,94.76,109500,94.76
2014-07-24,96.79,97.53,95.70,95.88,162300,95.88
2014-07-23,97.05,97.05,96.12,96.62,127600,96.62
2014-07-22,95.95,97.08,95.27,96.87,146300,96.87
2014-07-21,95.52,95.95,94.77,95.54,88200,95.54
2014-07-18,95.01,96.40,95.01,96.08,116000,96.08
2014-07-17,95.91,96.44,94.87,95.16,108300,95.16
2014-07-16,97.38,97.85,96.25,96.40,122500,96.40
2014-07-15,97.26,97.68,96.34,96.92,156700,96.92
2014-07-14,97.42,97.42,96.49,97.26,156700,97.26
2014-07-11,97.72,97.72,96.42,96.77,116800,96.77
2014-07-10,97.46,98.35,97.07,97.63,134000,97.63
2014-07-09,100.39,100.50,99.35,99.66,143200,99.66
2014-07-08,102.74,102.90,99.88,100.01,176800,100.01
2014-07-07,102.45,103.47,101.85,103.01,245400,103.01
2014-07-03,101.70,103.02,101.66,102.89,92400,102.89
2014-07-02,101.45,101.76,101.06,101.44,108500,101.44
2014-07-01,100.40,101.96,100.40,101.80,187600,101.80
2014-06-30,99.04,100.48,97.65,100.07,160500,100.07
2014-06-27,97.84,99.29,97.62,98.99,301600,98.99
2014-06-26,99.08,99.35,97.54,98.53,98300,98.53
2014-06-25,98.98,99.77,98.55,99.30,155000,99.30
2014-06-24,99.59,101.34,99.30,99.50,181900,99.50
2014-06-23,99.49,99.91,99.15,99.69,139200,99.69
2014-06-20,98.88,99.56,98.20,99.55,235700,99.55
2014-06-19,99.59,100.12,98.19,98.60,112300,98.60
2014-06-18,99.95,100.42,98.76,99.46,114300,99.46
2014-06-17,99.44,100.53,99.02,100.01,118000,100.01
2014-06-16,100.70,100.70,99.01,99.48,123200,99.48
2014-06-13,100.92,101.36,99.63,100.94,106500,100.94
2014-06-12,102.87,103.33,100.23,100.45,201700,100.45
2014-06-11,102.93,103.29,101.95,102.87,115300,102.87
2014-06-10,102.78,103.30,101.76,103.00,177800,103.00
2014-06-09,104.57,104.57,102.02,103.44,257200,103.44
2014-06-06,104.48,105.33,104.31,104.61,245500,104.61
2014-06-05,102.16,104.30,101.52,104.03,123700,104.03
2014-06-04,101.49,102.48,101.03,102.27,110100,102.27
2014-06-03,101.46,102.38,100.86,102.01,112100,102.01
2014-06-02,103.02,103.82,101.35,101.91,245700,101.91
2014-05-30,102.75,103.20,101.15,103.00,308600,103.00
2014-05-29,101.12,102.76,100.61,102.58,246900,102.58
2014-05-28,100.09,101.20,100.00,101.05,179800,101.05
2014-05-27,99.78,100.84,99.06,100.30,168400,100.30
2014-05-23,97.09,99.45,97.06,99.29,253200,99.29
2014-05-22,95.31,97.43,95.31,97.08,211800,97.08
2014-05-21,94.72,95.33,93.72,95.01,284500,95.01
2014-05-20,96.46,96.52,94.18,94.50,210000,94.50
2014-05-19,95.22,97.32,94.99,96.52,183000,96.52
2014-05-16,95.09,95.78,94.55,95.35,194700,95.35
2014-05-15,94.91,95.56,93.40,95.30,120300,95.30
2014-05-14,97.05,97.64,95.35,95.51,95100,95.51
2014-05-13,98.22,98.91,96.86,97.10,129900,97.10
2014-05-12,95.79,98.73,95.77,98.46,242600,98.46
2014-05-09,95.17,96.88,94.58,95.50,154800,95.50
2014-05-08,96.09,97.68,95.30,95.66,154600,95.66
2014-05-07,96.04,96.16,94.71,96.05,151600,96.05
2014-05-06,97.37,97.84,95.69,96.15,237400,96.15
2014-05-05,96.92,98.27,96.14,97.54,182500,97.54
2014-05-02,98.28,99.59,97.33,97.83,139300,97.83
2014-05-01,98.00,99.86,96.73,97.96,378100,97.96
2014-04-30,97.64,99.06,97.28,97.98,450300,97.98
2014-04-29,96.75,99.72,95.78,98.38,573000,98.38
2014-04-28,94.79,95.63,92.79,93.81,283100,93.81
2014-04-25,96.41,97.78,94.66,94.81,275600,94.81
2014-04-24,97.39,97.63,95.50,97.06,185900,97.06
2014-04-23,97.98,98.34,96.78,97.17,186200,97.17
2014-04-22,96.87,98.76,96.23,98.10,199600,98.10
2014-04-21,97.73,98.25,96.19,96.72,206400,96.72
2014-04-17,97.60,98.87,97.15,97.79,98700,97.79
2014-04-16,97.46,98.33,96.76,97.75,160200,97.75
2014-04-15,96.41,97.71,94.83,97.11,148500,97.11
2014-04-14,97.44,97.44,94.86,95.80,174500,95.80
2014-04-11,96.89,98.16,96.07,96.69,283500,96.69
2014-04-10,99.71,100.00,96.97,97.81,511700,97.81
2014-04-09,98.24,99.97,97.34,99.86,222100,99.86
2014-04-08,96.77,98.02,95.30,97.61,266400,97.61
2014-04-07,98.87,98.87,95.98,96.72,262400,96.72
2014-04-04,99.89,101.26,98.44,99.06,420600,99.06
2014-04-03,100.27,100.76,98.47,98.88,274700,98.88
2014-04-02,96.89,100.29,95.86,99.81,667800,99.81
2014-04-01,101.57,105.84,93.15,96.45,1903400,96.45
2014-03-31,99.14,101.89,99.14,101.52,174500,101.52
2014-03-28,99.66,101.41,98.47,98.49,202200,98.49
2014-03-27,100.16,100.24,99.13,99.54,145500,99.54
2014-03-26,102.03,102.03,99.96,99.97,165300,99.97
2014-03-25,102.22,102.64,100.58,101.14,210900,101.14
2014-03-24,102.35,102.47,100.41,101.34,157000,101.34
2014-03-21,102.93,103.72,101.46,101.87,308500,101.87
2014-03-20,103.20,103.84,102.21,102.89,435200,102.89
2014-03-19,104.63,104.70,102.55,103.26,318100,103.26
2014-03-18,103.64,104.54,102.98,104.27,344600,104.27
2014-03-17,103.39,103.72,103.03,103.25,277800,103.25
2014-03-14,102.64,103.80,102.51,103.00,207700,103.00
2014-03-13,105.50,105.89,101.99,102.69,235600,102.69
2014-03-12,103.53,105.27,102.78,105.00,363900,105.00
2014-03-11,105.60,106.33,103.78,103.85,240900,103.85
2014-03-10,106.59,107.38,105.34,105.79,192400,105.79
2014-03-07,107.22,107.25,105.93,106.97,177000,106.97
2014-03-06,107.44,107.84,106.33,106.97,156500,106.97
2014-03-05,107.02,107.78,106.21,107.15,212900,107.15
2014-03-04,107.71,108.44,106.76,107.51,291800,107.51
2014-03-03,106.13,107.27,105.48,106.62,211600,106.62
2014-02-28,105.75,107.30,105.32,106.95,292800,106.95
2014-02-27,105.24,106.27,104.71,105.45,259700,105.45
2014-02-26,105.93,106.12,105.29,105.73,176200,105.73
2014-02-25,103.99,105.88,103.32,105.52,312500,105.52
2014-02-24,106.68,106.81,103.28,104.21,727900,104.21
2014-02-21,106.04,110.00,104.69,106.23,1296300,106.23
2014-02-20,102.94,115.84,102.94,104.97,1209200,104.97
2014-02-19,101.65,103.85,101.65,102.85,280700,102.85
2014-02-18,99.90,102.43,99.62,101.99,471100,101.99
2014-02-14,97.83,99.88,97.33,99.60,421500,99.60
2014-02-13,94.46,97.79,94.41,97.68,354400,97.68
2014-02-12,92.61,95.15,92.02,94.90,302200,94.90
2014-02-11,90.58,92.45,90.16,92.02,278300,92.02
2014-02-10,90.28,91.08,89.05,90.93,302000,90.93
2014-02-07,89.67,90.76,89.63,90.19,435100,90.19
2014-02-06,89.92,91.47,88.79,89.41,721100,89.41
2014-02-05,91.62,92.47,89.18,89.55,477600,89.55
2014-02-04,88.75,93.18,88.43,92.74,603600,92.74
2014-02-03,87.53,88.09,84.55,85.67,300400,85.67
2014-01-31,87.23,88.70,87.08,87.72,253300,87.72
2014-01-30,88.79,89.60,88.23,88.95,280900,88.95
2014-01-29,89.37,90.39,88.07,88.33,223600,88.33
2014-01-28,89.69,89.90,89.11,89.87,246500,89.87
2014-01-27,91.41,91.49,89.30,89.70,173100,89.70
2014-01-24,92.38,92.62,90.82,91.09,207000,91.09
2014-01-23,93.35,93.48,92.37,93.13,162500,93.13
2014-01-22,93.65,93.78,93.32,93.56,95400,93.56
2014-01-21,94.29,94.75,93.00,93.57,163800,93.57
2014-01-17,94.23,94.64,93.26,93.50,221300,93.50
2014-01-16,94.08,94.87,93.67,94.48,185500,94.48
2014-01-15,93.63,94.85,92.75,94.33,239600,94.33
2014-01-14,92.54,93.54,92.30,93.39,184200,93.39
2014-01-13,92.88,94.12,91.73,92.09,129100,92.09
2014-01-10,91.72,93.52,90.96,93.22,194400,93.22
2014-01-09,91.58,92.02,90.95,91.69,118300,91.69
2014-01-08,90.33,91.75,90.09,91.50,287300,91.50
2014-01-07,89.40,90.78,89.37,90.60,152100,90.60
2014-01-06,89.66,90.23,88.61,89.28,127200,89.28
2014-01-03,88.57,90.23,88.57,89.61,140800,89.61
2014-01-02,89.35,89.91,87.98,88.56,136800,88.56
2013-12-31,89.67,90.15,88.78,89.84,162000,89.84
2013-12-30,89.64,89.82,89.35,89.59,64500,89.59
2013-12-27,89.21,90.22,89.18,89.72,104300,89.72
2013-12-26,89.65,90.23,88.92,89.35,74300,89.35
2013-12-24,88.75,89.90,88.75,89.31,47000,89.31
2013-12-23,88.78,89.33,88.34,88.78,151100,88.78
2013-12-20,87.41,88.65,87.19,88.55,334100,88.55
2013-12-19,86.94,88.02,86.49,87.41,123800,87.41
2013-12-18,85.99,87.49,85.44,87.23,200300,87.23
2013-12-17,85.77,86.37,85.22,86.10,97000,86.10
2013-12-16,84.92,86.06,84.71,85.61,111100,85.61
2013-12-13,84.82,85.19,83.62,84.64,119600,84.64
2013-12-12,85.03,85.14,84.01,84.50,110100,84.50
2013-12-11,85.88,85.88,84.20,84.90,164300,84.90
2013-12-10,86.74,87.43,85.70,85.73,201900,85.73
2013-12-09,87.53,87.53,86.33,86.76,275500,86.76
2013-12-06,91.92,92.46,90.47,92.36,241700,87.36
2013-12-05,89.18,90.64,89.02,90.64,180900,85.73
2013-12-04,88.87,89.50,88.61,89.47,283700,84.63
2013-12-03,88.35,89.20,88.03,89.16,191600,84.33
2013-12-02,88.50,89.87,87.32,88.73,230700,83.93
2013-11-29,88.36,88.96,87.94,88.40,70500,83.61
2013-11-27,87.90,88.73,87.03,87.87,116600,83.11
2013-11-26,88.25,89.16,86.68,87.64,168600,82.90
2013-11-25,86.80,87.27,86.33,86.71,51100,82.02
2013-11-22,86.69,86.81,85.88,86.77,52500,82.07
2013-11-21,84.83,86.55,84.83,86.49,116300,81.81
2013-11-20,84.55,84.70,83.56,84.51,114700,79.93
2013-11-19,85.91,86.11,84.20,84.35,81200,79.78
2013-11-18,86.28,86.65,85.46,85.89,89900,81.24
2013-11-15,85.34,86.36,85.04,86.20,94000,81.53
2013-11-14,85.71,85.71,84.78,85.62,64500,80.98
2013-11-13,84.98,85.64,84.97,85.57,61000,80.94
2013-11-12,84.97,85.66,84.61,85.59,40200,80.96
2013-11-11,84.55,85.38,84.22,85.30,71800,80.68
2013-11-08,83.87,84.99,83.43,84.81,119000,80.22
2013-11-07,85.15,85.34,83.78,83.98,137900,79.43
2013-11-06,85.90,86.11,84.68,85.03,91100,80.43
2013-11-05,85.66,86.05,84.74,85.59,137700,80.96
2013-11-04,84.98,86.42,84.27,86.30,163300,81.63
2013-11-01,85.30,85.96,84.23,84.88,256300,80.28
2013-10-31,85.35,86.15,85.21,85.49,255300,80.86
2013-10-30,86.87,87.00,85.15,85.33,148100,80.71
2013-10-29,86.29,87.05,85.83,86.57,95000,81.88
2013-10-28,85.80,86.02,85.32,85.93,79500,81.28
2013-10-25,85.00,85.98,84.69,85.95,144200,81.30
2013-10-24,85.08,85.56,84.37,85.25,143600,80.63
2013-10-23,84.67,85.60,83.72,84.93,192800,80.33
2013-10-22,80.26,87.12,80.26,85.37,711100,80.75
2013-10-21,89.01,89.09,88.04,88.55,253300,83.76
2013-10-18,88.35,89.18,87.83,89.10,144700,84.28
2013-10-17,87.15,87.86,87.11,87.86,197100,83.10
2013-10-16,87.39,87.82,87.06,87.52,114600,82.78
2013-10-15,87.42,88.30,86.11,86.77,217800,82.07
2013-10-14,87.55,88.55,87.55,87.88,125100,83.12
2013-10-11,87.45,88.29,87.45,88.00,189400,83.24
2013-10-10,87.26,88.06,87.26,87.90,109500,83.14
2013-10-09,87.35,87.35,85.36,86.17,152700,81.51
2013-10-08,87.76,88.29,86.73,87.15,152200,82.43
2013-10-07,87.18,88.18,87.00,87.60,78300,82.86
2013-10-04,86.81,88.41,86.64,88.25,146000,83.47
2013-10-03,87.63,87.63,85.88,86.34,149800,81.67
2013-10-02,88.94,88.94,87.29,88.05,94000,83.28
2013-10-01,87.39,89.04,86.87,88.41,120000,83.62
2013-09-30,86.34,87.72,86.28,87.66,154600,82.91
2013-09-27,87.19,87.76,86.72,87.09,111400,82.38
2013-09-26,88.92,89.08,87.39,87.96,158900,83.20
2013-09-25,88.83,89.61,88.27,88.38,89400,83.60
2013-09-24,88.03,89.16,87.19,88.58,73600,83.78
2013-09-23,88.07,88.13,87.20,87.98,106900,83.22
2013-09-20,88.54,89.47,87.82,88.07,227100,83.30
2013-09-19,88.64,88.94,88.30,88.62,95500,83.82
2013-09-18,88.53,88.79,86.89,88.56,154000,83.77
2013-09-17,87.76,88.78,87.52,88.77,82800,83.96
2013-09-16,87.96,88.48,87.22,87.93,108600,83.17
2013-09-13,87.65,87.65,86.05,87.10,139500,82.38
2013-09-12,87.90,88.02,86.69,87.14,108800,82.42
2013-09-11,87.88,88.39,87.33,87.71,134000,82.96
2013-09-10,87.81,89.40,87.46,88.09,148900,83.32
2013-09-09,85.67,87.72,85.67,87.25,107000,82.53
2013-09-06,85.25,86.01,83.50,85.10,90000,80.49
2013-09-05,85.02,85.69,84.61,84.96,158500,80.36
2013-09-04,84.00,85.26,83.82,85.19,101600,80.58
2013-09-03,84.52,85.33,82.94,83.71,100900,79.18
2013-08-30,84.20,84.20,82.62,83.56,145900,79.04
2013-08-29,83.92,84.54,83.66,84.29,137200,79.73
2013-08-28,83.83,84.43,83.69,83.97,79900,79.42
2013-08-27,84.01,84.42,83.45,83.86,187400,79.32
2013-08-26,85.33,86.03,84.83,84.84,63100,80.25
2013-08-23,85.77,85.77,84.86,85.23,79900,80.62
2013-08-22,84.19,85.71,84.19,85.60,81500,80.97
2013-08-21,84.27,84.90,83.61,84.13,119700,79.58
2013-08-20,83.91,84.94,83.57,84.61,109000,80.03
2013-08-19,84.62,84.75,83.56,83.58,102300,79.06
2013-08-16,83.76,84.73,83.76,84.52,188700,79.94
2013-08-15,84.38,84.68,83.88,84.10,223800,79.55
2013-08-14,86.48,86.60,86.03,86.19,158000,81.52
2013-08-13,86.69,86.85,85.82,86.64,169100,81.95
2013-08-12,85.53,86.62,85.11,86.55,111000,81.86
2013-08-09,85.46,86.50,85.07,86.02,164600,81.36
2013-08-08,85.00,86.06,85.00,85.61,139500,80.98
2013-08-07,84.94,85.52,84.49,84.77,103300,80.18
2013-08-06,86.12,86.29,84.89,85.23,150600,80.62
2013-08-05,85.70,86.25,84.85,86.19,177800,81.52
2013-08-02,84.89,85.93,84.73,85.87,324500,81.22
2013-08-01,83.50,85.26,83.50,85.03,148200,80.43
2013-07-31,83.11,83.74,82.49,83.04,189500,78.54
2013-07-30,81.61,82.90,80.91,82.77,187100,78.29
2013-07-29,80.86,81.59,80.81,81.11,255000,76.72
2013-07-26,82.13,82.35,80.64,81.07,246900,76.68
2013-07-25,80.21,82.59,79.68,82.52,487100,78.05
2013-07-24,80.16,80.80,79.25,80.52,411500,76.16
2013-07-23,77.00,80.35,76.99,80.01,731000,75.68
2013-07-22,81.96,82.25,81.33,81.49,319600,77.08
2013-07-19,80.78,81.84,80.66,81.63,230400,77.21
2013-07-18,80.15,80.87,79.98,80.87,192200,76.49
2013-07-17,78.90,80.39,78.90,80.16,121100,75.82
2013-07-16,79.87,79.89,79.31,79.35,230400,75.05
2013-07-15,79.51,80.22,79.51,79.88,128300,75.56
2013-07-12,78.92,79.86,78.92,79.53,183900,75.22
2013-07-11,79.95,79.95,78.55,79.09,191200,74.81
2013-07-10,78.18,79.01,77.95,78.53,157700,74.28
2013-07-09,77.13,78.49,76.77,78.42,257700,74.17
2013-07-08,76.21,77.13,76.13,76.97,209500,72.80
2013-07-05,76.20,76.34,75.28,75.98,305800,71.87
2013-07-03,75.15,75.77,75.15,75.59,177600,71.50
2013-07-02,76.08,76.87,75.60,75.95,181100,71.84
2013-07-01,75.92,76.70,75.19,76.25,403300,72.12
2013-06-28,75.52,76.19,75.04,75.81,328100,71.71
2013-06-27,74.16,75.93,74.16,75.76,134100,71.66
2013-06-26,74.69,74.92,73.58,73.63,407600,69.64
2013-06-25,74.12,74.60,73.61,73.88,364900,69.88
2013-06-24,73.85,74.27,73.23,73.45,337600,69.47
2013-06-21,75.25,75.55,73.81,74.72,337700,70.67
2013-06-20,76.48,76.53,74.74,74.93,287600,70.87
2013-06-19,77.82,78.04,76.66,77.07,213300,72.90
2013-06-18,77.10,78.19,76.94,77.90,177700,73.68
2013-06-17,77.29,77.43,76.57,76.93,274800,72.77
2013-06-14,76.95,77.44,76.39,76.55,209700,72.41
2013-06-13,75.66,77.21,74.58,77.07,203200,72.90
2013-06-12,77.54,77.68,75.49,75.85,187800,71.74
2013-06-11,76.28,77.55,75.80,76.97,212500,72.80
2013-06-10,77.44,77.76,76.83,77.35,111800,73.16
2013-06-07,77.27,78.12,76.86,77.35,197700,73.16
2013-06-06,75.69,76.81,75.60,76.77,179100,72.61
2013-06-05,76.36,76.81,75.31,75.80,227900,71.70
2013-06-04,77.36,78.22,75.96,76.70,179400,72.55
2013-06-03,76.72,77.38,75.50,77.32,277500,73.13
2013-05-31,76.62,77.95,76.37,76.73,125800,72.58
2013-05-30,76.18,77.36,76.11,76.95,115300,72.78
2013-05-29,76.13,76.39,75.26,76.09,181500,71.97
2013-05-28,76.71,77.36,76.03,76.46,393200,72.32
2013-05-24,75.34,76.15,74.71,75.72,186300,71.62
2013-05-23,74.78,75.86,74.78,75.56,190300,71.47
2013-05-22,76.31,76.84,74.90,75.46,336000,71.37
2013-05-21,75.98,76.83,75.65,76.37,203400,72.24
2013-05-20,74.76,76.25,74.76,75.88,168700,71.77
2013-05-17,74.39,74.95,74.23,74.89,370400,70.84
2013-05-16,73.91,74.92,73.72,73.97,395300,69.97
2013-05-15,72.97,74.22,72.87,74.00,163100,69.99
2013-05-14,72.28,73.27,72.28,73.18,135500,69.22
2013-05-13,72.72,72.86,72.08,72.24,128400,68.33
2013-05-10,72.50,73.03,72.29,72.96,121100,69.01
2013-05-09,72.34,72.85,72.06,72.28,190100,68.37
2013-05-08,72.13,72.61,71.84,72.61,170100,68.68
2013-05-07,71.81,72.42,71.23,72.16,317500,68.25
2013-05-06,71.37,72.27,71.25,71.49,360000,67.62
2013-05-03,70.33,71.89,70.33,71.34,205300,67.48
2013-05-02,69.79,70.10,69.58,69.86,286000,66.08
2013-05-01,71.43,71.47,69.48,69.51,486300,65.75
2013-04-30,70.83,71.74,70.43,71.74,361400,67.86
2013-04-29,71.19,71.49,70.59,70.81,334600,66.98
2013-04-26,70.87,71.00,70.23,70.60,332600,66.78
2013-04-25,70.49,71.60,70.22,70.96,406300,67.12
2013-04-24,68.59,70.16,68.59,70.07,421900,66.28
2013-04-23,66.75,69.69,66.10,68.70,594600,64.98
2013-04-22,65.54,66.42,64.94,65.91,525900,62.34
2013-04-19,65.87,66.12,65.05,65.40,468100,61.86
2013-04-18,66.80,66.95,65.39,65.86,534200,62.29
2013-04-17,67.73,67.73,66.26,66.81,432800,63.19
2013-04-16,68.24,68.46,67.55,68.23,279100,64.54
2013-04-15,69.54,69.94,67.59,67.76,455300,64.09
2013-04-12,70.16,70.36,68.90,69.96,139800,66.17
2013-04-11,70.38,70.87,70.04,70.42,122000,66.61
2013-04-10,69.14,70.61,69.09,70.34,235700,66.53
2013-04-09,69.24,69.64,68.97,69.11,164000,65.37
2013-04-08,68.51,68.97,67.78,68.92,185600,65.19
2013-04-05,67.82,68.56,67.37,68.51,279600,64.80
2013-04-04,68.62,68.76,68.24,68.74,312900,65.02
2013-04-03,69.35,69.35,68.26,68.54,293900,64.83
2013-04-02,69.38,69.52,68.60,69.20,371400,65.45
2013-04-01,69.74,69.83,68.49,69.09,357500,65.35
2013-03-28,69.91,70.08,69.26,69.92,174300,66.13
2013-03-27,69.71,70.28,69.40,69.83,152500,66.05
2013-03-26,70.45,70.97,69.91,70.15,170900,66.35
2013-03-25,70.91,70.91,69.61,70.47,279600,66.66
2013-03-22,70.76,70.98,70.07,70.36,184700,66.55
2013-03-21,70.52,70.87,69.87,70.61,235200,66.79
2013-03-20,70.82,71.25,70.63,70.87,196800,67.03
2013-03-19,70.65,70.87,69.92,70.51,592900,66.69
2013-03-18,69.90,70.76,69.51,70.63,548400,66.81
2013-03-15,70.69,70.81,70.37,70.71,224200,66.88
2013-03-14,70.33,70.67,70.21,70.62,146600,66.80
2013-03-13,69.77,70.41,69.61,70.04,357200,66.25
2013-03-12,69.39,69.98,69.39,69.84,182500,66.06
2013-03-11,69.42,69.91,69.26,69.74,229800,65.96
2013-03-08,69.64,69.85,67.72,69.51,305500,65.75
2013-03-07,68.83,69.57,68.72,69.19,215900,65.44
2013-03-06,68.98,69.29,68.57,68.82,260200,65.09
2013-03-05,68.52,69.76,68.52,68.76,439200,65.04
2013-03-04,68.50,68.81,67.22,68.14,630800,64.45
2013-03-01,68.60,69.00,67.86,68.64,461900,64.92
2013-02-28,69.01,69.67,68.65,68.92,507300,65.19
2013-02-27,68.62,69.79,68.36,68.96,850500,65.23
2013-02-26,68.87,68.87,68.14,68.56,495500,64.85
2013-02-25,70.25,70.49,68.54,68.57,552300,64.86
2013-02-22,69.90,70.23,69.45,69.98,436200,66.19
2013-02-21,69.86,69.86,68.84,69.50,465000,65.74
2013-02-20,70.63,70.83,69.55,69.90,266800,66.12
2013-02-19,70.48,71.02,70.05,70.60,274900,66.78
2013-02-15,70.30,70.95,69.95,70.36,757400,66.55
2013-02-14,70.06,70.61,69.88,70.39,641600,66.58
2013-02-13,70.49,70.68,69.39,70.13,767700,66.33
2013-02-12,70.66,70.90,70.10,70.34,638200,66.53
2013-02-11,70.68,71.11,69.99,70.66,607100,66.83
2013-02-08,69.90,71.43,69.90,70.90,729900,67.06
2013-02-07,69.64,70.70,69.34,69.81,797200,66.03
2013-02-06,69.34,70.06,69.09,69.75,592700,65.97
2013-02-05,68.23,70.37,68.13,69.91,675700,66.13
2013-02-04,67.71,68.71,67.71,68.13,709600,64.44
2013-02-01,67.67,68.31,67.17,68.13,691300,64.44
2013-01-31,67.46,67.55,66.56,67.28,671900,63.64
2013-01-30,65.90,67.47,65.90,67.25,936600,63.61
2013-01-29,67.26,68.19,64.90,66.16,882800,62.58
2013-01-28,67.65,68.42,67.37,67.56,608200,63.90
2013-01-25,67.19,68.15,67.03,67.72,519500,64.05
2013-01-24,67.10,67.80,66.71,66.94,661500,63.32
2013-01-23,66.59,67.15,66.55,67.02,536400,63.39
2013-01-22,66.38,66.77,65.81,66.68,537300,63.07
2013-01-18,67.58,68.13,65.60,66.42,676900,62.82
2013-01-17,67.17,68.20,67.08,67.84,332100,64.17
2013-01-16,64.91,67.51,64.91,66.79,747100,63.17
2013-01-15,64.57,65.39,64.31,64.98,198500,61.46
2013-01-14,64.78,65.28,64.52,64.80,125200,61.29
2013-01-11,64.58,65.03,64.09,64.84,682200,61.33
2013-01-10,64.91,65.21,63.92,64.51,435800,61.02
2013-01-09,64.99,65.64,64.70,64.80,464000,61.29
2013-01-08,66.29,66.56,64.85,65.01,572100,61.49
2013-01-07,66.24,66.82,66.24,66.51,462100,62.91
2013-01-04,66.03,66.72,65.63,66.50,224600,62.90
2013-01-03,66.09,66.89,65.43,65.70,231600,62.14
2013-01-02,64.50,65.98,63.99,65.92,567600,62.35
2012-12-31,62.45,64.00,62.00,63.98,115400,60.52
2012-12-28,62.66,63.19,62.47,62.64,119400,59.25
2012-12-27,62.94,63.26,62.28,63.14,113000,59.72
2012-12-26,63.04,63.26,62.79,63.00,123000,59.59
2012-12-24,63.18,63.37,62.54,62.87,52800,59.47
2012-12-21,62.77,63.25,62.25,63.20,346500,59.78
2012-12-20,63.01,63.54,62.76,63.45,203600,60.02
2012-12-19,62.90,63.28,62.54,62.86,214000,59.46
2012-12-18,62.12,63.11,61.75,63.02,228100,59.61
2012-12-17,61.28,61.87,61.23,61.81,123200,58.46
2012-12-14,60.98,61.57,60.73,61.04,315700,57.74
2012-12-13,61.35,61.76,60.74,61.07,201700,57.76
2012-12-12,61.98,62.41,60.99,61.36,172600,58.04
2012-12-11,62.00,62.30,61.29,61.75,186400,58.41
2012-12-10,62.20,62.20,61.27,61.68,192800,58.34
2012-12-07,61.96,61.97,61.39,61.71,181800,58.37
2012-12-06,61.49,61.80,61.11,61.47,205700,58.14
2012-12-05,61.86,62.00,61.17,61.67,217900,58.33
2012-12-04,60.95,61.61,60.71,61.53,152200,58.20
2012-12-03,61.50,61.50,60.50,60.92,161900,57.62
2012-11-30,61.13,61.15,60.58,61.08,212300,57.77
2012-11-29,60.48,61.00,59.87,61.00,211700,57.70
2012-11-28,59.21,59.99,58.80,59.99,167100,56.74
2012-11-27,59.54,59.98,58.86,59.59,251000,56.36
2012-11-26,59.62,59.91,59.20,59.70,191100,56.47
2012-11-23,59.18,60.51,58.31,59.96,143600,56.71
2012-11-21,58.84,59.03,58.43,58.83,118000,55.65
2012-11-20,58.64,58.81,58.20,58.60,128000,55.43
2012-11-19,58.05,59.00,57.87,58.91,159500,55.72
2012-11-16,58.17,58.17,57.04,57.50,214700,54.39
2012-11-15,58.07,58.52,57.62,57.92,133500,54.78
2012-11-14,58.95,59.17,58.18,58.18,395200,55.03
2012-11-13,58.61,59.20,58.38,58.64,157000,55.47
2012-11-12,59.82,59.82,58.80,59.15,89300,55.95
2012-11-09,58.58,60.01,58.54,59.57,205100,56.35
2012-11-08,59.45,59.66,58.26,59.00,402000,55.81
2012-11-07,59.81,60.40,59.27,59.45,242700,56.23
2012-11-06,60.22,61.08,60.01,60.94,207300,57.64
2012-11-05,59.10,60.18,59.10,60.03,257700,56.78
2012-11-02,59.89,59.92,58.80,58.94,578300,55.75
2012-11-01,58.42,59.71,58.39,59.51,312400,56.29
2012-10-31,57.36,58.62,57.36,58.62,232500,55.45
2012-10-26,57.40,57.75,56.55,57.27,245800,54.17
2012-10-25,56.58,57.52,56.26,57.52,281600,54.41
2012-10-24,56.49,56.77,55.90,56.13,361800,53.09
2012-10-23,54.98,56.90,54.80,56.34,469900,53.29
2012-10-22,55.76,56.10,55.00,55.73,253200,52.71
2012-10-19,55.94,56.16,55.65,55.77,538100,52.75
2012-10-18,57.25,57.25,56.28,56.49,217900,53.43
2012-10-17,55.78,56.91,55.68,56.80,195500,53.73
2012-10-16,55.51,56.00,55.41,55.74,308300,52.72
2012-10-15,54.45,55.29,54.17,55.29,681900,52.30
2012-10-12,54.99,55.32,54.11,54.36,278000,51.42
2012-10-11,55.14,55.49,54.56,55.15,345800,52.16
2012-10-10,55.10,55.25,54.26,54.70,360600,51.74
2012-10-09,56.78,56.78,55.20,55.36,207500,52.36
2012-10-08,56.63,57.15,56.61,56.91,112300,53.83
2012-10-05,57.36,57.70,56.86,56.99,134300,53.90
2012-10-04,57.28,57.42,56.69,57.00,166700,53.91
2012-10-03,57.25,57.29,56.61,57.04,234800,53.95
2012-10-02,58.00,58.24,56.98,57.05,331700,53.96
2012-10-01,57.67,58.31,57.18,57.74,296000,54.61
2012-09-28,57.24,57.78,56.83,57.46,313800,54.35
2012-09-27,56.40,57.59,56.40,57.58,358500,54.46
2012-09-26,57.30,57.42,56.17,56.36,384300,53.31
2012-09-25,59.22,60.49,57.15,57.30,826500,54.20
2012-09-24,62.15,62.53,61.59,62.19,97700,58.82
2012-09-21,62.73,63.09,62.40,62.56,200000,59.17
2012-09-20,62.30,62.50,61.73,62.05,121800,58.69
2012-09-19,62.65,63.23,62.64,62.75,164800,59.35
2012-09-18,63.00,63.25,62.38,62.65,136700,59.26
2012-09-17,63.33,63.57,62.83,63.18,222400,59.76
2012-09-14,63.32,63.92,63.23,63.63,183000,60.19
2012-09-13,63.00,63.19,62.44,63.01,232000,59.60
2012-09-12,62.59,62.93,62.11,62.93,93900,59.52
2012-09-11,62.12,62.61,62.11,62.31,131100,58.94
2012-09-10,62.24,62.43,62.11,62.25,116200,58.88
2012-09-07,62.20,62.76,61.90,62.13,160900,58.77
2012-09-06,61.34,62.96,60.98,62.10,217800,58.74
2012-09-05,60.66,61.24,60.31,60.81,143000,57.52
2012-09-04,60.29,61.32,59.60,60.75,144100,57.46
2012-08-31,60.54,60.85,59.95,60.13,153300,56.87
2012-08-30,60.83,60.83,59.97,60.00,115300,56.75
2012-08-29,61.33,61.85,61.05,61.24,195400,57.92
2012-08-28,60.77,61.46,60.77,61.26,188800,57.94
2012-08-27,61.21,61.21,60.68,60.92,199800,57.62
2012-08-24,60.62,61.28,60.29,61.07,162100,57.76
2012-08-23,60.95,61.27,60.65,60.92,164100,57.62
2012-08-22,61.19,61.37,60.57,61.06,368100,57.75
2012-08-21,61.45,61.90,60.81,61.21,125400,57.90
2012-08-20,61.47,61.47,60.91,61.29,518700,57.97
2012-08-17,61.41,61.76,61.11,61.37,237400,58.05
2012-08-16,60.52,61.69,60.37,61.43,102900,58.10
2012-08-15,59.65,60.88,59.65,60.70,170300,57.41
2012-08-14,60.48,60.91,59.84,59.96,220600,56.71
2012-08-13,59.96,60.40,59.72,60.23,298000,56.97
2012-08-10,59.75,60.24,59.30,60.15,348400,56.89
2012-08-09,59.40,60.09,58.95,59.90,314200,56.66
2012-08-08,59.63,60.09,59.34,59.64,324900,56.41
2012-08-07,57.35,60.49,57.14,59.65,663800,56.42
2012-08-06,56.60,57.62,55.94,57.15,244900,54.06
2012-08-03,56.27,57.11,56.03,56.72,279500,53.65
2012-08-02,55.28,55.79,54.15,55.27,292400,52.28
2012-08-01,57.09,57.09,55.50,55.65,446300,52.64
2012-07-31,55.40,57.61,55.35,56.91,656000,53.83
2012-07-30,54.76,55.72,54.46,55.54,302800,52.53
2012-07-27,51.85,54.98,51.67,54.67,478000,51.71
2012-07-26,50.39,51.14,49.76,51.04,671800,48.28
2012-07-25,50.38,50.68,49.23,49.76,511900,47.07
2012-07-24,48.13,51.66,47.98,49.92,1284500,47.22
2012-07-23,51.76,52.43,51.63,51.97,446700,49.16
2012-07-20,54.10,54.20,52.85,52.87,300200,50.01
2012-07-19,54.09,54.75,53.65,54.47,437700,51.52
2012-07-18,51.35,53.76,51.13,53.70,302200,50.79
2012-07-17,52.30,52.54,51.24,51.62,251700,48.83
2012-07-16,53.20,53.43,51.93,52.09,206600,49.27
2012-07-13,52.95,53.90,52.82,53.58,137800,50.68
2012-07-12,51.97,52.95,51.59,52.69,176400,49.84
2012-07-11,52.05,52.84,51.63,52.59,351100,49.74
2012-07-10,53.30,53.93,51.80,52.00,227100,49.18
2012-07-09,53.58,53.92,52.83,53.17,262900,50.29
2012-07-06,54.61,55.06,53.35,53.84,190200,50.93
2012-07-05,54.88,55.38,54.19,55.11,167000,52.13
2012-07-03,53.60,55.12,53.60,55.12,118300,52.14
2012-07-02,53.35,53.73,52.82,53.72,203000,50.81
2012-06-29,52.33,53.18,51.99,53.05,357000,50.18
2012-06-28,52.06,52.40,50.75,51.14,537500,48.37
2012-06-27,52.25,52.86,51.84,52.52,357300,49.68
2012-06-26,52.94,53.43,52.11,52.22,350800,49.39
2012-06-25,53.50,53.53,52.59,52.85,275000,49.99
2012-06-22,54.23,54.69,53.67,54.47,266100,51.52
2012-06-21,55.87,56.22,53.66,53.80,297200,50.89
2012-06-20,55.28,56.30,54.83,55.95,369700,52.92
2012-06-19,54.32,55.48,54.21,55.31,339200,52.32
2012-06-18,52.66,53.94,52.23,53.90,308400,50.98
2012-06-15,53.11,53.58,52.76,53.03,290900,50.16
2012-06-14,53.35,53.85,52.48,53.11,368200,50.23
2012-06-13,54.73,54.87,53.08,53.23,276100,50.35
2012-06-12,54.84,55.28,53.90,54.72,847800,51.76
2012-06-11,56.87,57.22,54.47,54.53,251900,51.58
2012-06-08,55.84,56.59,55.34,56.40,142400,53.35
2012-06-07,57.67,58.11,55.96,56.05,209900,53.02
2012-06-06,56.62,57.17,56.07,56.86,417600,53.78
2012-06-05,54.77,56.39,54.51,56.24,391600,53.20
2012-06-04,55.89,56.11,54.43,55.05,445100,52.07
2012-06-01,55.83,56.92,55.43,55.56,268600,52.55
2012-05-31,59.00,59.31,57.12,57.51,378300,54.40
2012-05-30,59.60,59.60,58.53,59.00,176300,55.81
2012-05-29,58.79,60.32,58.79,60.07,298400,56.82
2012-05-25,59.00,59.20,58.19,58.43,398300,55.27
2012-05-24,58.73,58.74,57.84,58.50,372900,55.33
2012-05-23,58.88,59.55,58.33,58.50,568000,55.33
2012-05-22,59.00,59.53,58.50,59.47,285000,56.25
2012-05-21,58.40,59.28,57.94,59.01,254900,55.82
2012-05-18,58.48,59.73,57.77,58.07,278800,54.93
2012-05-17,60.42,60.93,58.51,58.54,253200,55.37
2012-05-16,61.85,62.01,60.41,60.50,198500,57.22
2012-05-15,61.87,62.70,61.50,61.63,244000,58.29
2012-05-14,62.68,62.99,61.08,61.71,534300,58.37
2012-05-11,67.30,68.22,67.30,67.74,557000,59.82
2012-05-10,68.61,68.64,67.34,67.60,380200,59.69
2012-05-09,67.38,68.53,66.86,68.16,263000,60.19
2012-05-08,67.47,68.29,66.39,68.21,412500,60.23
2012-05-07,67.65,68.42,67.43,68.06,355000,60.10
2012-05-04,68.87,69.04,67.49,67.91,329700,59.97
2012-05-03,69.44,69.94,68.92,69.23,519000,61.13
2012-05-02,68.50,69.59,68.13,69.43,256000,61.31
2012-05-01,68.36,69.71,67.87,68.82,516700,60.77
2012-04-30,69.39,69.39,68.43,68.58,293000,60.56
2012-04-27,68.93,69.61,68.82,69.42,215100,61.30
2012-04-26,66.64,68.59,66.55,68.56,260300,60.54
2012-04-25,69.60,69.60,66.68,66.98,686200,59.15
2012-04-24,69.88,71.27,68.16,69.53,1099600,61.40
2012-04-23,69.20,69.86,68.53,69.68,203600,61.53
2012-04-20,70.45,70.71,69.99,70.31,221100,62.09
2012-04-19,70.57,71.07,69.44,69.65,257900,61.50
2012-04-18,71.08,71.32,70.29,70.71,271500,62.44
2012-04-17,71.29,71.91,71.29,71.48,309400,63.12
2012-04-16,70.68,71.05,69.78,70.71,206700,62.44
2012-04-13,70.69,71.39,70.13,70.34,213500,62.11
2012-04-12,70.02,71.25,70.02,70.87,197600,62.58
2012-04-11,69.58,70.30,69.01,70.09,409700,61.89
2012-04-10,69.78,70.06,68.82,69.26,397100,61.16
2012-04-09,69.31,70.69,69.16,70.13,177400,61.93
2012-04-05,70.83,71.19,70.49,70.71,463000,62.44
2012-04-04,71.27,71.48,69.89,71.29,306400,62.95
2012-04-03,72.76,72.98,71.69,72.13,157600,63.69
2012-04-02,72.32,73.15,71.04,73.06,253000,64.51
2012-03-30,72.94,73.32,72.16,72.53,230800,64.05
2012-03-29,71.66,72.52,70.92,72.27,126500,63.82
2012-03-28,73.26,73.26,71.32,72.13,215700,63.69
2012-03-27,73.30,73.96,72.88,73.37,155700,64.79
2012-03-26,72.86,74.00,72.16,73.16,296400,64.60
2012-03-23,71.11,72.10,70.81,71.90,158700,63.49
2012-03-22,70.60,71.10,69.85,70.98,246200,62.68
2012-03-21,71.11,71.67,70.47,71.38,145100,63.03
2012-03-20,71.77,72.20,70.34,70.98,180700,62.68
2012-03-19,71.68,73.13,71.31,72.37,159300,63.90
2012-03-16,71.86,72.15,71.32,71.58,207300,63.21
2012-03-15,71.19,72.00,70.98,71.74,154400,63.35
2012-03-14,72.20,72.76,70.98,71.34,118400,63.00
2012-03-13,71.40,72.39,70.94,72.37,298800,63.90
2012-03-12,70.86,70.93,69.88,70.84,387100,62.55
2012-03-09,69.49,71.45,69.07,70.92,205200,62.62
2012-03-08,68.97,69.89,68.48,69.60,143300,61.46
2012-03-07,67.66,68.76,67.51,68.50,249200,60.49
2012-03-06,67.60,67.60,67.00,67.53,345100,59.63
2012-03-05,67.84,68.46,67.35,68.36,308000,60.36
2012-03-02,69.26,69.85,67.82,68.26,163100,60.28
2012-03-01,69.77,70.39,69.32,69.40,255500,61.28
2012-02-29,69.71,70.19,68.80,69.54,308700,61.41
2012-02-28,68.68,69.85,68.36,69.51,253000,61.38
2012-02-27,68.78,69.21,67.52,68.68,249500,60.65
2012-02-24,69.58,70.58,68.90,69.54,175500,61.41
2012-02-23,68.49,69.36,67.78,69.02,157000,60.95
2012-02-22,69.68,70.01,68.63,68.75,126200,60.71
2012-02-21,69.44,70.56,69.04,70.08,168200,61.88
2012-02-17,69.90,69.97,69.20,69.43,94600,61.31
2012-02-16,68.96,69.85,68.93,69.57,303700,61.43
2012-02-15,69.86,70.04,68.53,68.86,133100,60.81
2012-02-14,69.33,70.02,68.81,69.57,202000,61.43
2012-02-13,70.18,70.61,69.54,69.93,231400,61.75
2012-02-10,69.41,69.65,68.83,69.20,177400,61.11
2012-02-09,70.61,70.94,69.98,70.24,229300,62.02
2012-02-08,70.43,70.91,70.10,70.62,119700,62.36
2012-02-07,69.89,70.55,69.59,70.43,168600,62.19
2012-02-06,70.21,70.71,69.79,70.23,202900,62.02
2012-02-03,69.32,71.27,69.32,70.78,444700,62.50
2012-02-02,66.63,68.16,66.63,68.02,358400,60.06
2012-02-01,65.99,66.74,65.33,66.57,340800,58.78
2012-01-31,66.48,67.00,63.85,65.51,600200,57.85
2012-01-30,67.73,68.50,67.39,67.75,171500,59.83
2012-01-27,67.69,68.64,67.63,68.29,127600,60.30
2012-01-26,68.02,68.71,67.71,68.11,196200,60.14
2012-01-25,66.84,67.63,66.52,67.45,100300,59.56
2012-01-24,66.53,67.96,65.85,67.14,131400,59.29
2012-01-23,66.25,67.33,66.00,66.90,143200,59.07
2012-01-20,66.53,66.99,66.00,66.60,131000,58.81
2012-01-19,65.44,67.12,64.79,66.66,209700,58.86
2012-01-18,64.32,65.62,64.31,65.35,228300,57.71
2012-01-17,65.04,65.43,63.95,64.31,306700,56.79
2012-01-13,64.15,65.29,64.15,64.68,136800,57.11
2012-01-12,64.99,65.65,64.09,65.11,183100,57.49
2012-01-11,63.64,65.00,63.54,64.50,362300,56.96
2012-01-10,62.99,63.87,62.62,63.45,285700,56.03
2012-01-09,62.11,62.46,61.42,61.99,354700,54.74
2012-01-06,61.32,62.15,60.62,61.69,224300,54.47
2012-01-05,60.76,61.46,59.85,61.23,330400,54.07
2012-01-04,60.89,61.75,60.21,61.25,156700,54.09
2012-01-03,61.32,62.11,60.39,61.35,203400,54.17
2011-12-30,60.19,60.59,59.64,59.64,107300,52.66
2011-12-29,59.84,60.59,59.79,60.35,80300,53.29
2011-12-28,61.02,61.26,59.52,59.80,236200,52.81
2011-12-27,60.48,61.57,60.14,61.15,90100,54.00
2011-12-23,60.25,61.04,59.93,61.04,58700,53.90
2011-12-22,59.12,60.32,58.97,60.11,134300,53.08
2011-12-21,59.42,59.86,57.84,58.94,121300,52.05
2011-12-20,58.40,59.88,57.97,59.79,223900,52.80
2011-12-19,58.84,59.09,56.97,57.08,115000,50.40
2011-12-16,57.68,58.68,57.00,58.30,383700,51.48
2011-12-15,58.23,58.61,56.80,57.12,160800,50.44
2011-12-14,58.07,58.10,56.57,57.51,326500,50.78
2011-12-13,60.75,61.50,58.21,58.66,302800,51.80
2011-12-12,60.70,60.70,59.60,60.25,120800,53.20
2011-12-09,60.39,61.93,60.33,61.61,167200,54.40
2011-12-08,61.45,61.70,59.91,60.01,148500,52.99
2011-12-07,61.93,62.55,60.87,62.23,257100,54.95
2011-12-06,61.98,62.99,61.55,62.62,226600,55.30
2011-12-05,60.91,62.68,60.41,62.08,249900,54.82
2011-12-02,60.95,61.46,59.45,60.01,275400,52.99
2011-12-01,61.01,61.67,60.36,60.53,171000,53.45
2011-11-30,58.36,61.41,58.03,61.41,438300,54.23
2011-11-29,56.50,56.94,55.72,56.25,212900,49.67
2011-11-28,55.18,56.56,54.92,56.56,256200,49.94
2011-11-25,53.66,54.56,53.26,53.28,132800,47.05
2011-11-23,56.00,56.11,54.01,54.05,282300,47.73
2011-11-22,57.91,58.15,56.41,56.82,126800,50.17
2011-11-21,58.39,58.68,57.65,58.09,165900,51.30
2011-11-18,59.11,60.14,58.89,59.63,234000,52.66
2011-11-17,59.75,60.34,58.58,58.98,203000,52.08
2011-11-16,60.14,60.88,59.62,60.07,516900,53.04
2011-11-15,59.76,61.29,59.41,60.95,186200,53.82
2011-11-14,60.26,60.82,59.51,60.22,317700,53.18
2011-11-11,59.09,60.71,58.93,60.32,280400,53.26
2011-11-10,57.45,58.25,56.26,58.25,360000,51.44
2011-11-09,59.61,60.27,56.61,56.70,393000,50.07
2011-11-08,58.96,62.52,58.55,61.96,711100,54.71
2011-11-07,58.37,58.74,57.27,58.50,195700,51.66
2011-11-04,58.87,59.23,57.94,58.69,225400,51.83
2011-11-03,58.45,60.09,56.93,59.63,315200,52.66
2011-11-02,57.66,58.18,57.00,57.64,251800,50.90
2011-11-01,56.24,57.34,55.57,56.62,481400,50.00
2011-10-31,58.24,59.99,57.69,58.69,373000,51.83
2011-10-28,59.08,59.99,58.71,59.30,348600,52.36
2011-10-27,59.63,60.14,57.97,59.18,615200,52.26
2011-10-26,57.52,58.22,56.00,57.66,579800,50.92
2011-10-25,57.00,59.45,51.81,56.12,1058500,49.56
2011-10-24,50.62,53.15,50.62,52.68,304400,46.52
2011-10-21,49.76,50.65,48.73,50.50,358700,44.59
2011-10-20,48.75,49.49,47.90,48.82,364000,43.11
2011-10-19,51.03,51.03,48.36,48.68,546100,42.99
2011-10-18,49.85,51.74,49.26,51.37,324200,45.36
2011-10-17,52.30,52.30,49.76,49.92,246900,44.08
2011-10-14,51.51,53.00,51.35,52.90,228400,46.71
2011-10-13,51.54,51.85,50.21,50.84,257900,44.89
2011-10-12,50.81,52.87,50.81,52.04,294600,45.95
2011-10-11,50.59,50.88,49.69,50.34,201800,44.45
2011-10-10,50.60,51.31,50.07,51.31,220400,45.31
2011-10-07,48.43,51.09,48.03,49.37,430100,43.60
2011-10-06,47.85,48.33,47.41,48.05,754600,42.43
2011-10-05,48.44,49.30,47.66,48.27,345500,42.62
2011-10-04,44.65,48.23,44.52,48.14,553400,42.51
2011-10-03,46.96,47.51,45.05,45.10,543600,39.82
2011-09-30,48.79,49.39,47.38,47.44,324400,41.89
2011-09-29,50.56,50.81,48.35,49.83,300400,44.00
2011-09-28,52.25,52.40,49.18,49.30,336500,43.53
2011-09-27,50.07,53.67,49.92,52.13,658600,46.03
2011-09-26,50.00,50.02,48.22,48.91,512600,43.19
2011-09-23,48.99,49.94,48.75,49.48,325800,43.69
2011-09-22,51.16,51.18,48.37,49.33,772300,43.56
2011-09-21,55.65,56.06,53.00,53.07,394200,46.86
2011-09-20,57.85,58.06,55.43,55.51,455500,49.02
2011-09-19,57.22,58.22,56.73,57.74,225100,50.99
2011-09-16,59.01,59.37,57.93,58.63,631500,51.77
2011-09-15,58.20,58.82,57.35,58.61,269800,51.75
2011-09-14,56.28,58.18,54.91,57.51,383800,50.78
2011-09-13,55.22,55.90,54.76,55.70,476600,49.18
2011-09-12,53.44,55.21,53.25,55.17,255500,48.72
2011-09-09,56.17,56.39,53.54,54.15,327000,47.82
2011-09-08,57.66,58.21,56.15,56.56,290600,49.94
2011-09-07,56.88,58.00,56.63,57.93,360100,51.15
2011-09-06,54.20,56.08,53.90,55.85,439200,49.32
2011-09-02,56.83,57.67,55.88,56.11,362300,49.55
2011-09-01,58.90,60.20,58.16,58.46,439800,51.62
2011-08-31,58.23,59.48,58.09,59.01,497000,52.11
2011-08-30,56.84,58.53,56.51,57.94,440300,51.16
2011-08-29,55.04,57.52,54.66,57.36,426300,50.65
2011-08-26,51.40,54.51,51.02,54.19,414800,47.85
2011-08-25,52.45,53.18,51.44,52.07,544000,45.98
2011-08-24,51.03,52.16,50.45,51.97,246200,45.89
2011-08-23,48.95,51.32,48.95,51.29,412700,45.29
2011-08-22,50.05,50.09,48.49,48.72,331200,43.02
2011-08-19,48.13,50.44,48.05,48.70,474700,43.00
2011-08-18,51.19,51.36,48.64,49.09,594200,43.35
2011-08-17,53.28,54.64,52.47,53.03,459100,46.83
2011-08-16,52.85,54.17,52.63,53.29,455700,47.06
2011-08-15,52.35,53.87,51.95,53.83,772900,47.53
2011-08-12,51.32,52.47,50.53,51.73,723300,45.68
2011-08-11,48.51,51.93,48.15,50.99,907400,45.03
2011-08-10,50.38,51.02,48.02,48.12,765700,42.49
2011-08-09,50.58,51.76,47.81,51.73,1057100,45.68
2011-08-08,51.94,53.38,48.51,49.00,760500,43.27
2011-08-05,55.70,55.81,52.84,53.70,514800,47.42
2011-08-04,58.32,58.89,54.87,54.96,628300,48.53
2011-08-03,59.25,60.00,58.26,59.36,497300,52.42
2011-08-02,62.25,62.81,60.27,60.48,355800,53.41
2011-08-01,63.15,63.56,61.96,62.80,420400,55.45
2011-07-29,61.66,62.68,61.38,62.42,368300,55.12
2011-07-28,63.40,63.67,62.39,62.54,385100,55.22
2011-07-27,64.86,65.47,63.17,63.30,443300,55.90
2011-07-26,66.39,66.52,64.78,65.61,295200,57.94
2011-07-25,65.87,67.12,65.60,66.57,210500,58.78
2011-07-22,66.39,67.10,66.24,66.81,168700,59.00
2011-07-21,65.40,66.65,65.02,66.35,241600,58.59
2011-07-20,65.57,65.57,64.64,65.17,116500,57.55
2011-07-19,63.87,65.69,63.82,65.60,292900,57.93
2011-07-18,64.64,64.74,63.08,63.50,245000,56.07
2011-07-15,65.37,65.37,64.43,64.98,210300,57.38
2011-07-14,66.24,66.47,64.87,65.15,330600,57.53
2011-07-13,65.72,66.90,65.49,66.12,387200,58.39
2011-07-12,65.23,65.81,65.01,65.46,354900,57.80
2011-07-11,66.03,66.65,65.20,65.62,420600,57.94
2011-07-08,66.80,67.05,66.55,67.01,171000,59.17
2011-07-07,67.43,68.15,67.02,67.85,256600,59.91
2011-07-06,65.95,66.87,65.75,66.81,189200,59.00
2011-07-05,66.07,66.25,64.95,66.16,396900,58.42
2011-07-01,65.36,66.25,64.73,66.10,500900,58.37
2011-06-30,65.50,66.55,64.96,65.34,548500,57.70
2011-06-29,64.85,65.79,64.40,65.45,277100,57.79
2011-06-28,62.82,64.99,62.58,64.50,625300,56.96
2011-06-27,61.21,61.33,60.54,61.18,290800,54.02
2011-06-24,61.81,62.37,60.88,61.14,358100,53.99
2011-06-23,61.53,61.79,60.82,61.69,366700,54.47
2011-06-22,62.16,62.71,62.08,62.40,230700,55.10
2011-06-21,62.51,63.31,62.24,62.62,221300,55.30
2011-06-20,61.38,62.18,61.11,62.15,169000,54.88
2011-06-17,62.13,62.30,61.38,61.52,249100,54.32
2011-06-16,62.23,62.46,61.06,61.66,145900,54.45
2011-06-15,63.08,63.37,61.62,62.10,361900,54.84
2011-06-14,63.38,64.57,63.26,64.07,478000,56.58
2011-06-13,62.82,63.16,62.25,62.78,210900,55.44
2011-06-10,63.17,63.31,62.11,62.65,261900,55.32
2011-06-09,63.10,64.15,63.06,63.53,226000,56.10
2011-06-08,64.17,64.17,63.13,63.31,273600,55.90
2011-06-07,64.42,64.93,63.78,64.51,214900,56.96
2011-06-06,64.41,65.05,63.27,64.00,269600,56.51
2011-06-03,64.61,65.36,64.37,64.56,272300,57.01
2011-06-02,65.96,66.40,65.35,65.73,340400,58.04
2011-06-01,67.69,67.79,65.87,65.98,356000,58.26
2011-05-31,67.99,68.08,66.89,67.69,889500,59.77
2011-05-27,67.22,67.66,66.88,67.25,168100,59.38
2011-05-26,66.39,67.24,66.01,66.99,270100,59.15
2011-05-25,65.72,66.72,65.45,66.45,216300,58.68
2011-05-24,67.52,67.79,65.97,66.01,227200,58.29
2011-05-23,67.84,68.25,67.17,67.50,224200,59.60
2011-05-20,68.63,69.21,68.09,68.60,221000,60.58
2011-05-19,69.62,69.94,68.58,68.96,220800,60.89
2011-05-18,68.64,69.44,68.47,69.20,259700,61.11
2011-05-17,69.80,70.07,67.62,68.48,273900,60.47
2011-05-16,71.15,71.78,69.88,70.02,241700,61.83
2011-05-13,72.58,72.71,71.52,71.60,146400,63.22
2011-05-12,71.82,72.79,71.10,72.62,178000,64.13
2011-05-11,73.20,73.55,71.63,72.54,146200,64.05
2011-05-10,72.85,73.54,72.60,73.25,146700,64.68
2011-05-09,72.10,72.79,71.50,72.55,155000,64.06
2011-05-06,73.06,73.64,71.73,72.30,164500,63.84
2011-05-05,72.23,73.67,71.57,72.15,211100,63.71
2011-05-04,73.14,73.50,71.65,72.72,216000,64.21
2011-05-03,74.50,74.87,72.85,73.23,179000,64.66
2011-05-02,75.58,75.58,74.54,74.67,295000,65.94
2011-04-29,75.55,75.55,74.88,75.14,187000,66.35
2011-04-28,75.10,75.72,74.70,75.40,139300,66.58
2011-04-27,75.87,76.16,74.66,75.19,371800,66.40
2011-04-26,73.84,75.91,73.59,75.58,490600,66.74
2011-04-25,73.69,73.69,72.63,73.06,178300,64.51
2011-04-21,73.50,73.92,72.67,73.28,260600,64.71
2011-04-20,72.36,73.05,72.23,72.88,199500,64.36
2011-04-19,71.28,71.55,70.87,71.24,119300,62.91
2011-04-18,70.67,71.02,69.87,70.85,182800,62.56
2011-04-15,70.88,71.91,70.74,71.47,172500,63.11
2011-04-14,70.58,71.35,70.38,71.09,191200,62.77
2011-04-13,72.00,72.53,70.46,71.25,445400,62.92
2011-04-12,72.02,72.60,71.20,71.47,314600,63.11
2011-04-11,72.06,73.26,71.61,72.51,361100,64.03
2011-04-08,73.00,73.01,71.72,72.02,199900,63.60
2011-04-07,72.08,73.28,71.85,72.59,565200,64.10
2011-04-06,70.32,72.00,70.32,71.80,513800,63.40
2011-04-05,68.44,69.49,68.37,69.10,179100,61.02
2011-04-04,68.43,68.98,68.07,68.75,158100,60.71
2011-04-01,70.09,70.09,67.89,68.30,488500,60.31
2011-03-31,69.20,69.99,69.18,69.89,106300,61.71
2011-03-30,69.36,69.44,68.56,69.34,101800,61.23
2011-03-29,68.29,69.24,68.05,68.90,155700,60.84
2011-03-28,69.28,69.47,68.54,68.58,116400,60.56
2011-03-25,69.22,69.93,68.68,69.25,142800,61.15
2011-03-24,68.51,69.00,67.88,68.85,173200,60.80
2011-03-23,67.88,68.40,66.99,68.11,126800,60.14
2011-03-22,68.96,69.38,68.04,68.32,176800,60.33
2011-03-21,69.08,69.21,68.12,68.92,228600,60.86
2011-03-18,68.88,68.90,67.89,68.13,254300,60.16
2011-03-17,67.93,68.52,67.74,68.04,376800,60.08
2011-03-16,67.03,67.87,66.60,67.07,496600,59.22
2011-03-15,65.96,67.95,65.60,67.34,419900,59.46
2011-03-14,67.73,68.77,66.80,68.39,284700,60.39
2011-03-11,68.00,68.89,67.84,68.57,166500,60.55
2011-03-10,69.68,69.68,68.09,68.50,282300,60.49
2011-03-09,71.20,71.20,70.00,70.71,188800,62.44
2011-03-08,70.10,71.89,69.70,71.40,272000,63.05
2011-03-07,71.54,71.71,68.71,69.99,425100,61.80
2011-03-04,72.32,72.43,70.59,71.54,236400,63.17
2011-03-03,71.02,72.66,70.76,72.17,424600,63.73
2011-03-02,70.05,70.44,69.46,69.93,276400,61.75
2011-03-01,71.89,71.91,69.87,70.02,192100,61.83
2011-02-28,71.80,72.33,70.98,71.62,265300,63.24
2011-02-25,70.42,71.06,70.12,71.06,244100,62.75
2011-02-24,69.22,71.09,69.10,70.01,397900,61.82
2011-02-23,70.30,70.30,67.57,68.99,368400,60.92
2011-02-22,72.04,72.47,70.00,70.17,339600,61.96
2011-02-18,72.95,73.56,72.39,73.24,415100,64.67
2011-02-17,72.40,72.94,71.61,72.69,200800,64.19
2011-02-16,71.91,72.88,71.78,72.29,219300,63.83
2011-02-15,71.48,71.86,71.25,71.47,219500,63.11
2011-02-14,70.69,71.90,70.69,71.72,214300,63.33
2011-02-11,69.20,71.04,69.14,70.87,322300,62.58
2011-02-10,68.03,69.45,67.91,69.44,297300,61.32
2011-02-09,68.25,69.02,68.02,68.62,743600,60.59
2011-02-08,68.07,68.54,67.41,68.42,210600,60.42
2011-02-07,67.86,68.76,67.86,68.03,265900,60.07
2011-02-04,67.27,69.72,67.03,67.87,499300,59.93
2011-02-03,67.86,68.09,67.13,67.14,386600,59.29
2011-02-02,67.11,67.91,66.93,67.75,439400,59.83
2011-02-01,65.82,68.00,64.79,67.06,927700,59.22
2011-01-31,62.73,63.48,62.41,63.27,224500,55.87
2011-01-28,63.89,64.14,62.32,62.47,300200,55.16
2011-01-27,63.26,64.34,63.13,63.83,227400,56.36
2011-01-26,62.62,63.99,62.62,63.12,337500,55.74
2011-01-25,62.06,62.39,61.56,62.39,215800,55.09
2011-01-24,62.17,62.71,61.95,62.45,185100,55.15
2011-01-21,61.99,62.32,61.53,62.02,203900,54.77
2011-01-20,61.15,61.61,60.50,61.50,195400,54.31
2011-01-19,62.20,62.25,61.26,61.45,246500,54.26
2011-01-18,62.43,62.60,61.47,62.15,147900,54.88
2011-01-14,61.88,62.86,61.69,62.70,287100,55.37
2011-01-13,61.54,62.02,61.32,61.84,122300,54.61
2011-01-12,61.82,61.82,60.88,61.64,337600,54.43
2011-01-11,62.29,62.29,61.03,61.22,229400,54.06
2011-01-10,61.41,62.19,60.93,61.96,150500,54.71
2011-01-07,62.28,62.39,60.85,61.67,429900,54.46
2011-01-06,61.84,62.73,61.59,62.08,381600,54.82
2011-01-05,60.49,61.75,60.17,61.63,244100,54.42
2011-01-04,61.42,61.42,59.52,60.68,333900,53.58
2011-01-03,60.14,61.40,59.54,61.15,424900,54.00
2010-12-31,59.93,60.16,59.36,59.73,159500,52.74
2010-12-30,59.98,60.35,59.96,59.97,135800,52.96
2010-12-29,60.93,60.93,59.81,59.98,263600,52.96
2010-12-28,60.85,61.17,60.46,60.74,105300,53.64
2010-12-27,60.31,60.86,59.92,60.80,117600,53.69
2010-12-23,60.15,60.89,59.99,60.52,193100,53.44
2010-12-22,59.91,60.34,59.40,60.27,168200,53.22
2010-12-21,60.00,60.08,59.30,59.99,292700,52.97
2010-12-20,59.99,60.00,59.53,59.94,346400,52.93
2010-12-17,59.39,59.82,58.71,59.81,394000,52.81
2010-12-16,58.94,59.57,58.88,59.39,234200,52.44
2010-12-15,58.62,59.18,58.03,58.95,399700,52.05
2010-12-14,58.13,58.97,57.94,58.75,198800,51.88
2010-12-13,58.83,59.18,57.78,57.83,396100,51.07
2010-12-10,58.41,58.75,57.76,58.56,181400,51.71
2010-12-09,58.36,58.73,57.92,58.23,152500,51.42
2010-12-08,57.88,58.16,57.55,57.92,343600,51.15
2010-12-07,58.19,58.35,57.58,57.68,272600,50.93
2010-12-06,58.03,58.05,57.57,57.85,273100,51.08
2010-12-03,57.58,58.38,57.39,58.17,193100,51.37
2010-12-02,56.20,57.92,56.20,57.84,431000,51.07
2010-12-01,57.03,57.48,56.15,56.18,622200,49.61
2010-11-30,56.03,56.24,55.54,55.87,346600,49.33
2010-11-29,57.68,57.93,56.33,56.75,256300,50.11
2010-11-26,58.06,58.61,57.87,58.24,62600,51.43
2010-11-24,56.07,58.65,55.67,58.41,346900,51.58
2010-11-23,55.90,56.05,55.45,55.61,219200,49.11
2010-11-22,56.54,56.98,55.93,56.60,206500,49.98
2010-11-19,56.02,57.03,55.56,56.78,274700,50.14
2010-11-18,55.65,56.44,55.56,56.11,171000,49.55
2010-11-17,54.56,55.11,54.24,54.88,212100,48.46
2010-11-16,56.02,56.13,54.23,54.61,882600,48.22
2010-11-15,57.87,57.87,56.30,56.44,291100,49.84
2010-11-12,57.85,58.84,57.36,57.57,234900,50.84
2010-11-11,58.54,58.64,57.46,58.34,270900,51.52
2010-11-10,59.03,59.31,57.91,59.25,220600,52.32
2010-11-09,58.59,59.38,58.52,58.95,334700,52.05
2010-11-08,57.90,58.54,57.77,58.42,266200,51.59
2010-11-05,57.69,58.03,57.30,57.99,186400,51.21
2010-11-04,57.32,57.73,56.68,57.70,274100,50.95
2010-11-03,56.22,56.59,55.41,56.35,234800,49.76
2010-11-02,54.34,56.22,54.34,56.20,314700,49.63
2010-11-01,53.96,54.83,53.43,53.78,230400,47.49
2010-10-29,53.69,54.14,53.55,53.69,132600,47.41
2010-10-28,54.14,54.20,53.56,53.74,166200,47.45
2010-10-27,54.02,54.22,52.91,53.77,271900,47.48
2010-10-26,56.14,56.17,54.19,54.19,408900,47.85
2010-10-25,54.99,56.82,54.78,56.45,529100,49.85
2010-10-22,53.95,54.68,53.35,54.68,212800,48.28
2010-10-21,53.32,54.60,53.04,53.92,323300,47.61
2010-10-20,52.72,53.12,52.37,52.88,168900,46.69
2010-10-19,52.78,54.02,52.10,52.44,227800,46.31
2010-10-18,53.22,53.89,52.95,53.82,195700,47.52
2010-10-15,54.55,54.55,53.20,53.31,389000,47.07
2010-10-14,53.29,54.08,53.29,53.79,520100,47.50
2010-10-13,52.74,53.79,52.28,53.20,350300,46.98
2010-10-12,56.04,56.40,55.60,55.84,290900,46.44
2010-10-11,55.77,56.54,55.41,56.12,517100,46.67
2010-10-08,55.89,56.41,55.21,55.66,262700,46.29
2010-10-07,55.75,56.26,54.88,55.64,808000,46.27
2010-10-06,55.95,56.30,54.92,55.32,496100,46.01
2010-10-05,54.02,56.04,53.81,55.98,438600,46.55
2010-10-04,54.05,54.20,52.40,53.32,349300,44.34
2010-10-01,54.33,54.57,53.68,54.28,828400,45.14
2010-09-30,54.78,54.99,53.41,53.99,338900,44.90
2010-09-29,53.12,54.51,53.10,54.36,307200,45.21
2010-09-28,52.38,53.50,51.79,53.44,889400,44.44
2010-09-27,52.26,52.45,51.69,52.24,341900,43.44
2010-09-24,50.86,52.15,50.31,52.12,379100,43.34
2010-09-23,49.34,49.70,48.78,48.97,222100,40.73
2010-09-22,49.54,49.84,49.16,49.62,315300,41.27
2010-09-21,50.20,50.20,49.32,49.62,191500,41.27
2010-09-20,49.42,50.39,48.94,50.30,190000,41.83
2010-09-17,49.58,49.71,48.92,49.39,200500,41.07
2010-09-16,49.39,49.52,48.69,49.21,172300,40.92
2010-09-15,48.45,49.72,47.91,49.58,204500,41.23
2010-09-14,48.90,49.16,48.57,48.70,206200,40.50
2010-09-13,48.62,49.09,48.35,48.89,377400,40.66
2010-09-10,48.61,48.61,47.94,48.16,227400,40.05
2010-09-09,49.01,49.18,48.04,48.38,171700,40.23
2010-09-08,48.55,49.26,48.33,48.43,165500,40.28
2010-09-07,48.91,49.06,48.24,48.39,113900,40.24
2010-09-03,49.16,49.33,48.44,49.24,204300,40.95
2010-09-02,48.15,48.74,47.82,48.68,172400,40.48
2010-09-01,46.62,48.00,46.57,47.90,273500,39.84
2010-08-31,45.64,46.43,45.08,45.88,243100,38.16
2010-08-30,46.66,46.99,45.71,45.72,148300,38.02
2010-08-27,46.23,47.01,45.31,46.88,481200,38.99
2010-08-26,46.53,47.03,45.58,45.90,257200,38.17
2010-08-25,45.47,46.54,45.09,46.43,165000,38.61
2010-08-24,46.27,46.55,45.75,45.99,258700,38.25
2010-08-23,48.29,48.50,46.96,47.15,282800,39.21
2010-08-20,47.22,47.91,46.98,47.86,168000,39.80
2010-08-19,48.04,48.31,47.36,47.61,277600,39.59
2010-08-18,48.25,48.61,47.74,48.28,252100,40.15
2010-08-17,47.90,48.88,47.61,48.38,241700,40.23
2010-08-16,46.85,47.82,46.28,47.36,402400,39.39
2010-08-13,47.27,47.28,46.70,46.99,342500,39.08
2010-08-12,47.37,47.54,46.40,47.29,521100,39.33
2010-08-11,48.58,48.91,47.74,47.85,393600,39.79
2010-08-10,49.45,50.31,48.90,49.65,419900,41.29
2010-08-09,49.95,50.10,49.46,49.82,288100,41.43
2010-08-06,49.25,50.06,49.21,49.95,306800,41.54
2010-08-05,48.91,50.00,48.74,49.60,192700,41.25
2010-08-04,49.15,49.57,48.75,49.33,188600,41.02
2010-08-03,48.93,49.61,48.76,49.04,354500,40.78
2010-08-02,49.07,49.67,48.82,49.20,335800,40.92
2010-07-30,47.82,48.95,47.39,48.32,265900,40.18
2010-07-29,49.10,49.96,47.84,48.43,321900,40.28
2010-07-28,49.30,49.64,48.44,48.55,322100,40.38
2010-07-27,50.42,51.99,48.49,49.30,680400,41.00
2010-07-26,47.19,48.06,46.74,48.04,445200,39.95
2010-07-23,45.91,46.99,45.84,46.96,278800,39.05
2010-07-22,45.26,46.31,45.26,46.16,317900,38.39
2010-07-21,45.42,45.57,44.24,44.54,356300,37.04
2010-07-20,43.79,45.15,43.45,45.09,190000,37.50
2010-07-19,44.45,44.63,43.74,44.45,152200,36.97
2010-07-16,44.42,44.55,43.97,44.12,457400,36.69
2010-07-15,44.38,44.99,43.46,44.86,297400,37.31
2010-07-14,44.02,44.75,43.90,44.26,225800,36.81
2010-07-13,43.00,44.45,42.85,44.31,317200,36.85
2010-07-12,42.98,43.29,42.01,42.51,277300,35.35
2010-07-09,42.74,43.19,42.38,43.19,198000,35.92
2010-07-08,43.31,43.42,42.40,42.86,281600,35.64
2010-07-07,41.73,42.86,41.40,42.80,258700,35.59
2010-07-06,42.53,42.83,41.27,41.50,404800,34.51
2010-07-02,42.52,42.52,41.61,41.90,199200,34.85
2010-07-01,42.66,42.96,41.31,42.32,292300,35.19
2010-06-30,43.26,43.67,42.42,42.60,277500,35.43
2010-06-29,44.42,44.50,43.00,43.27,331700,35.98
2010-06-28,45.43,45.95,44.83,45.15,304100,37.55
2010-06-25,45.38,46.05,44.64,45.34,682900,37.71
2010-06-24,45.37,45.88,44.82,44.96,222700,37.39
2010-06-23,45.67,46.42,45.31,45.64,260800,37.96
2010-06-22,47.02,47.46,45.61,45.71,479800,38.01
2010-06-21,47.26,48.06,46.54,46.77,367800,38.90
2010-06-18,46.68,47.31,46.51,46.58,297200,38.74
2010-06-17,46.31,46.72,45.82,46.53,250200,38.70
2010-06-16,45.84,46.60,45.69,46.29,401800,38.50
2010-06-15,44.58,46.48,44.58,46.17,511600,38.40
2010-06-14,44.62,45.28,44.30,44.46,271800,36.97
2010-06-11,43.45,44.50,43.17,44.37,217000,36.90
2010-06-10,43.88,44.09,43.55,43.85,522300,36.47
2010-06-09,43.72,44.44,42.88,43.12,545600,35.86
2010-06-08,43.33,43.66,42.46,43.37,424000,36.07
2010-06-07,45.22,45.22,43.19,43.20,773100,35.93
2010-06-04,46.13,46.66,44.87,45.02,424000,37.44
2010-06-03,47.17,47.55,46.75,47.32,374400,39.35
2010-06-02,46.19,46.99,45.91,46.99,456000,39.08
2010-06-01,47.00,47.22,46.11,46.19,657400,38.41
2010-05-28,47.92,48.14,47.32,47.50,398300,39.50
2010-05-27,47.63,48.05,47.19,48.04,434300,39.95
2010-05-26,46.93,47.81,46.47,46.68,522600,38.82
2010-05-25,46.24,46.82,45.61,46.47,796000,38.65
2010-05-24,47.80,48.57,47.26,47.27,630300,39.31
2010-05-21,48.77,49.30,47.53,47.99,1229500,39.91
2010-05-20,52.07,52.51,49.47,49.47,1018000,41.14
2010-05-19,53.15,53.77,52.42,53.33,1010500,44.35
2010-05-18,52.99,53.50,52.50,53.30,574100,44.33
2010-05-17,52.45,53.35,51.50,52.34,498200,43.53
2010-05-14,53.06,53.06,51.51,52.24,240100,43.44
2010-05-13,53.81,54.12,53.04,53.34,205200,44.36
2010-05-12,53.06,54.15,52.99,54.05,246000,44.95
2010-05-11,52.11,53.58,52.01,52.77,392600,43.89
2010-05-10,52.33,52.88,52.08,52.77,480900,43.89
2010-05-07,50.91,51.24,49.14,50.04,642900,41.62
2010-05-06,51.42,52.01,48.13,50.88,1199600,42.31
2010-05-05,51.47,52.56,51.02,51.73,349200,43.02
2010-05-04,52.80,52.87,51.52,51.87,430600,43.14
2010-05-03,52.55,53.78,52.52,53.68,453500,44.64
2010-04-30,53.62,54.16,52.33,52.40,492800,43.58
2010-04-29,53.36,53.80,53.32,53.70,363100,44.66
2010-04-28,52.21,52.97,52.04,52.84,523900,43.94
2010-04-27,52.56,53.27,51.56,51.77,420600,43.05
2010-04-26,53.14,53.37,52.29,52.50,561400,43.66
2010-04-23,51.20,53.15,50.94,53.08,530900,44.14
2010-04-22,49.12,51.12,48.79,51.08,493300,42.48
2010-04-21,49.66,49.88,49.00,49.68,325800,41.32
2010-04-20,48.72,49.71,48.49,49.55,323200,41.21
2010-04-19,48.38,48.80,47.81,48.65,188400,40.46
2010-04-16,49.11,49.22,48.15,48.71,236100,40.51
2010-04-15,48.56,49.52,48.45,49.13,845100,40.86
2010-04-14,47.99,48.73,47.75,48.73,324800,40.53
2010-04-13,47.40,47.70,47.29,47.70,173300,39.67
2010-04-12,47.80,47.88,47.47,47.62,191300,39.60
2010-04-09,47.64,47.85,46.71,47.81,346500,39.76
2010-04-08,47.55,47.81,46.80,47.58,165100,39.57
2010-04-07,47.54,48.05,47.38,47.83,242200,39.78
2010-04-06,47.76,48.02,47.13,47.66,277000,39.64
2010-04-05,47.42,47.98,47.07,47.98,142900,39.90
2010-04-01,47.22,47.67,46.51,47.16,155000,39.22
2010-03-31,47.56,47.93,46.76,46.85,281500,38.96
2010-03-30,47.45,48.14,47.37,47.68,201100,39.65
2010-03-29,46.31,47.49,46.31,47.41,349500,39.43
2010-03-26,46.15,46.55,45.86,46.25,335100,38.46
2010-03-25,46.58,47.06,46.01,46.12,253800,38.36
2010-03-24,47.36,47.60,46.46,46.50,277800,38.67
2010-03-23,46.95,47.52,46.23,47.37,192000,39.39
2010-03-22,45.75,46.80,45.68,46.79,264100,38.91
2010-03-19,46.07,47.79,45.50,46.07,508600,38.31
2010-03-18,47.37,47.72,47.02,47.44,179600,39.45
2010-03-17,46.76,47.81,46.62,47.39,226900,39.41
2010-03-16,45.77,47.15,45.77,46.81,367600,38.93
2010-03-15,45.62,45.87,45.30,45.77,186900,38.06
2010-03-12,46.02,46.02,45.31,45.78,279900,38.07
2010-03-11,44.65,45.78,44.17,45.78,218800,38.07
2010-03-10,44.86,45.26,44.74,44.93,220800,37.37
2010-03-09,44.68,45.30,44.57,44.99,251300,37.42
2010-03-08,44.01,44.76,43.94,44.74,249900,37.21
2010-03-05,43.34,44.01,43.09,43.80,261200,36.43
2010-03-04,43.27,43.27,42.75,43.22,351100,35.94
2010-03-03,42.99,43.51,42.86,43.07,203400,35.82
2010-03-02,42.90,42.90,42.48,42.71,256700,35.52
2010-03-01,41.99,43.04,41.90,42.71,403800,35.52
2010-02-26,42.14,42.18,41.47,41.74,345400,34.71
2010-02-25,41.94,42.12,40.93,41.98,571300,34.91
2010-02-24,42.38,42.72,42.07,42.55,297500,35.39
2010-02-23,43.31,43.48,42.19,42.36,284100,35.23
2010-02-22,43.31,43.46,42.86,43.31,193600,36.02
2010-02-19,43.88,43.93,43.22,43.36,334500,36.06
2010-02-18,43.11,44.02,43.00,43.90,294700,36.51
2010-02-17,41.99,43.37,41.99,43.21,681600,35.93
2010-02-16,41.24,42.09,41.06,41.99,404200,34.92
2010-02-12,40.53,41.11,40.28,41.11,396700,34.19
2010-02-11,41.28,41.35,40.62,40.93,526700,34.04
2010-02-10,39.73,41.37,39.59,41.28,795900,34.33
2010-02-09,39.88,40.60,39.56,40.01,723800,33.27
2010-02-08,39.49,40.25,39.22,39.56,483800,32.90
2010-02-05,38.99,39.83,38.54,39.64,738300,32.97
2010-02-04,39.92,39.92,38.74,38.74,560400,32.22
2010-02-03,40.24,40.56,39.82,40.30,592600,33.51
2010-02-02,42.39,42.39,38.42,40.73,2240900,33.87
2010-02-01,41.88,42.02,41.04,41.31,1114900,34.35
2010-01-29,42.34,42.80,41.29,41.68,562700,34.66
2010-01-28,42.72,42.78,41.79,42.19,468700,35.09
2010-01-27,42.26,43.00,42.21,42.70,351100,35.51
2010-01-26,43.01,43.54,42.21,42.55,931300,35.39
2010-01-25,44.51,45.06,44.30,44.74,257900,37.21
2010-01-22,45.19,45.27,44.14,44.23,293700,36.78
2010-01-21,45.47,45.94,44.75,45.24,622100,37.62
2010-01-20,46.61,46.66,45.27,45.71,736000,38.01
2010-01-19,46.60,47.28,46.55,46.98,231900,39.07
2010-01-15,47.68,47.94,46.44,46.52,341400,38.69
2010-01-14,47.19,47.66,46.89,47.55,272300,39.54
2010-01-13,46.50,47.25,46.37,47.19,268900,39.24
2010-01-12,46.65,46.84,45.87,46.44,319900,38.62
2010-01-11,47.42,47.62,46.30,47.08,340800,39.15
2010-01-08,46.98,47.50,46.76,47.23,424200,39.28
2010-01-07,47.87,47.94,46.78,47.22,423100,39.27
2010-01-06,48.61,48.72,47.63,47.95,364300,39.88
2010-01-05,47.85,48.85,47.43,48.63,426300,40.44
2010-01-04,47.50,47.89,47.03,47.85,417900,39.79
2009-12-31,47.90,48.10,47.06,47.10,134800,39.17
2009-12-30,47.17,47.92,47.17,47.68,150200,39.65
2009-12-29,47.80,48.06,47.37,47.49,246600,39.49
2009-12-28,47.69,47.79,47.15,47.64,213700,39.62
2009-12-24,47.64,48.08,47.24,47.68,32000,39.65
2009-12-23,47.31,47.68,46.82,47.61,90900,39.59
2009-12-22,46.93,47.30,46.81,47.19,235800,39.24
2009-12-21,46.85,47.58,46.69,47.00,160900,39.09
2009-12-18,47.58,47.58,46.44,46.75,429400,38.88
2009-12-17,47.69,47.97,47.06,47.15,230600,39.21
2009-12-16,48.23,48.55,47.66,47.95,402100,39.88
2009-12-15,47.36,48.49,47.12,47.82,448700,39.77
2009-12-14,47.25,47.76,46.98,47.62,334000,39.60
2009-12-11,46.74,47.57,46.53,47.02,348600,39.10
2009-12-10,46.43,47.25,46.43,46.63,365500,38.78
2009-12-09,45.67,46.59,45.46,46.51,522100,38.68
2009-12-08,44.71,45.80,44.50,45.52,449800,37.86
2009-12-07,44.64,45.29,44.62,44.90,553500,37.34
2009-12-04,44.15,44.77,43.75,44.64,530000,37.12
2009-12-03,43.89,44.08,43.13,43.24,1098000,35.96
2009-12-02,43.78,44.10,43.49,43.87,308000,36.48
2009-12-01,43.72,44.00,42.97,43.63,418000,36.28
2009-11-30,43.43,43.81,42.62,43.22,432000,35.94
2009-11-27,43.03,44.05,43.03,43.57,144000,36.23
2009-11-25,44.75,45.05,44.15,44.32,444300,36.86
2009-11-24,45.02,45.33,44.26,44.75,402400,37.22
2009-11-23,44.89,45.29,44.77,45.10,476400,37.51
2009-11-20,44.00,44.31,43.85,44.18,319100,36.74
2009-11-19,44.97,44.97,44.00,44.29,330300,36.83
2009-11-18,45.50,45.55,44.90,45.42,387500,37.77
