Date,Open,High,Low,Close,Volume,Adj Close
2014-11-18,0.77,0.77,0.76,0.76,4400,0.76
2014-11-17,0.81,0.88,0.80,0.80,30300,0.80
2014-11-14,0.79,0.86,0.79,0.81,16800,0.81
2014-11-13,0.74,0.79,0.72,0.75,61800,0.75
2014-11-12,0.66,0.71,0.66,0.71,1700,0.71
2014-11-11,0.75,0.75,0.65,0.70,4600,0.70
2014-11-10,0.62,0.65,0.57,0.65,24000,0.65
2014-11-07,0.62,0.62,0.57,0.60,5800,0.60
2014-11-06,0.62,0.62,0.60,0.62,16000,0.62
2014-11-05,0.62,0.65,0.60,0.62,3800,0.62
2014-11-04,0.67,0.67,0.60,0.61,33200,0.61
2014-11-03,0.69,0.72,0.69,0.70,4000,0.70
2014-10-31,0.69,0.75,0.69,0.73,12500,0.73
2014-10-30,0.75,0.79,0.75,0.75,5200,0.75
2014-10-29,0.75,0.75,0.75,0.75,000,0.75
2014-10-28,0.67,0.75,0.67,0.75,16600,0.75
2014-10-27,0.69,0.69,0.69,0.69,3400,0.69
2014-10-24,0.74,0.82,0.66,0.70,22300,0.70
2014-10-23,0.77,0.77,0.74,0.74,5400,0.74
2014-10-22,0.81,0.81,0.73,0.79,6800,0.79
2014-10-21,0.81,0.81,0.79,0.79,2900,0.79
2014-10-20,0.83,0.83,0.80,0.82,14900,0.82
2014-10-17,0.87,0.87,0.87,0.87,300,0.87
2014-10-16,0.83,0.88,0.83,0.88,1800,0.88
2014-10-15,0.86,0.87,0.83,0.84,15100,0.84
2014-10-14,0.88,0.89,0.81,0.83,53400,0.83
2014-10-13,0.67,0.87,0.66,0.87,6400,0.87
2014-10-10,0.78,0.78,0.74,0.77,600,0.77
2014-10-09,0.81,0.88,0.79,0.81,29400,0.81
2014-10-08,0.88,0.92,0.78,0.85,53600,0.85
2014-10-07,0.93,0.93,0.89,0.92,19800,0.92
2014-10-06,1.00,1.03,0.90,0.94,29300,0.94
2014-10-03,1.00,1.02,0.97,1.02,7200,1.02
2014-10-02,1.03,1.05,0.94,1.01,32100,1.01
2014-10-01,1.08,1.08,1.08,1.08,000,1.08
2014-09-30,1.04,1.09,1.04,1.08,2100,1.08
2014-09-29,1.08,1.08,1.05,1.07,2400,1.07
2014-09-26,1.03,1.11,1.03,1.05,7400,1.05
2014-09-25,1.10,1.12,1.05,1.05,15600,1.05
2014-09-24,1.19,1.19,1.13,1.13,26200,1.13
2014-09-23,1.28,1.28,1.20,1.21,18100,1.21
2014-09-22,1.38,1.38,1.15,1.27,52500,1.27
2014-09-19,1.39,1.43,1.36,1.43,20300,1.43
2014-09-18,1.39,1.42,1.39,1.39,6200,1.39
2014-09-17,1.40,1.44,1.40,1.44,1000,1.44
2014-09-16,1.41,1.47,1.40,1.41,12700,1.41
2014-09-15,1.40,1.47,1.40,1.42,9100,1.42
2014-09-12,1.45,1.45,1.41,1.41,14400,1.41
2014-09-11,1.48,1.48,1.44,1.44,400,1.44
2014-09-10,1.42,1.46,1.42,1.43,11300,1.43
2014-09-09,1.42,1.44,1.42,1.43,1700,1.43
2014-09-08,1.42,1.44,1.42,1.44,3700,1.44
2014-09-05,1.44,1.46,1.44,1.46,700,1.46
2014-09-04,1.46,1.48,1.43,1.48,2000,1.48
2014-09-03,1.43,1.47,1.43,1.46,1000,1.46
2014-09-02,1.49,1.49,1.42,1.43,10600,1.43
2014-08-29,1.49,1.49,1.42,1.44,11200,1.44
2014-08-28,1.43,1.49,1.41,1.45,10300,1.45
2014-08-27,1.45,1.50,1.41,1.43,17500,1.43
2014-08-26,1.41,1.50,1.41,1.45,55200,1.45
2014-08-25,1.40,1.45,1.40,1.45,50900,1.45
2014-08-22,1.44,1.44,1.40,1.42,600,1.42
2014-08-21,1.40,1.42,1.40,1.40,35500,1.40
2014-08-20,1.40,1.45,1.40,1.42,12700,1.42
2014-08-19,1.41,1.45,1.39,1.40,6600,1.40
2014-08-18,1.47,1.47,1.38,1.44,4300,1.44
2014-08-15,1.43,1.51,1.40,1.40,48600,1.40
2014-08-14,1.49,1.60,1.49,1.49,21200,1.49
2014-08-13,1.52,1.55,1.45,1.54,6700,1.54
2014-08-12,1.45,1.50,1.42,1.50,52200,1.50
2014-08-11,1.48,1.48,1.42,1.46,2500,1.46
2014-08-08,1.40,1.49,1.40,1.43,28800,1.43
2014-08-07,1.42,1.49,1.40,1.40,6600,1.40
2014-08-06,1.48,1.50,1.48,1.49,13100,1.49
2014-08-05,1.50,1.50,1.41,1.49,5600,1.49
2014-08-04,1.45,1.50,1.40,1.49,11200,1.49
2014-08-01,1.52,1.59,1.45,1.45,45400,1.45
2014-07-31,1.60,1.61,1.53,1.58,18500,1.58
2014-07-30,1.62,1.62,1.55,1.58,27600,1.58
2014-07-29,1.58,1.63,1.54,1.58,147700,1.58
2014-07-28,1.63,1.64,1.55,1.58,16700,1.58
2014-07-25,1.54,1.65,1.54,1.57,60700,1.57
2014-07-24,1.60,1.65,1.55,1.57,54000,1.57
2014-07-23,1.69,1.69,1.55,1.62,71700,1.62
2014-07-22,1.68,1.70,1.61,1.65,14300,1.65
2014-07-21,1.64,1.67,1.57,1.66,58200,1.66
2014-07-18,1.56,1.66,1.56,1.64,20000,1.64
2014-07-17,1.69,1.69,1.55,1.56,69900,1.56
2014-07-16,1.80,1.80,1.61,1.65,78400,1.65
2014-07-15,1.75,1.80,1.75,1.75,22400,1.75
2014-07-14,1.90,1.90,1.76,1.78,47600,1.78
2014-07-11,1.88,1.96,1.88,1.88,45000,1.88
2014-07-10,1.95,1.95,1.86,1.91,7200,1.91
2014-07-09,1.91,1.93,1.88,1.90,53500,1.90
2014-07-08,1.91,1.97,1.90,1.91,27700,1.91
2014-07-07,1.97,2.02,1.90,2.00,24400,2.00
2014-07-03,2.05,2.10,1.95,1.99,100400,1.99
2014-07-02,1.92,2.05,1.87,2.05,248400,2.05
2014-07-01,1.86,1.93,1.86,1.91,5600,1.91
2014-06-30,1.88,1.96,1.86,1.87,89600,1.87
2014-06-27,1.95,1.98,1.86,1.86,76400,1.86
2014-06-26,1.99,1.99,1.93,1.94,66100,1.94
2014-06-25,2.00,2.00,1.94,1.94,23300,1.94
2014-06-24,1.98,1.98,1.93,1.94,36700,1.94
2014-06-23,1.99,2.00,1.90,1.96,183400,1.96
2014-06-20,1.91,2.00,1.88,1.95,654900,1.95
2014-06-19,2.30,2.65,2.13,2.17,164300,2.17
2014-06-18,2.65,2.65,2.15,2.34,221400,2.34
2014-06-17,2.78,2.78,2.66,2.75,2500,2.75
2014-06-16,2.93,2.93,2.84,2.84,1400,2.84
2014-06-13,2.93,2.93,2.93,2.93,000,2.93
2014-06-12,2.93,2.93,2.93,2.93,000,2.93
2014-06-11,2.93,2.93,2.91,2.93,3500,2.93
2014-06-10,2.86,2.99,2.60,2.77,42600,2.77
2014-06-09,2.83,2.92,2.81,2.91,14400,2.91
2014-06-06,3.01,3.01,2.94,3.00,1400,3.00
2014-06-05,2.96,2.96,2.96,2.96,000,2.96
2014-06-04,2.94,2.96,2.94,2.96,3500,2.96
2014-06-03,2.94,2.99,2.93,2.99,600,2.99
2014-06-02,2.95,3.03,2.95,2.95,2700,2.95
2014-05-30,2.95,2.95,2.95,2.95,000,2.95
2014-05-29,3.03,3.03,2.95,2.95,1100,2.95
2014-05-28,3.03,3.03,3.03,3.03,400,3.03
2014-05-27,3.01,3.09,2.91,2.92,4600,2.92
2014-05-23,3.04,3.12,2.91,3.00,2100,3.00
2014-05-22,2.95,3.13,2.95,3.11,1600,3.11
2014-05-21,2.97,3.12,2.97,3.12,1700,3.12
2014-05-20,2.98,3.05,2.98,3.01,5000,3.01
2014-05-19,3.10,3.10,2.94,3.10,6300,3.10
2014-05-16,3.14,3.14,3.14,3.14,200,3.14
2014-05-15,3.19,3.19,3.18,3.18,600,3.18
2014-05-14,3.18,3.20,3.18,3.18,2100,3.18
2014-05-13,3.00,3.19,3.00,3.14,2900,3.14
2014-05-12,3.08,3.20,3.05,3.05,8500,3.05
2014-05-09,2.94,2.94,2.94,2.94,200,2.94
2014-05-08,3.04,3.04,2.92,2.97,4300,2.97
2014-05-07,3.09,3.13,3.03,3.03,6000,3.03
2014-05-06,3.26,3.26,3.23,3.23,1000,3.23
2014-05-05,3.25,3.25,3.08,3.16,1500,3.16
2014-05-02,3.01,3.17,3.01,3.17,8300,3.17
2014-05-01,3.04,3.15,2.99,3.05,7600,3.05
2014-04-30,3.07,3.13,2.94,3.10,21300,3.10
2014-04-29,2.85,3.09,2.79,3.09,57000,3.09
2014-04-28,2.99,3.00,2.78,2.83,37700,2.83
2014-04-25,2.95,3.05,2.95,3.00,7400,3.00
2014-04-24,3.09,3.10,3.07,3.07,4400,3.07
2014-04-23,3.05,3.08,3.05,3.08,9000,3.08
2014-04-22,3.24,3.24,3.03,3.06,27300,3.06
2014-04-21,3.26,3.27,3.26,3.27,800,3.27
2014-04-17,3.07,3.36,3.07,3.30,1800,3.30
2014-04-16,2.98,3.27,2.94,3.09,24400,3.09
2014-04-15,3.01,3.03,2.92,2.99,15900,2.99
2014-04-14,3.12,3.15,3.00,3.00,12500,3.00
2014-04-11,3.15,3.16,3.15,3.16,2200,3.16
2014-04-10,3.20,3.20,3.15,3.15,4700,3.15
2014-04-09,3.20,3.20,3.20,3.20,2000,3.20
2014-04-08,3.20,3.20,3.09,3.17,14800,3.17
2014-04-07,3.20,3.22,3.15,3.22,20600,3.22
2014-04-04,3.35,3.35,3.25,3.25,3000,3.25
2014-04-03,3.30,3.35,3.21,3.30,5300,3.30
2014-04-02,3.22,3.44,3.15,3.33,40900,3.33
2014-04-01,3.21,3.23,3.12,3.15,21100,3.15
2014-03-31,3.25,3.27,3.21,3.21,3000,3.21
2014-03-28,3.28,3.28,3.18,3.21,7800,3.21
2014-03-27,3.36,3.36,3.18,3.21,8700,3.21
2014-03-26,3.43,3.43,3.36,3.36,12500,3.36
2014-03-25,3.40,3.44,3.40,3.41,7500,3.41
2014-03-24,3.41,3.43,3.40,3.42,8500,3.42
2014-03-21,3.41,3.48,3.40,3.44,20600,3.44
2014-03-20,3.47,3.47,3.42,3.45,10600,3.45
2014-03-19,3.25,3.55,3.25,3.47,66800,3.47
2014-03-18,3.29,3.29,3.14,3.15,10500,3.15
2014-03-17,3.20,3.26,3.20,3.26,4900,3.26
2014-03-14,3.25,3.29,3.17,3.20,2600,3.20
2014-03-13,3.19,3.20,3.14,3.15,5600,3.15
2014-03-12,3.30,3.31,3.22,3.22,6000,3.22
2014-03-11,3.46,3.46,3.30,3.31,17400,3.31
2014-03-10,3.34,3.60,3.30,3.44,92600,3.44
2014-03-07,3.26,3.41,3.26,3.30,55600,3.30
2014-03-06,3.19,3.25,3.17,3.23,23400,3.23
2014-03-05,3.25,3.25,3.10,3.22,7400,3.22
2014-03-04,3.00,3.28,2.86,3.28,105000,3.28
2014-03-03,3.18,3.21,3.06,3.06,43800,3.06
2014-02-28,3.34,3.42,3.21,3.23,37600,3.23
2014-02-27,3.33,3.35,3.33,3.35,900,3.35
2014-02-26,3.36,3.44,3.36,3.36,4300,3.36
2014-02-25,3.42,3.42,3.32,3.37,3700,3.37
2014-02-24,3.45,3.47,3.41,3.47,7600,3.47
2014-02-21,3.36,3.44,3.35,3.42,7300,3.42
2014-02-20,3.40,3.44,3.40,3.44,9700,3.44
2014-02-19,3.41,3.41,3.35,3.40,800,3.40
2014-02-18,3.35,3.47,3.32,3.45,18700,3.45
2014-02-14,3.35,3.37,3.32,3.32,26600,3.32
2014-02-13,3.31,3.38,3.31,3.38,4100,3.38
2014-02-12,3.30,3.31,3.25,3.29,13200,3.29
2014-02-11,3.35,3.36,3.32,3.36,5600,3.36
2014-02-10,3.28,3.36,3.28,3.30,7100,3.30
2014-02-07,3.50,3.51,3.24,3.34,18800,3.34
2014-02-06,3.61,3.61,3.50,3.50,4400,3.50
2014-02-05,3.62,3.62,3.51,3.51,5000,3.51
2014-02-04,3.79,3.79,3.66,3.67,4100,3.67
2014-02-03,3.75,3.79,3.70,3.79,6300,3.79
2014-01-31,3.72,3.79,3.72,3.75,9900,3.75
2014-01-30,3.70,3.78,3.70,3.77,10100,3.77
2014-01-29,3.69,3.70,3.56,3.70,4100,3.70
2014-01-28,3.70,3.78,3.64,3.67,10900,3.67
2014-01-27,3.90,3.90,3.57,3.66,48600,3.66
2014-01-24,3.93,3.93,3.78,3.79,42600,3.79
2014-01-23,3.91,3.96,3.90,3.93,6800,3.93
2014-01-22,3.85,3.96,3.85,3.94,6400,3.94
2014-01-21,3.96,3.96,3.80,3.80,33600,3.80
2014-01-17,3.90,3.96,3.90,3.91,8500,3.91
2014-01-16,3.93,3.93,3.90,3.90,6000,3.90
2014-01-15,4.00,4.00,3.90,3.97,11100,3.97
2014-01-14,3.97,4.02,3.95,4.02,1300,4.02
2014-01-13,3.90,3.95,3.90,3.92,8100,3.92
2014-01-10,3.94,3.94,3.85,3.90,9700,3.90
2014-01-09,3.99,3.99,3.78,3.80,25000,3.80
2014-01-08,3.85,3.96,3.85,3.94,11600,3.94
2014-01-07,3.81,3.97,3.81,3.96,5200,3.96
2014-01-06,3.86,3.86,3.76,3.81,5300,3.81
2014-01-03,3.80,3.91,3.75,3.85,9800,3.85
2014-01-02,3.80,3.80,3.66,3.77,16100,3.77
2013-12-31,3.91,3.96,3.80,3.80,13400,3.80
2013-12-30,3.96,4.04,3.90,3.94,31700,3.94
2013-12-27,4.00,4.00,3.95,3.96,6300,3.96
2013-12-26,3.98,4.10,3.95,3.96,21700,3.96
2013-12-24,3.99,4.00,3.99,4.00,500,4.00
2013-12-23,4.06,4.09,3.93,3.96,32400,3.96
2013-12-20,4.14,4.17,4.02,4.12,19300,4.12
2013-12-19,4.04,4.16,4.01,4.09,6900,4.09
2013-12-18,4.07,4.09,4.01,4.01,12700,4.01
2013-12-17,4.30,4.30,4.07,4.08,29900,4.08
2013-12-16,4.38,4.38,4.27,4.27,15600,4.27
2013-12-13,4.37,4.38,4.28,4.35,16100,4.35
2013-12-12,4.44,4.46,4.30,4.32,27900,4.32
2013-12-11,4.45,4.68,4.30,4.49,56200,4.49
2013-12-10,4.35,4.48,4.27,4.40,17300,4.40
2013-12-09,4.32,4.48,4.32,4.40,38400,4.40
2013-12-06,4.37,4.43,4.32,4.34,27000,4.34
2013-12-05,4.48,4.48,4.28,4.35,45300,4.35
2013-12-04,4.30,4.44,4.28,4.44,6800,4.44
2013-12-03,4.15,4.31,4.10,4.31,26000,4.31
2013-12-02,4.19,4.31,4.15,4.21,10700,4.21
2013-11-29,4.17,4.17,4.15,4.17,2300,4.17
2013-11-27,4.19,4.20,4.11,4.19,10500,4.19
2013-11-26,4.10,4.12,4.06,4.10,14900,4.10
2013-11-25,4.20,4.20,4.05,4.07,16900,4.07
2013-11-22,4.19,4.19,4.05,4.16,19300,4.16
2013-11-21,4.20,4.20,4.01,4.09,16000,4.09
2013-11-20,4.03,4.27,4.00,4.08,71400,4.08
2013-11-19,3.76,4.04,3.73,4.00,75700,4.00
2013-11-18,3.87,3.93,3.76,3.76,40200,3.76
2013-11-15,4.20,4.20,3.82,3.82,40600,3.82
2013-11-14,3.82,4.21,3.82,4.10,73500,4.10
2013-11-13,4.22,4.22,3.83,4.00,128800,4.00
2013-11-12,4.38,4.60,4.10,4.10,191300,4.10
2013-11-11,5.80,6.75,4.46,4.53,1958200,4.53
2013-11-08,4.17,4.21,4.17,4.21,3500,4.21
2013-11-07,4.32,4.32,4.15,4.20,5300,4.20
2013-11-06,4.33,4.33,4.33,4.33,100,4.33
2013-11-05,4.38,4.48,4.28,4.29,10300,4.29
2013-11-04,4.48,4.48,4.48,4.48,100,4.48
2013-11-01,4.43,4.49,4.43,4.49,2500,4.49
2013-10-31,4.38,4.45,4.38,4.45,400,4.45
2013-10-30,4.47,4.47,4.38,4.39,700,4.39
2013-10-29,4.48,4.48,4.22,4.45,4100,4.45
2013-10-28,4.54,4.54,4.54,4.54,200,4.54
2013-10-25,4.45,4.54,4.30,4.54,2400,4.54
2013-10-24,4.48,4.60,4.22,4.38,11100,4.38
2013-10-23,4.47,4.60,4.41,4.50,3400,4.50
2013-10-22,4.44,4.55,4.44,4.55,3000,4.55
2013-10-21,4.42,4.49,4.42,4.44,5500,4.44
2013-10-18,4.25,4.44,4.25,4.43,11400,4.43
2013-10-17,4.26,4.32,4.25,4.32,500,4.32
2013-10-16,4.31,4.31,4.31,4.31,800,4.31
2013-10-15,4.25,4.34,4.25,4.30,16400,4.30
2013-10-14,4.21,4.46,4.21,4.29,5300,4.29
2013-10-11,4.27,4.59,4.27,4.41,14600,4.41
2013-10-10,4.05,4.43,4.04,4.31,8500,4.31
2013-10-09,4.40,4.43,4.30,4.43,8000,4.43
2013-10-08,4.30,4.71,4.30,4.38,84000,4.38
2013-10-07,4.25,4.50,4.17,4.28,20100,4.28
2013-10-04,4.17,4.32,3.91,4.32,12200,4.32
2013-10-03,3.97,4.12,3.97,4.05,1800,4.05
2013-10-02,3.88,3.99,3.88,3.97,6100,3.97
2013-10-01,3.88,3.99,3.87,3.93,5000,3.93
2013-09-30,4.05,4.05,3.85,3.90,13500,3.90
2013-09-27,4.13,4.20,4.06,4.06,2500,4.06
2013-09-26,4.18,4.28,4.11,4.16,6700,4.16
2013-09-25,4.02,4.35,4.02,4.30,68400,4.30
2013-09-24,4.02,4.07,4.00,4.07,1300,4.07
2013-09-23,4.13,4.13,4.00,4.07,1100,4.07
2013-09-20,3.89,4.17,3.89,4.12,5500,4.12
2013-09-19,3.94,3.98,3.90,3.97,5100,3.97
2013-09-18,3.92,3.99,3.89,3.99,1800,3.99
2013-09-17,3.87,3.97,3.82,3.84,20700,3.84
2013-09-16,3.87,3.88,3.82,3.82,7400,3.82
2013-09-13,4.01,4.03,3.95,3.98,2900,3.98
2013-09-12,3.84,3.95,3.81,3.95,700,3.95
2013-09-11,3.98,4.04,3.88,4.03,3400,4.03
2013-09-10,4.06,4.15,3.90,4.04,4400,4.04
2013-09-09,4.01,4.13,3.88,4.13,4600,4.13
2013-09-06,3.74,3.96,3.72,3.91,15300,3.91
2013-09-05,3.69,3.88,3.69,3.71,4000,3.71
2013-09-04,3.71,3.87,3.70,3.74,21200,3.74
2013-09-03,3.76,3.76,3.75,3.76,5000,3.76
2013-08-30,3.92,3.92,3.73,3.75,300,3.75
2013-08-29,3.75,3.92,3.75,3.82,9600,3.82
2013-08-28,3.72,3.81,3.71,3.75,9500,3.75
2013-08-27,3.75,3.79,3.75,3.79,1900,3.79
2013-08-26,3.81,3.86,3.77,3.79,9000,3.79
2013-08-23,3.78,3.90,3.78,3.82,7600,3.82
2013-08-22,3.79,3.79,3.66,3.72,8200,3.72
2013-08-21,3.81,3.88,3.76,3.76,10200,3.76
2013-08-20,3.76,4.10,3.66,4.04,18900,4.04
2013-08-19,3.77,3.84,3.65,3.74,23100,3.74
2013-08-16,3.91,3.91,3.74,3.77,13700,3.77
2013-08-15,3.81,3.83,3.72,3.83,3600,3.83
2013-08-14,3.71,3.96,3.71,3.83,63000,3.83
2013-08-13,4.03,4.24,3.94,4.05,58000,4.05
2013-08-12,4.00,4.15,3.93,4.05,42800,4.05
2013-08-09,4.11,4.30,3.92,4.11,67000,4.11
2013-08-08,4.58,4.58,4.19,4.24,62400,4.24
2013-08-07,4.50,4.55,4.01,4.30,105300,4.30
2013-08-06,4.35,6.59,4.35,4.49,1730100,4.49
2013-08-05,4.08,4.31,4.08,4.30,40600,4.30
2013-08-02,4.10,4.10,3.77,3.94,1400,3.94
2013-08-01,3.87,4.10,3.87,4.10,22700,4.10
2013-07-31,3.70,3.93,3.70,3.82,13200,3.82
2013-07-30,3.66,3.68,3.65,3.68,2300,3.68
2013-07-29,3.71,3.71,3.58,3.65,17000,3.65
2013-07-26,3.21,4.30,3.20,3.62,99700,3.62
2013-07-25,3.30,3.39,3.20,3.20,8100,3.20
2013-07-24,3.36,3.36,3.25,3.25,200,3.25
2013-07-23,3.20,3.31,3.19,3.31,1000,3.31
2013-07-22,3.22,3.25,3.21,3.25,2300,3.25
2013-07-19,3.27,3.36,3.18,3.35,6000,3.35
2013-07-18,3.11,3.25,3.11,3.15,5000,3.15
2013-07-17,3.23,3.23,3.18,3.18,1900,3.18
2013-07-16,3.26,3.27,3.11,3.27,17800,3.27
2013-07-15,3.22,3.32,3.22,3.32,5400,3.32
2013-07-12,3.24,3.24,3.23,3.23,1300,3.23
2013-07-11,3.27,3.28,3.22,3.25,8700,3.25
2013-07-10,3.19,3.22,3.19,3.22,2700,3.22
2013-07-09,3.31,3.31,3.30,3.30,1000,3.30
2013-07-08,3.37,3.39,3.30,3.30,8500,3.30
2013-07-05,3.24,3.38,3.18,3.38,15400,3.38
2013-07-03,3.35,3.37,3.35,3.35,2700,3.35
2013-07-02,3.40,3.40,3.40,3.40,600,3.40
2013-07-01,3.41,3.41,3.33,3.34,1400,3.34
2013-06-28,3.48,3.48,3.37,3.41,7000,3.41
2013-06-27,3.50,3.54,3.50,3.50,5200,3.50
2013-06-26,3.51,3.63,3.46,3.48,6700,3.48
2013-06-25,3.46,3.69,3.46,3.66,7300,3.66
2013-06-24,3.69,3.69,3.49,3.49,5900,3.49
2013-06-21,3.53,3.74,3.50,3.74,12700,3.74
2013-06-20,3.53,3.60,3.50,3.56,1900,3.56
2013-06-19,3.59,3.74,3.55,3.55,11600,3.55
2013-06-18,3.79,3.88,3.62,3.77,12000,3.77
2013-06-17,3.88,3.88,3.61,3.83,4000,3.83
2013-06-14,3.83,3.85,3.66,3.81,6900,3.81
2013-06-13,3.73,3.87,3.57,3.87,7000,3.87
2013-06-12,3.69,3.95,3.67,3.77,12000,3.77
2013-06-11,3.63,3.63,3.61,3.62,1300,3.62
2013-06-10,3.74,3.74,3.70,3.70,600,3.70
2013-06-07,3.71,3.90,3.62,3.77,33700,3.77
2013-06-06,3.51,3.74,3.51,3.71,21200,3.71
2013-06-05,3.36,3.52,3.31,3.51,25800,3.51
2013-06-04,3.45,3.62,3.31,3.46,14600,3.46
2013-06-03,3.47,3.70,3.36,3.45,13800,3.45
2013-05-31,3.23,3.47,3.23,3.47,17000,3.47
2013-05-30,3.13,3.23,3.13,3.20,3000,3.20
2013-05-29,3.23,3.23,3.20,3.21,2000,3.21
2013-05-28,3.21,3.21,3.17,3.20,3500,3.20
2013-05-24,3.26,3.26,3.18,3.22,13300,3.22
2013-05-23,3.39,3.40,3.26,3.29,1500,3.29
2013-05-22,3.29,3.40,3.25,3.40,12800,3.40
2013-05-21,3.25,3.25,3.25,3.25,600,3.25
2013-05-20,3.33,3.34,3.25,3.30,5900,3.30
2013-05-17,3.34,3.37,3.26,3.33,2100,3.33
2013-05-16,3.37,3.37,3.25,3.36,1100,3.36
2013-05-15,3.39,3.40,3.30,3.39,5400,3.39
2013-05-14,3.33,3.38,3.33,3.35,4700,3.35
2013-05-13,3.30,3.38,3.23,3.23,800,3.23
2013-05-10,3.40,3.40,3.16,3.39,2800,3.39
2013-05-09,3.11,3.36,3.11,3.32,3900,3.32
2013-05-08,3.15,3.46,3.15,3.36,26000,3.36
2013-05-07,3.25,3.26,3.07,3.18,4200,3.18
2013-05-06,3.31,3.31,3.31,3.31,200,3.31
2013-05-03,3.16,3.26,3.10,3.10,12000,3.10
2013-05-02,3.16,3.22,3.16,3.21,13500,3.21
2013-05-01,3.15,3.17,3.15,3.17,1200,3.17
2013-04-30,3.17,3.17,3.06,3.06,1000,3.06
2013-04-29,3.23,3.23,3.11,3.18,7700,3.18
2013-04-26,3.27,3.27,3.24,3.25,600,3.25
2013-04-25,3.13,3.19,3.00,3.19,17600,3.19
2013-04-24,3.19,3.19,3.10,3.15,6900,3.15
2013-04-23,3.15,3.23,3.06,3.23,11800,3.23
2013-04-22,3.16,3.28,3.15,3.20,11700,3.20
2013-04-19,3.29,3.29,3.13,3.19,7500,3.19
2013-04-18,3.28,3.36,3.12,3.31,25700,3.31
2013-04-17,3.33,3.37,3.21,3.31,17100,3.31
2013-04-16,3.14,3.37,3.14,3.37,26800,3.37
2013-04-15,3.23,3.28,3.03,3.24,13300,3.24
2013-04-12,3.24,3.30,3.22,3.23,5200,3.23
2013-04-11,3.38,3.47,3.23,3.23,16400,3.23
2013-04-10,3.24,3.35,3.21,3.33,33200,3.33
2013-04-09,3.89,4.07,3.34,3.34,413300,3.34
2013-04-08,3.66,3.66,3.36,3.44,20400,3.44
2013-04-05,3.45,3.70,3.39,3.52,109100,3.52
2013-04-04,3.81,4.71,3.54,3.59,881000,3.59
2013-04-03,3.31,3.38,3.18,3.19,3000,3.19
2013-04-02,3.29,3.49,3.25,3.45,6000,3.45
2013-04-01,3.10,3.33,3.10,3.25,3900,3.25
2013-03-28,3.12,3.20,3.10,3.11,8300,3.11
2013-03-27,3.31,3.31,3.12,3.15,1700,3.15
2013-03-26,3.25,3.30,3.25,3.25,5600,3.25
2013-03-25,3.25,3.40,3.25,3.31,8200,3.31
2013-03-22,3.26,3.49,3.25,3.39,15300,3.39
2013-03-21,3.46,3.50,3.26,3.50,15000,3.50
2013-03-20,3.48,3.50,3.26,3.50,16700,3.50
2013-03-19,3.49,3.51,3.48,3.51,2600,3.51
2013-03-18,3.57,3.57,3.49,3.49,5300,3.49
2013-03-15,3.50,3.70,3.48,3.57,1300,3.57
2013-03-14,3.49,3.62,3.49,3.56,2300,3.56
2013-03-13,3.70,3.70,3.65,3.70,5800,3.70
2013-03-12,3.47,3.75,3.47,3.75,11000,3.75
2013-03-11,3.26,3.52,3.25,3.34,8500,3.34
2013-03-08,3.20,3.48,3.20,3.25,1500,3.25
2013-03-07,3.30,3.43,3.30,3.34,3600,3.34
2013-03-06,3.58,3.58,3.37,3.38,4100,3.38
2013-03-05,3.43,3.57,3.29,3.35,26400,3.35
2013-03-04,3.71,3.85,3.28,3.43,17100,3.43
2013-03-01,3.45,3.69,3.45,3.51,6800,3.51
2013-02-28,3.29,3.56,3.19,3.55,9000,3.55
2013-02-27,3.53,3.53,3.36,3.40,4300,3.40
2013-02-26,3.50,3.51,3.30,3.40,26000,3.40
2013-02-25,3.66,4.01,3.52,3.54,18100,3.54
2013-02-22,4.11,4.19,3.68,4.00,89000,4.00
2013-02-21,3.06,4.12,3.06,4.00,225400,4.00
2013-02-20,3.33,3.33,3.06,3.07,11400,3.07
2013-02-19,3.22,3.30,3.20,3.20,12600,3.20
2013-02-15,3.24,3.31,3.18,3.31,4100,3.31
2013-02-14,3.32,3.40,3.20,3.33,4900,3.33
2013-02-13,3.29,3.46,3.10,3.44,22800,3.44
2013-02-12,3.15,3.33,3.11,3.31,16000,3.31
2013-02-11,3.44,3.55,3.13,3.37,34200,3.37
2013-02-08,3.38,3.57,3.38,3.50,3200,3.50
2013-02-07,3.87,3.87,3.45,3.50,23900,3.50
2013-02-06,3.74,3.74,3.74,3.74,000,3.74
2013-02-05,3.74,3.74,3.74,3.74,000,3.74
2013-02-04,3.74,3.74,3.74,3.74,3300,3.74
2013-02-01,3.84,3.85,3.59,3.75,2700,3.75
2013-01-31,3.63,3.68,3.56,3.59,6000,3.59
2013-01-30,3.65,3.66,3.65,3.66,1100,3.66
2013-01-29,3.67,3.67,3.62,3.62,900,3.62
2013-01-28,3.75,3.76,3.70,3.70,23300,3.70
2013-01-25,3.88,3.88,3.68,3.73,19200,3.73
2013-01-24,3.62,3.80,3.62,3.80,2600,3.80
2013-01-23,3.88,3.88,3.77,3.77,1800,3.77
2013-01-22,3.66,3.87,3.65,3.86,11000,3.86
2013-01-18,3.66,3.89,3.65,3.77,14900,3.77
2013-01-17,3.82,3.82,3.66,3.69,11200,3.69
2013-01-16,3.66,3.71,3.66,3.71,1000,3.71
2013-01-15,3.89,3.89,3.70,3.70,700,3.70
2013-01-14,3.81,3.81,3.81,3.81,1000,3.81
2013-01-11,3.81,3.98,3.70,3.95,7100,3.95
2013-01-10,3.84,3.97,3.66,3.97,4400,3.97
2013-01-09,3.85,4.20,3.82,3.91,19000,3.91
2013-01-08,3.98,3.98,3.80,3.80,500,3.80
2013-01-07,3.83,4.06,3.80,3.93,20200,3.93
2013-01-04,3.77,3.77,3.77,3.77,2000,3.77
2013-01-03,3.88,3.88,3.65,3.70,8900,3.70
2013-01-02,3.90,3.90,3.68,3.75,19200,3.75
2012-12-31,4.18,4.18,3.79,4.04,8400,4.04
2012-12-28,3.80,3.93,3.77,3.77,6300,3.77
2012-12-27,3.80,3.80,3.78,3.78,900,3.78
2012-12-26,3.77,3.98,3.76,3.98,2100,3.98
2012-12-24,3.91,3.96,3.84,3.96,2500,3.96
2012-12-21,3.75,4.04,3.75,4.02,8600,4.02
2012-12-20,3.81,3.91,3.75,3.75,3400,3.75
2012-12-19,4.02,4.02,3.80,3.84,4100,3.84
2012-12-18,3.89,3.97,3.86,3.97,2800,3.97
2012-12-17,3.94,3.94,3.86,3.86,2900,3.86
2012-12-14,3.99,3.99,3.92,3.92,9500,3.92
2012-12-13,4.00,4.07,4.00,4.01,28500,4.01
2012-12-12,4.15,4.39,3.97,4.05,37200,4.05
2012-12-11,4.10,4.15,3.97,4.15,73000,4.15
2012-12-10,3.89,4.75,3.74,4.22,219200,4.22
2012-12-07,3.77,4.02,3.70,3.85,21200,3.85
2012-12-06,3.81,4.01,3.81,3.81,7400,3.81
2012-12-05,3.97,4.00,3.78,3.78,2700,3.78
2012-12-04,3.72,4.00,3.72,3.97,2900,3.97
2012-12-03,3.95,3.95,3.75,3.94,5200,3.94
2012-11-30,3.53,4.01,3.53,3.95,18600,3.95
2012-11-29,3.58,3.98,3.53,3.74,19700,3.74
2012-11-28,3.50,3.80,3.50,3.62,9900,3.62
2012-11-27,3.50,3.50,3.50,3.50,000,3.50
2012-11-26,3.50,3.51,3.50,3.50,3400,3.50
2012-11-23,3.50,3.53,3.50,3.50,1100,3.50
2012-11-21,3.60,3.60,3.50,3.50,5800,3.50
2012-11-20,3.55,3.55,3.55,3.55,1000,3.55
2012-11-19,3.50,3.50,3.43,3.48,3500,3.48
2012-11-16,3.51,3.73,3.43,3.50,5700,3.50
2012-11-15,3.50,3.50,3.41,3.43,5600,3.43
2012-11-14,3.62,3.62,3.50,3.51,16100,3.51
2012-11-13,3.72,3.73,3.66,3.68,9700,3.68
2012-11-12,3.77,3.85,3.75,3.75,12200,3.75
2012-11-09,3.82,3.88,3.76,3.80,4500,3.80
2012-11-08,3.78,3.98,3.75,3.90,10200,3.90
2012-11-07,3.81,3.90,3.76,3.90,3900,3.90
2012-11-06,3.81,3.92,3.81,3.92,5900,3.92
2012-11-05,3.76,3.90,3.76,3.90,2800,3.90
2012-11-02,3.98,3.98,3.75,3.88,39800,3.88
2012-11-01,3.85,3.97,3.85,3.88,1100,3.88
2012-10-31,4.18,4.18,3.85,3.87,29900,3.87
2012-10-26,4.20,4.25,4.00,4.04,13300,4.04
2012-10-25,4.36,4.49,4.20,4.22,30400,4.22
2012-10-24,4.40,4.50,4.24,4.32,8900,4.32
2012-10-23,4.44,4.58,4.30,4.50,18000,4.50
2012-10-22,4.55,4.56,4.32,4.51,26100,4.51
2012-10-19,4.66,4.66,4.42,4.49,57100,4.49
2012-10-18,4.69,4.82,4.50,4.70,19200,4.70
2012-10-17,4.55,4.77,4.36,4.63,152000,4.63
2012-10-16,4.03,4.49,3.85,4.45,123500,4.45
2012-10-15,4.04,4.50,3.90,3.95,136300,3.95
2012-10-12,3.70,4.25,3.66,4.14,61500,4.14
2012-10-11,3.93,3.93,3.62,3.77,73200,3.77
2012-10-10,4.00,4.13,3.77,3.85,102100,3.85
2012-10-09,4.42,4.48,4.02,4.15,40800,4.15
2012-10-08,4.25,4.49,3.90,4.42,174600,4.42
2012-10-05,4.96,5.39,4.01,4.23,678600,4.23
2012-10-04,6.25,7.49,5.08,5.23,2135200,5.23
2012-10-03,3.79,3.79,3.79,3.79,29100,3.79
2012-10-02,3.81,3.81,3.81,3.81,200,3.81
2012-10-01,3.30,3.83,3.30,3.77,700,3.77
2012-09-28,3.82,3.82,3.38,3.54,10400,3.54
2012-09-27,3.78,3.85,3.26,3.26,900,3.26
2012-09-26,3.67,3.67,3.44,3.55,16300,3.55
2012-09-25,3.14,3.73,3.14,3.45,74200,3.45
2012-09-24,3.06,3.08,3.06,3.07,2900,3.07
2012-09-21,3.04,3.04,3.04,3.04,1200,3.04
2012-09-20,3.04,3.11,2.96,3.04,7100,3.04
2012-09-19,3.05,3.15,2.95,3.01,9800,3.01
2012-09-18,3.02,3.03,3.02,3.03,2400,3.03
2012-09-17,3.12,3.12,2.95,3.03,15400,3.03
2012-09-14,3.09,3.11,3.09,3.11,1300,3.11
2012-09-13,3.10,3.11,3.10,3.11,1000,3.11
2012-09-12,3.06,3.18,3.06,3.17,3900,3.17
2012-09-11,3.08,3.08,3.08,3.08,100,3.08
2012-09-10,3.04,3.08,2.95,3.08,5500,3.08
2012-09-07,3.17,3.27,3.03,3.16,10500,3.16
2012-09-06,3.45,3.45,3.30,3.30,1200,3.30
2012-09-05,3.14,3.14,3.14,3.14,3900,3.14
2012-09-04,3.25,3.25,3.16,3.18,1900,3.18
2012-08-31,3.14,3.36,3.13,3.36,2700,3.36
2012-08-30,3.07,3.07,3.07,3.07,100,3.07
2012-08-29,3.12,3.12,3.11,3.11,3400,3.11
2012-08-28,3.10,3.10,3.10,3.10,1300,3.10
2012-08-27,3.13,3.13,3.04,3.04,1300,3.04
2012-08-24,3.05,3.10,3.01,3.02,10100,3.02
2012-08-23,3.08,3.08,3.03,3.03,2100,3.03
2012-08-22,3.01,3.25,3.01,3.07,3400,3.07
2012-08-21,3.05,3.05,3.01,3.01,4700,3.01
2012-08-20,3.04,3.05,3.01,3.01,4200,3.01
2012-08-17,3.10,3.10,3.10,3.10,2000,3.10
2012-08-16,3.02,3.16,3.02,3.07,8500,3.07
2012-08-15,3.24,3.24,3.02,3.10,10900,3.10
2012-08-14,3.33,3.33,3.15,3.15,16800,3.15
2012-08-13,3.49,3.49,3.35,3.36,700,3.36
2012-08-10,3.33,3.33,3.33,3.33,2100,3.33
2012-08-09,3.60,3.60,3.55,3.55,700,3.55
2012-08-08,3.40,3.67,3.35,3.50,19400,3.50
2012-08-07,3.27,3.34,3.23,3.32,9100,3.32
2012-08-06,3.28,3.43,3.24,3.26,1200,3.26
2012-08-03,3.30,3.59,3.23,3.37,8800,3.37
2012-08-02,3.33,3.33,3.25,3.26,3100,3.26
2012-08-01,3.46,3.47,3.23,3.47,2600,3.47
2012-07-31,3.33,3.47,3.20,3.44,6600,3.44
2012-07-30,3.18,3.30,3.18,3.20,4900,3.20
2012-07-27,3.14,3.35,3.14,3.35,3900,3.35
2012-07-26,3.13,3.25,3.13,3.25,3000,3.25
2012-07-25,3.15,3.15,3.13,3.13,700,3.13
2012-07-24,3.25,3.25,3.09,3.18,12000,3.18
2012-07-23,3.18,3.25,3.12,3.22,8800,3.22
2012-07-20,3.31,3.38,3.11,3.35,2200,3.35
2012-07-19,3.33,3.47,3.20,3.30,17000,3.30
2012-07-18,3.50,3.67,3.12,3.13,52600,3.13
2012-07-17,3.92,4.08,3.68,3.68,18100,3.68
2012-07-16,3.86,4.16,3.77,4.00,37300,4.00
2012-07-13,4.15,4.70,3.72,3.94,256600,3.94
2012-07-12,3.48,3.98,3.45,3.94,31800,3.94
2012-07-11,3.58,3.75,3.47,3.47,32900,3.47
2012-07-10,4.07,4.15,3.38,3.56,58700,3.56
2012-07-09,4.23,4.35,4.05,4.22,38800,4.22
2012-07-06,4.18,4.54,4.16,4.32,22400,4.32
2012-07-05,4.50,4.50,4.07,4.26,44000,4.26
2012-07-03,4.99,5.20,4.22,4.52,207000,4.52
2012-07-02,3.53,6.17,3.53,5.18,699300,5.18
2012-06-29,3.60,3.60,3.60,3.60,000,3.60
2012-06-28,3.06,3.60,3.06,3.60,1200,3.60
2012-06-27,3.57,3.57,3.57,3.57,100,3.57
2012-06-26,3.66,3.70,3.56,3.60,2600,3.60
2012-06-25,3.69,3.69,3.66,3.66,4700,3.66
2012-06-22,3.69,3.69,3.69,3.69,000,3.69
2012-06-21,3.61,3.70,3.60,3.69,5800,3.69
2012-06-20,3.20,3.40,3.20,3.40,700,3.40
2012-06-19,3.22,3.69,3.20,3.29,600,3.29
2012-06-18,3.69,3.69,3.69,3.69,000,3.69
2012-06-15,3.70,3.70,3.18,3.69,1100,3.69
2012-06-14,3.80,3.80,3.80,3.80,300,3.80
2012-06-13,3.21,3.35,3.21,3.35,800,3.35
2012-06-12,3.43,3.43,3.43,3.43,100,3.43
2012-06-11,3.66,3.66,3.40,3.40,200,3.40
2012-06-08,3.21,3.69,3.21,3.67,4000,3.67
2012-06-07,3.20,3.20,3.20,3.20,300,3.20
2012-06-06,3.45,3.45,3.15,3.15,400,3.15
2012-06-05,3.44,3.44,3.44,3.44,100,3.44
2012-06-04,3.40,3.42,3.40,3.42,2700,3.42
2012-06-01,3.50,3.79,3.13,3.75,2000,3.75
2012-05-31,3.49,3.49,3.49,3.49,000,3.49
2012-05-30,3.49,3.49,3.49,3.49,400,3.49
2012-05-29,3.50,3.50,3.50,3.50,400,3.50
2012-05-25,3.51,3.51,3.50,3.50,600,3.50
2012-05-24,3.50,3.56,3.50,3.56,1600,3.56
2012-05-23,3.50,3.50,3.50,3.50,000,3.50
2012-05-22,3.20,3.50,3.20,3.50,2300,3.50
2012-05-21,3.58,3.58,3.58,3.58,200,3.58
2012-05-18,3.55,3.55,3.55,3.55,000,3.55
2012-05-17,3.04,3.56,3.04,3.55,1600,3.55
2012-05-16,3.52,3.52,3.52,3.52,000,3.52
2012-05-15,3.52,3.52,3.52,3.52,000,3.52
2012-05-14,3.52,3.52,3.52,3.52,300,3.52
2012-05-11,3.58,3.58,3.55,3.55,1700,3.55
2012-05-10,3.75,3.80,3.48,3.68,3100,3.68
2012-05-09,3.63,3.64,3.63,3.64,1900,3.64
2012-05-08,3.33,3.60,3.33,3.59,7000,3.59
2012-05-07,3.31,3.31,3.31,3.31,000,3.31
2012-05-04,3.31,3.31,3.31,3.31,100,3.31
2012-05-03,3.22,3.36,3.21,3.35,4400,3.35
2012-05-02,3.24,3.24,3.05,3.14,7000,3.14
2012-05-01,3.06,3.24,3.06,3.24,2600,3.24
2012-04-30,3.20,3.25,3.18,3.19,1400,3.19
2012-04-27,3.08,3.37,3.05,3.37,3300,3.37
2012-04-26,3.28,3.29,3.02,3.10,7400,3.10
2012-04-25,3.29,3.56,3.28,3.28,5700,3.28
2012-04-24,3.56,3.56,3.33,3.50,4500,3.50
2012-04-23,3.48,3.48,3.27,3.33,13400,3.33
2012-04-20,3.45,3.45,3.45,3.45,1100,3.45
2012-04-19,3.60,3.60,3.60,3.60,000,3.60
2012-04-18,3.44,3.60,3.44,3.60,1400,3.60
2012-04-17,3.42,3.43,3.42,3.43,400,3.43
2012-04-16,3.42,3.61,3.42,3.46,2600,3.46
2012-04-13,3.33,3.57,3.33,3.50,9600,3.50
2012-04-12,3.45,3.71,3.44,3.67,5800,3.67
2012-04-11,3.39,3.39,3.39,3.39,800,3.39
2012-04-10,3.31,3.31,3.31,3.31,000,3.31
2012-04-09,3.31,3.31,3.31,3.31,1300,3.31
2012-04-05,3.32,3.32,3.32,3.32,000,3.32
2012-04-04,3.32,3.32,3.32,3.32,000,3.32
2012-04-03,3.37,3.37,3.32,3.32,1100,3.32
2012-04-02,3.46,3.47,3.40,3.40,2300,3.40
2012-03-30,3.47,3.47,3.47,3.47,200,3.47
2012-03-29,3.46,3.52,3.46,3.50,2000,3.50
2012-03-28,3.45,3.49,3.45,3.49,600,3.49
2012-03-27,3.43,3.43,3.43,3.43,000,3.43
2012-03-26,3.43,3.43,3.43,3.43,000,3.43
2012-03-23,3.45,3.47,3.40,3.43,6000,3.43
2012-03-22,3.52,3.75,3.44,3.50,2100,3.50
2012-03-21,3.43,3.90,3.43,3.80,2000,3.80
2012-03-20,3.79,3.88,3.57,3.88,900,3.88
2012-03-19,3.54,3.84,3.53,3.84,1600,3.84
2012-03-16,3.39,3.55,3.39,3.46,1600,3.46
2012-03-15,3.58,3.58,3.55,3.55,3000,3.55
2012-03-14,3.59,3.59,3.58,3.59,2700,3.59
2012-03-13,3.59,4.00,3.59,3.59,2500,3.59
2012-03-12,3.96,3.96,3.58,3.85,14500,3.85
2012-03-09,3.88,4.06,3.88,3.99,10500,3.99
2012-03-08,3.30,3.84,3.30,3.84,18100,3.84
2012-03-07,3.20,3.29,3.16,3.29,3600,3.29
2012-03-06,3.26,3.30,3.05,3.20,4600,3.20
2012-03-05,3.29,3.29,3.29,3.29,300,3.29
2012-03-02,3.48,3.48,3.13,3.30,3100,3.30
2012-03-01,3.49,3.49,3.29,3.29,600,3.29
2012-02-29,3.40,3.49,3.10,3.33,1900,3.33
2012-02-28,3.18,3.49,3.18,3.41,300,3.41
2012-02-27,3.35,3.36,3.10,3.25,10100,3.25
2012-02-24,3.42,3.42,3.40,3.40,1500,3.40
2012-02-23,3.47,3.47,3.40,3.40,2300,3.40
2012-02-22,3.68,3.68,3.36,3.50,700,3.50
2012-02-21,3.56,3.57,3.40,3.57,3700,3.57
2012-02-17,3.64,3.69,3.62,3.62,4300,3.62
2012-02-16,3.61,3.76,3.61,3.74,7600,3.74
2012-02-15,4.21,4.21,3.73,3.87,4900,3.87
2012-02-14,3.72,3.93,3.72,3.93,1400,3.93
2012-02-13,3.71,4.22,3.71,3.99,3700,3.99
2012-02-10,3.56,4.09,3.56,3.71,8500,3.71
2012-02-09,3.37,4.79,3.37,4.17,148700,4.17
2012-02-08,3.10,3.29,3.10,3.29,3300,3.29
2012-02-07,3.11,3.11,3.10,3.10,1400,3.10
2012-02-06,3.11,3.11,3.10,3.10,1000,3.10
2012-02-03,3.12,3.12,3.12,3.12,200,3.12
2012-02-02,3.25,3.25,3.10,3.12,1600,3.12
2012-02-01,3.22,3.22,3.10,3.10,2500,3.10
2012-01-31,3.29,3.29,3.29,3.29,800,3.29
2012-01-30,3.10,3.29,3.10,3.29,200,3.29
2012-01-27,2.95,3.12,2.94,3.12,4500,3.12
2012-01-26,3.05,3.05,2.78,2.94,2300,2.94
2012-01-25,3.07,3.07,3.07,3.07,200,3.07
2012-01-24,2.97,3.05,2.97,3.05,1100,3.05
2012-01-23,3.02,3.02,3.02,3.02,500,3.02
2012-01-20,3.29,3.29,2.98,2.98,1500,2.98
2012-01-19,3.25,3.25,3.25,3.25,100,3.25
2012-01-18,3.35,3.35,3.11,3.11,2200,3.11
2012-01-17,3.16,3.16,3.05,3.06,4000,3.06
2012-01-13,3.27,3.34,3.20,3.20,3200,3.20
2012-01-12,3.00,3.15,2.98,3.15,5700,3.15
2012-01-11,3.01,3.05,3.01,3.05,3200,3.05
2012-01-10,3.00,3.00,2.95,3.00,3600,3.00
2012-01-09,2.96,3.00,2.96,3.00,500,3.00
2012-01-06,3.18,3.18,2.86,2.92,2300,2.92
2012-01-05,2.85,3.00,2.85,3.00,4000,3.00
2012-01-04,3.07,3.29,2.72,2.87,19500,2.87
2012-01-03,3.05,3.34,2.98,2.98,18700,2.98
2011-12-30,2.50,3.67,2.49,3.35,58100,3.35
2011-12-29,2.31,2.31,2.31,2.31,300,2.31
2011-12-28,2.26,2.26,2.26,2.26,000,2.26
2011-12-27,2.28,2.28,2.26,2.26,800,2.26
2011-12-23,2.26,2.40,2.26,2.27,2700,2.27
2011-12-22,2.22,2.22,2.22,2.22,000,2.22
2011-12-21,2.02,2.22,2.02,2.22,1400,2.22
2011-12-20,2.40,2.40,2.03,2.05,1500,2.05
2011-12-19,2.45,2.45,2.24,2.31,1200,2.31
2011-12-16,2.57,2.57,2.49,2.50,700,2.50
2011-12-15,2.64,2.64,2.55,2.64,1000,2.64
2011-12-14,2.73,2.75,2.59,2.59,5100,2.59
2011-12-13,2.70,2.70,2.60,2.60,4900,2.60
2011-12-12,2.55,2.68,2.55,2.59,1900,2.59
2011-12-09,2.55,2.74,2.55,2.69,1800,2.69
2011-12-08,2.60,2.61,2.60,2.60,6700,2.60
2011-12-07,2.66,2.69,2.35,2.69,5600,2.69
2011-12-06,2.49,2.76,2.49,2.55,5900,2.55
2011-12-05,2.40,2.50,2.37,2.49,13400,2.49
2011-12-02,2.40,2.46,2.33,2.33,5100,2.33
2011-12-01,2.30,2.40,2.28,2.33,5500,2.33
2011-11-30,2.21,2.32,2.09,2.31,6400,2.31
2011-11-29,2.04,2.38,1.81,2.23,15200,2.23
2011-11-28,2.15,2.15,2.07,2.07,500,2.07
2011-11-25,1.75,2.18,1.72,2.18,1000,2.18
2011-11-23,1.94,1.94,1.94,1.94,000,1.94
2011-11-22,1.93,1.94,1.93,1.94,1300,1.94
2011-11-21,2.03,2.03,1.92,1.92,3300,1.92
2011-11-18,2.10,2.10,2.01,2.07,3500,2.07
2011-11-17,2.00,2.20,1.99,2.20,4800,2.20
2011-11-16,1.99,2.01,1.99,2.01,1100,2.01
2011-11-15,2.00,2.01,1.99,1.99,2500,1.99
2011-11-14,2.01,2.01,2.01,2.01,100,2.01
2011-11-11,2.01,2.04,2.00,2.04,1200,2.04
2011-11-10,2.11,2.11,2.00,2.06,5200,2.06
2011-11-09,2.10,2.10,2.10,2.10,000,2.10
2011-11-08,2.12,2.12,2.10,2.10,1800,2.10
2011-11-07,2.03,2.15,2.03,2.15,1500,2.15
2011-11-04,2.21,2.21,2.06,2.08,1000,2.08
2011-11-03,2.28,2.28,2.28,2.28,400,2.28
2011-11-02,2.28,2.29,2.28,2.29,1000,2.29
2011-11-01,2.18,2.18,2.18,2.18,000,2.18
2011-10-31,2.18,2.18,2.18,2.18,400,2.18
2011-10-28,2.22,2.22,2.22,2.22,000,2.22
2011-10-27,2.22,2.22,2.22,2.22,000,2.22
2011-10-26,2.19,2.22,2.18,2.22,2100,2.22
2011-10-25,2.31,2.37,2.20,2.20,2500,2.20
2011-10-24,2.40,2.40,2.40,2.40,000,2.40
2011-10-21,2.40,2.40,2.40,2.40,000,2.40
2011-10-20,2.40,2.41,2.31,2.40,3400,2.40
2011-10-19,2.14,2.48,2.14,2.35,4200,2.35
2011-10-18,2.31,2.33,2.25,2.32,4500,2.32
2011-10-17,2.30,2.31,2.30,2.31,300,2.31
2011-10-14,2.24,2.40,2.23,2.26,8700,2.26
2011-10-13,2.16,2.21,2.01,2.21,3000,2.21
2011-10-12,2.07,2.07,2.07,2.07,000,2.07
2011-10-11,2.05,2.07,2.01,2.07,1400,2.07
2011-10-10,2.30,2.31,1.99,2.04,15500,2.04
2011-10-07,2.33,2.34,2.25,2.34,10000,2.34
2011-10-06,1.59,2.34,1.59,2.15,66100,2.15
2011-10-05,1.58,1.65,1.50,1.55,11400,1.55
2011-10-04,1.69,1.70,1.58,1.70,7400,1.70
2011-10-03,1.97,1.97,1.60,1.60,11800,1.60
2011-09-30,2.13,2.13,1.78,1.85,33600,1.85
2011-09-29,2.75,2.75,2.00,2.22,42500,2.22
2011-09-28,3.09,3.09,3.09,3.09,000,3.09
2011-09-27,2.96,3.09,2.70,3.09,15200,3.09
2011-09-26,3.00,3.00,2.82,3.00,5700,3.00
2011-09-23,2.96,3.15,2.90,3.15,3600,3.15
2011-09-22,3.11,3.30,2.67,3.15,3300,3.15
2011-09-21,3.17,3.56,3.16,3.45,3300,3.45
2011-09-20,3.35,3.52,3.35,3.35,2700,3.35
2011-09-19,3.09,3.50,3.01,3.50,8800,3.50
2011-09-16,3.14,3.50,3.01,3.32,17300,3.32
2011-09-15,3.02,3.19,2.88,3.14,13600,3.14
2011-09-14,2.90,2.98,2.60,2.98,1700,2.98
2011-09-13,2.90,2.90,2.90,2.90,000,2.90
2011-09-12,2.90,2.90,2.90,2.90,000,2.90
2011-09-09,2.90,2.90,2.90,2.90,000,2.90
2011-09-08,2.86,3.04,2.86,2.90,4000,2.90
2011-09-07,3.05,3.05,2.90,2.90,2100,2.90
2011-09-06,2.71,2.78,2.71,2.78,2500,2.78
2011-09-02,2.78,2.78,2.78,2.78,400,2.78
2011-09-01,3.11,3.11,3.11,3.11,000,3.11
2011-08-31,3.02,3.11,3.02,3.11,800,3.11
2011-08-30,3.00,3.00,3.00,3.00,000,3.00
2011-08-29,2.65,3.20,2.65,3.00,3200,3.00
2011-08-26,3.20,3.22,3.20,3.22,1000,3.22
2011-08-25,2.99,3.22,2.92,3.00,2900,3.00
2011-08-24,2.50,2.60,2.50,2.60,1700,2.60
2011-08-23,2.51,2.51,2.51,2.51,000,2.51
2011-08-22,2.55,2.60,2.51,2.51,3900,2.51
2011-08-19,2.60,2.60,2.60,2.60,200,2.60
2011-08-18,2.74,2.74,2.60,2.60,1300,2.60
2011-08-17,2.80,3.18,2.60,2.60,4600,2.60
2011-08-16,2.85,2.85,2.85,2.85,000,2.85
2011-08-15,2.87,2.87,2.85,2.85,1300,2.85
2011-08-12,3.11,3.11,3.11,3.11,000,3.11
2011-08-11,3.01,3.11,2.87,3.11,2300,3.11
2011-08-10,2.90,3.35,2.90,2.90,4700,2.90
2011-08-09,2.40,3.14,2.21,2.92,4700,2.92
2011-08-08,2.21,2.50,2.21,2.45,8700,2.45
2011-08-05,3.30,3.30,2.25,2.25,3900,2.25
2011-08-04,3.74,3.74,3.37,3.37,5800,3.37
2011-08-03,3.74,3.80,3.63,3.75,19500,3.75
2011-08-02,3.33,4.00,3.33,3.70,16800,3.70
2011-08-01,3.27,3.48,3.24,3.48,1900,3.48
2011-07-29,3.35,3.49,3.20,3.48,6300,3.48
2011-07-28,3.40,3.61,3.23,3.25,4500,3.25
2011-07-27,3.37,3.50,3.22,3.47,6100,3.47
2011-07-26,2.79,3.37,2.70,3.37,21600,3.37
2011-07-25,2.65,2.75,2.30,2.75,9000,2.75
2011-07-22,2.70,2.70,2.70,2.70,400,2.70
2011-07-21,2.45,2.45,2.45,2.45,600,2.45
2011-07-20,2.05,2.17,2.04,2.17,1200,2.17
2011-07-19,2.60,2.60,2.28,2.50,2100,2.50
2011-07-18,2.73,2.73,2.31,2.31,2100,2.31
2011-07-15,2.51,2.74,2.51,2.51,1500,2.51
2011-07-14,2.51,2.51,2.51,2.51,1400,2.51
2011-07-13,2.50,2.50,2.50,2.50,1200,2.50
2011-07-12,2.45,2.54,2.43,2.54,6700,2.54
2011-07-11,2.59,2.59,2.59,2.59,500,2.59
2011-07-08,2.49,2.75,2.49,2.74,2900,2.74
2011-07-07,2.48,2.59,2.48,2.59,5800,2.59
2011-07-06,2.34,2.48,2.34,2.45,7400,2.45
2011-07-05,2.02,2.43,2.02,2.25,9100,2.25
2011-07-01,1.74,2.02,1.74,2.02,5100,2.02
2011-06-30,2.27,2.27,2.00,2.00,6700,2.00
2011-06-29,1.79,1.79,1.79,1.79,200,1.79
2011-06-28,1.74,1.85,1.74,1.85,1300,1.85
2011-06-27,1.75,1.75,1.74,1.74,900,1.74
2011-06-24,1.77,1.85,1.74,1.74,2100,1.74
2011-06-23,1.75,1.86,1.73,1.74,9900,1.74
2011-06-22,1.80,1.83,1.80,1.83,1000,1.83
2011-06-21,1.84,1.84,1.84,1.84,000,1.84
2011-06-20,1.84,1.84,1.84,1.84,000,1.84
2011-06-17,1.75,1.84,1.75,1.84,2200,1.84
2011-06-16,0.42,0.43,0.38,0.39,1900,1.95
2011-06-15,0.46,0.46,0.41,0.41,2300,2.05
2011-06-14,0.41,0.48,0.41,0.42,1200,2.10
2011-06-13,0.42,0.48,0.41,0.41,2300,2.05
2011-06-10,0.42,0.42,0.42,0.42,500,2.10
2011-06-09,0.44,0.44,0.42,0.42,800,2.10
2011-06-08,0.48,0.48,0.45,0.45,4500,2.25
2011-06-07,0.48,0.49,0.48,0.48,1100,2.40
2011-06-06,0.49,0.49,0.48,0.48,700,2.40
2011-06-03,0.47,0.58,0.45,0.49,2400,2.45
2011-06-02,0.47,0.47,0.47,0.47,2200,2.35
2011-06-01,0.47,0.47,0.47,0.47,2000,2.35
2011-05-31,0.49,0.59,0.49,0.50,1100,2.50
2011-05-27,0.45,0.50,0.45,0.49,3600,2.45
2011-05-26,0.50,0.50,0.49,0.49,3000,2.45
2011-05-25,0.41,0.49,0.41,0.49,3000,2.45
2011-05-24,0.45,0.46,0.40,0.41,4600,2.05
2011-05-23,0.42,0.44,0.42,0.44,3600,2.20
2011-05-20,0.40,0.43,0.40,0.42,1600,2.10
2011-05-19,0.42,0.42,0.40,0.42,2300,2.10
2011-05-18,0.46,0.46,0.41,0.44,200,2.20
2011-05-17,0.49,0.49,0.40,0.49,300,2.45
2011-05-16,0.40,0.46,0.40,0.46,500,2.30
2011-05-13,0.43,0.46,0.42,0.43,4200,2.15
2011-05-12,0.36,0.40,0.36,0.38,26400,1.90
2011-05-11,0.45,0.49,0.45,0.45,1400,2.25
2011-05-10,0.48,0.48,0.45,0.46,1600,2.30
2011-05-09,0.54,0.54,0.50,0.50,3800,2.50
2011-05-06,0.54,0.55,0.54,0.54,1700,2.70
2011-05-05,0.54,0.59,0.54,0.54,000,2.70
2011-05-04,0.56,0.56,0.54,0.56,3500,2.80
2011-05-03,0.59,0.59,0.57,0.57,2200,2.85
2011-05-02,0.55,0.58,0.54,0.58,2000,2.90
2011-04-29,0.59,0.59,0.59,0.59,000,2.95
2011-04-28,0.55,0.55,0.55,0.55,000,2.75
2011-04-27,0.61,0.61,0.56,0.56,2800,2.80
2011-04-26,0.63,0.63,0.63,0.63,000,3.15
2011-04-25,0.59,0.63,0.59,0.63,3200,3.15
2011-04-21,0.63,0.63,0.63,0.63,200,3.15
2011-04-20,0.62,0.62,0.62,0.62,2400,3.10
2011-04-19,0.58,0.63,0.58,0.58,3200,2.90
2011-04-18,0.59,0.64,0.59,0.59,300,2.95
2011-04-15,0.59,0.64,0.59,0.64,000,3.20
2011-04-14,0.59,0.60,0.58,0.58,1800,2.90
2011-04-13,0.60,0.62,0.60,0.61,300,3.05
2011-04-12,0.60,0.61,0.58,0.61,2500,3.05
2011-04-11,0.60,0.64,0.60,0.64,4300,3.20
2011-04-08,0.65,0.65,0.60,0.61,1000,3.05
2011-04-07,0.65,0.65,0.58,0.58,2000,2.90
2011-04-06,0.58,0.64,0.58,0.63,3100,3.15
2011-04-05,0.60,0.60,0.57,0.58,5400,2.90
2011-04-04,0.60,0.60,0.58,0.59,7200,2.95
2011-04-01,0.60,0.65,0.57,0.58,600,2.90
2011-03-31,0.57,0.60,0.57,0.60,1400,3.00
2011-03-30,0.63,0.63,0.53,0.58,5800,2.90
2011-03-29,0.63,0.64,0.63,0.64,200,3.20
2011-03-28,0.67,0.67,0.57,0.65,3200,3.25
2011-03-25,0.57,0.68,0.55,0.67,1300,3.35
2011-03-24,0.67,0.70,0.58,0.58,700,2.90
2011-03-23,0.68,0.68,0.68,0.68,200,3.40
2011-03-22,0.70,0.70,0.64,0.68,5100,3.40
2011-03-21,0.57,0.65,0.57,0.63,1200,3.15
2011-03-18,0.55,0.56,0.52,0.54,2100,2.70
2011-03-17,0.55,0.58,0.55,0.58,500,2.90
2011-03-16,0.57,0.59,0.55,0.55,2000,2.75
2011-03-15,0.55,0.59,0.53,0.55,34200,2.75
2011-03-14,0.65,0.65,0.62,0.63,2500,3.15
2011-03-11,0.65,0.67,0.61,0.65,3600,3.25
2011-03-10,0.67,0.67,0.65,0.66,1300,3.30
2011-03-09,0.69,0.69,0.67,0.67,700,3.35
2011-03-08,0.65,0.70,0.65,0.66,1200,3.30
2011-03-07,0.68,0.68,0.66,0.66,100,3.30
2011-03-04,0.71,0.71,0.65,0.68,5400,3.40
2011-03-03,0.65,0.70,0.65,0.70,8300,3.50
2011-03-02,0.65,0.68,0.65,0.66,3400,3.30
2011-03-01,0.71,0.71,0.65,0.65,10000,3.25
2011-02-28,0.74,0.74,0.71,0.71,3100,3.55
2011-02-25,0.72,0.73,0.72,0.72,200,3.60
2011-02-24,0.73,0.73,0.71,0.72,3600,3.60
2011-02-23,0.75,0.78,0.72,0.73,8300,3.65
2011-02-22,0.76,0.76,0.71,0.75,16200,3.75
2011-02-18,0.79,0.79,0.77,0.79,4800,3.95
2011-02-17,0.79,0.80,0.78,0.78,2300,3.90
2011-02-16,0.78,0.82,0.75,0.81,6300,4.05
2011-02-15,0.73,0.75,0.73,0.74,8200,3.70
2011-02-14,0.89,0.89,0.71,0.74,26600,3.70
2011-02-11,0.85,0.86,0.84,0.86,4000,4.30
2011-02-10,0.85,0.85,0.80,0.85,11600,4.25
2011-02-09,0.83,0.85,0.80,0.84,4100,4.20
2011-02-08,0.87,0.87,0.80,0.86,4200,4.30
2011-02-07,0.90,0.94,0.80,0.89,12900,4.45
2011-02-04,0.95,0.95,0.83,0.89,22900,4.45
2011-02-03,0.92,0.94,0.88,0.91,17800,4.55
2011-02-02,0.76,0.99,0.76,0.95,119500,4.75
2011-02-01,0.67,0.75,0.67,0.75,18400,3.75
2011-01-31,0.66,0.72,0.66,0.67,24600,3.35
2011-01-28,0.72,0.75,0.63,0.64,43100,3.20
2011-01-27,0.68,0.73,0.68,0.72,19900,3.60
2011-01-26,0.69,0.69,0.66,0.67,10600,3.35
2011-01-25,0.70,0.70,0.63,0.69,36600,3.45
2011-01-24,0.75,0.75,0.62,0.70,25900,3.50
2011-01-21,0.80,0.80,0.70,0.75,40400,3.75
2011-01-20,0.65,0.79,0.65,0.75,167700,3.75
2011-01-19,0.62,0.65,0.62,0.63,5800,3.15
2011-01-18,0.67,0.67,0.61,0.62,5300,3.10
2011-01-14,0.60,0.67,0.60,0.63,45200,3.15
2011-01-13,0.60,0.63,0.54,0.59,65100,2.95
2011-01-12,0.53,0.53,0.50,0.51,9700,2.55
2011-01-11,0.53,0.53,0.52,0.52,000,2.60
2011-01-10,0.50,0.51,0.47,0.51,8600,2.55
2011-01-07,0.51,0.52,0.50,0.51,2700,2.55
2011-01-06,0.52,0.54,0.52,0.54,6300,2.70
2011-01-05,0.53,0.53,0.50,0.53,5700,2.65
2011-01-04,0.50,0.54,0.49,0.54,4500,2.70
2011-01-03,0.50,0.52,0.50,0.51,7200,2.55
2010-12-31,0.50,0.52,0.50,0.52,4700,2.60
2010-12-30,0.50,0.52,0.50,0.52,1400,2.60
2010-12-29,0.51,0.55,0.50,0.52,6900,2.60
2010-12-28,0.51,0.53,0.51,0.51,7700,2.55
2010-12-27,0.52,0.53,0.50,0.52,1600,2.60
2010-12-23,0.52,0.54,0.50,0.54,7500,2.70
2010-12-22,0.55,0.55,0.52,0.52,5000,2.60
2010-12-21,0.57,0.57,0.50,0.52,12100,2.60
2010-12-20,0.60,0.60,0.53,0.53,4100,2.65
2010-12-17,0.56,0.57,0.52,0.57,10800,2.85
2010-12-16,0.55,0.58,0.54,0.55,4000,2.75
2010-12-15,0.57,0.60,0.54,0.57,4300,2.85
2010-12-14,0.63,0.63,0.55,0.58,4900,2.90
2010-12-13,0.52,0.63,0.52,0.60,27700,3.00
2010-12-10,0.55,0.55,0.53,0.55,5000,2.75
2010-12-09,0.54,0.54,0.54,0.54,000,2.70
2010-12-08,0.53,0.55,0.51,0.54,3000,2.70
2010-12-07,0.50,0.54,0.50,0.54,4200,2.70
2010-12-06,0.50,0.53,0.50,0.53,3000,2.65
2010-12-03,0.54,0.54,0.50,0.53,1900,2.65
2010-12-02,0.51,0.54,0.50,0.54,11000,2.70
2010-12-01,0.49,0.52,0.48,0.50,13800,2.50
2010-11-30,0.49,0.50,0.48,0.49,24500,2.45
2010-11-29,0.50,0.50,0.46,0.48,3200,2.40
2010-11-26,0.46,0.47,0.46,0.47,9200,2.35
2010-11-24,0.46,0.48,0.46,0.47,1400,2.35
2010-11-23,0.48,0.48,0.47,0.48,2800,2.40
2010-11-22,0.48,0.50,0.45,0.48,6500,2.40
2010-11-19,0.49,0.50,0.46,0.48,11400,2.40
2010-11-18,0.47,0.51,0.46,0.47,32300,2.35
2010-11-17,0.48,0.51,0.47,0.51,10800,2.55
2010-11-16,0.49,0.50,0.49,0.50,1700,2.50
2010-11-15,0.51,0.51,0.49,0.51,3500,2.55
2010-11-12,0.50,0.52,0.48,0.52,49100,2.60
2010-11-11,0.49,0.50,0.47,0.50,800,2.50
2010-11-10,0.47,0.50,0.47,0.50,1700,2.50
2010-11-09,0.46,0.50,0.46,0.49,5200,2.45
2010-11-08,0.50,0.50,0.50,0.50,2900,2.50
2010-11-05,0.49,0.50,0.46,0.49,7800,2.45
2010-11-04,0.50,0.50,0.45,0.48,1900,2.40
2010-11-03,0.52,0.52,0.48,0.51,2200,2.55
2010-11-02,0.51,0.52,0.51,0.52,1200,2.60
2010-11-01,0.52,0.52,0.48,0.51,1700,2.55
2010-10-29,0.50,0.50,0.47,0.49,2100,2.45
2010-10-28,0.53,0.53,0.46,0.50,14300,2.50
2010-10-27,0.50,0.53,0.48,0.50,13500,2.50
2010-10-26,0.49,0.53,0.48,0.50,14000,2.50
2010-10-25,0.55,0.55,0.49,0.51,20900,2.55
2010-10-22,0.58,0.62,0.54,0.55,137600,2.75
2010-10-21,0.58,0.58,0.53,0.56,13900,2.80
2010-10-20,0.54,0.58,0.53,0.57,4900,2.85
2010-10-19,0.50,0.58,0.50,0.55,15600,2.75
2010-10-18,0.50,0.50,0.48,0.50,7600,2.50
2010-10-15,0.44,0.50,0.44,0.49,2000,2.45
2010-10-14,0.43,0.50,0.43,0.45,13200,2.25
2010-10-13,0.44,0.46,0.43,0.43,2700,2.15
2010-10-12,0.43,0.47,0.43,0.46,2400,2.30
2010-10-11,0.46,0.46,0.44,0.44,4500,2.20
2010-10-08,0.46,0.47,0.46,0.47,2400,2.35
2010-10-07,0.45,0.46,0.42,0.44,400,2.20
2010-10-06,0.43,0.46,0.42,0.44,2400,2.20
2010-10-05,0.44,0.46,0.43,0.43,4400,2.15
2010-10-04,0.47,0.47,0.41,0.43,8800,2.15
2010-10-01,0.47,0.47,0.41,0.41,12800,2.05
2010-09-30,0.50,0.50,0.43,0.49,4100,2.45
2010-09-29,0.47,0.47,0.45,0.45,6400,2.25
2010-09-28,0.47,0.48,0.41,0.46,46500,2.30
2010-09-27,0.38,0.45,0.37,0.43,65100,2.15
2010-09-24,0.38,0.40,0.37,0.38,11500,1.90
2010-09-23,0.40,0.41,0.37,0.41,1100,2.05
2010-09-22,0.37,0.40,0.37,0.39,2800,1.95
2010-09-21,0.38,0.41,0.37,0.38,5600,1.90
2010-09-20,0.40,0.40,0.40,0.40,500,2.00
2010-09-17,0.43,0.43,0.36,0.41,26500,2.05
2010-09-16,0.39,0.40,0.39,0.40,3400,2.00
2010-09-15,0.41,0.44,0.35,0.40,4100,2.00
2010-09-14,0.36,0.40,0.36,0.40,3000,2.00
2010-09-13,0.37,0.40,0.37,0.40,600,2.00
2010-09-10,0.40,0.44,0.38,0.38,200,1.90
2010-09-09,0.37,0.40,0.36,0.40,1300,2.00
2010-09-08,0.41,0.41,0.41,0.41,500,2.05
2010-09-07,0.42,0.42,0.38,0.42,300,2.10
2010-09-03,0.44,0.44,0.40,0.41,200,2.05
2010-09-02,0.39,0.40,0.36,0.36,9100,1.80
2010-09-01,0.40,0.40,0.35,0.39,5600,1.95
2010-08-31,0.45,0.46,0.37,0.37,16200,1.85
2010-08-30,0.46,0.47,0.45,0.47,700,2.35
2010-08-27,0.43,0.46,0.43,0.45,400,2.25
2010-08-26,0.43,0.47,0.43,0.46,300,2.30
2010-08-25,0.47,0.47,0.43,0.46,200,2.30
2010-08-24,0.50,0.50,0.43,0.47,3100,2.35
2010-08-23,0.48,0.49,0.46,0.48,1400,2.40
2010-08-20,0.47,0.50,0.45,0.49,5900,2.45
2010-08-19,0.46,0.50,0.46,0.50,4600,2.50
2010-08-18,0.50,0.50,0.47,0.49,5400,2.45
2010-08-17,0.48,0.49,0.45,0.47,4200,2.35
2010-08-16,0.49,0.50,0.46,0.49,3100,2.45
2010-08-13,0.63,0.63,0.42,0.48,75200,2.40
2010-08-12,0.63,0.68,0.63,0.66,800,3.30
2010-08-11,0.68,0.68,0.68,0.68,000,3.40
2010-08-10,0.66,0.68,0.63,0.68,700,3.40
2010-08-09,0.65,0.69,0.63,0.65,1400,3.25
2010-08-06,0.65,0.70,0.65,0.69,400,3.45
2010-08-05,0.70,0.70,0.64,0.70,5300,3.50
2010-08-04,0.71,0.71,0.70,0.71,2700,3.55
2010-08-03,0.72,0.73,0.70,0.73,800,3.65
2010-08-02,0.74,0.75,0.72,0.74,900,3.70
2010-07-30,0.74,0.75,0.74,0.75,600,3.75
2010-07-29,0.70,0.73,0.70,0.72,1400,3.60
2010-07-28,0.72,0.75,0.72,0.72,1500,3.60
2010-07-27,0.73,0.73,0.70,0.72,2400,3.60
2010-07-26,0.76,0.77,0.73,0.76,2200,3.80
2010-07-23,0.79,0.79,0.70,0.73,10300,3.65
2010-07-22,0.80,0.80,0.72,0.75,7800,3.75
2010-07-21,0.78,0.78,0.73,0.77,2200,3.85
2010-07-20,0.76,0.76,0.73,0.76,1200,3.80
2010-07-19,0.73,0.73,0.72,0.73,2000,3.65
2010-07-16,0.75,0.76,0.73,0.76,1200,3.80
2010-07-15,0.73,0.76,0.73,0.76,000,3.80
2010-07-14,0.78,0.78,0.73,0.77,200,3.85
2010-07-13,0.73,0.78,0.73,0.76,4700,3.80
2010-07-12,0.72,0.76,0.67,0.74,3100,3.70
2010-07-09,0.78,0.78,0.78,0.78,000,3.90
2010-07-08,0.72,0.75,0.63,0.74,2300,3.70
2010-07-07,0.76,0.80,0.73,0.80,300,4.00
2010-07-06,0.77,0.80,0.73,0.79,900,3.95
2010-07-02,0.80,0.80,0.80,0.80,000,4.00
2010-07-01,0.74,0.80,0.74,0.80,100,4.00
2010-06-30,0.78,0.78,0.78,0.78,000,3.90
2010-06-29,0.78,0.78,0.73,0.78,6000,3.90
2010-06-28,0.78,0.81,0.74,0.74,1200,3.70
2010-06-25,0.81,0.81,0.74,0.80,2300,4.00
2010-06-24,0.79,0.83,0.72,0.75,2700,3.75
2010-06-23,0.83,0.86,0.72,0.76,24700,3.80
2010-06-22,0.85,0.92,0.84,0.87,2600,4.35
2010-06-21,0.92,0.92,0.84,0.87,12300,4.35
2010-06-18,0.88,0.88,0.87,0.88,1700,4.40
2010-06-17,0.86,0.89,0.86,0.86,3300,4.30
2010-06-16,0.90,0.94,0.85,0.94,1200,4.70
2010-06-15,0.85,0.94,0.84,0.94,3900,4.70
2010-06-14,0.86,0.99,0.83,0.95,8600,4.75
2010-06-11,0.87,0.94,0.87,0.94,300,4.70
2010-06-10,1.00,1.00,1.00,1.00,000,5.00
2010-06-09,1.00,1.00,0.92,1.00,1200,5.00
2010-06-08,0.88,1.00,0.88,0.98,3700,4.90
2010-06-07,0.96,0.96,0.84,0.88,4800,4.40
2010-06-04,0.99,0.99,0.93,0.97,1000,4.85
2010-06-03,0.97,1.00,0.93,1.00,2600,5.00
2010-06-02,0.94,1.00,0.94,0.97,800,4.85
2010-06-01,0.97,0.97,0.93,0.95,200,4.75
2010-05-28,0.96,1.03,0.95,0.99,1100,4.95
2010-05-27,1.06,1.06,0.96,1.05,1900,5.25
2010-05-26,1.00,1.00,1.00,1.00,000,5.00
2010-05-25,1.00,1.00,0.93,1.00,3200,5.00
2010-05-24,1.00,1.06,0.99,1.06,800,5.30
2010-05-21,1.01,1.09,0.99,1.00,9600,5.00
2010-05-20,1.06,1.10,0.99,1.09,7300,5.45
2010-05-19,1.17,1.18,0.90,1.10,239600,5.50
2010-05-18,1.15,1.19,1.11,1.19,3400,5.95
2010-05-17,1.14,1.20,1.10,1.18,7600,5.90
2010-05-14,1.13,1.13,1.13,1.13,200,5.65
2010-05-13,1.10,1.15,1.10,1.13,6600,5.65
2010-05-12,1.11,1.14,1.11,1.14,4000,5.70
2010-05-11,1.10,1.15,1.10,1.12,2700,5.60
2010-05-10,1.14,1.14,1.11,1.13,1200,5.65
2010-05-07,1.17,1.19,1.09,1.15,7000,5.75
2010-05-06,1.20,1.20,1.16,1.20,1100,6.00
2010-05-05,1.23,1.23,1.20,1.23,000,6.15
2010-05-04,1.24,1.26,1.22,1.22,1500,6.10
2010-05-03,1.27,1.27,1.25,1.25,100,6.25
2010-04-30,1.29,1.29,1.25,1.25,600,6.25
2010-04-29,1.30,1.31,1.26,1.30,1600,6.50
2010-04-28,1.31,1.31,1.23,1.23,600,6.15
2010-04-27,1.23,1.29,1.23,1.29,500,6.45
2010-04-26,1.25,1.30,1.22,1.22,1200,6.10
2010-04-23,1.24,1.30,1.21,1.27,3500,6.35
2010-04-22,1.24,1.29,1.23,1.23,1100,6.15
2010-04-21,1.30,1.32,1.23,1.24,5500,6.20
2010-04-20,1.18,1.30,1.15,1.29,30000,6.45
2010-04-19,1.14,1.19,1.11,1.13,2300,5.65
2010-04-16,1.13,1.20,1.11,1.19,5500,5.95
2010-04-15,1.16,1.16,1.08,1.14,10800,5.70
2010-04-14,1.16,1.18,1.15,1.18,2900,5.90
2010-04-13,1.16,1.18,1.11,1.18,2100,5.90
2010-04-12,1.20,1.20,1.15,1.18,2700,5.90
2010-04-09,1.18,1.19,1.15,1.19,2900,5.95
2010-04-08,1.18,1.19,1.15,1.19,2400,5.95
2010-04-07,1.15,1.23,1.15,1.20,5800,6.00
2010-04-06,1.18,1.20,1.13,1.19,4300,5.95
2010-04-05,1.18,1.20,1.16,1.20,500,6.00
2010-04-01,1.18,1.20,1.16,1.20,300,6.00
2010-03-31,1.17,1.21,1.17,1.18,2100,5.90
2010-03-30,1.18,1.18,1.16,1.17,700,5.85
2010-03-29,1.18,1.19,1.15,1.19,1900,5.95
2010-03-26,1.24,1.24,1.13,1.19,2900,5.95
2010-03-25,1.19,1.21,1.14,1.20,3300,6.00
2010-03-24,1.19,1.20,1.16,1.20,8900,6.00
2010-03-23,1.25,1.25,1.15,1.20,10000,6.00
2010-03-22,1.19,1.28,1.10,1.21,24600,6.05
2010-03-19,1.25,1.28,1.20,1.28,900,6.40
2010-03-18,1.22,1.28,1.22,1.28,100,6.40
2010-03-17,1.20,1.28,1.18,1.26,5500,6.30
2010-03-16,1.24,1.24,1.18,1.23,1500,6.15
2010-03-15,1.20,1.24,1.19,1.24,1500,6.20
2010-03-12,1.25,1.25,1.23,1.25,2400,6.25
2010-03-11,1.21,1.22,1.21,1.22,300,6.10
2010-03-10,1.25,1.25,1.20,1.21,3600,6.05
2010-03-09,1.18,1.23,1.17,1.21,3800,6.05
2010-03-08,1.19,1.26,1.15,1.15,2700,5.75
2010-03-05,1.18,1.18,1.18,1.18,100,5.90
2010-03-04,1.23,1.25,1.20,1.21,1100,6.05
2010-03-03,1.23,1.25,1.17,1.21,900,6.05
2010-03-02,1.19,1.25,1.16,1.18,3000,5.90
2010-03-01,1.22,1.22,1.15,1.19,4300,5.95
2010-02-26,1.21,1.24,1.20,1.22,1600,6.10
2010-02-25,1.21,1.22,1.14,1.21,1000,6.05
2010-02-24,1.22,1.22,1.21,1.21,100,6.05
2010-02-23,1.23,1.25,1.18,1.24,2100,6.20
2010-02-22,1.24,1.26,1.22,1.25,2100,6.25
2010-02-19,1.27,1.28,1.26,1.28,1400,6.40
2010-02-18,1.23,1.26,1.23,1.24,1900,6.20
2010-02-17,1.23,1.24,1.23,1.23,100,6.15
2010-02-16,1.25,1.25,1.25,1.25,900,6.25
2010-02-12,1.20,1.25,1.20,1.24,4700,6.20
2010-02-11,1.24,1.24,1.22,1.22,3400,6.10
2010-02-10,1.21,1.24,1.21,1.24,3200,6.20
2010-02-09,1.25,1.26,1.20,1.21,3600,6.05
2010-02-08,1.28,1.29,1.25,1.29,1300,6.45
2010-02-05,1.26,1.28,1.26,1.28,2700,6.40
2010-02-04,1.21,1.27,1.21,1.26,900,6.30
2010-02-03,1.23,1.24,1.21,1.22,4800,6.10
2010-02-02,1.24,1.27,1.21,1.22,700,6.10
2010-02-01,1.23,1.24,1.23,1.24,1700,6.20
2010-01-29,1.27,1.27,1.21,1.22,1800,6.10
2010-01-28,1.20,1.24,1.19,1.23,13200,6.15
2010-01-27,1.16,1.34,1.16,1.26,23900,6.30
2010-01-26,1.17,1.18,1.16,1.18,300,5.90
2010-01-25,1.18,1.18,1.16,1.18,100,5.90
2010-01-22,1.20,1.20,1.12,1.16,4800,5.80
2010-01-21,1.15,1.23,1.15,1.22,1200,6.10
2010-01-20,1.23,1.23,1.14,1.18,10600,5.90
2010-01-19,1.25,1.28,1.21,1.23,2900,6.15
2010-01-15,1.32,1.32,1.18,1.21,19300,6.05
2010-01-14,1.30,1.37,1.26,1.32,1700,6.60
2010-01-13,1.44,1.44,1.28,1.30,7800,6.50
2010-01-12,1.30,1.46,1.23,1.33,28600,6.65
2010-01-11,1.23,1.28,1.17,1.28,2100,6.40
2010-01-08,1.30,1.30,1.22,1.30,100,6.50
2010-01-07,1.21,1.29,1.21,1.29,1000,6.45
2010-01-06,1.25,1.29,1.22,1.29,2100,6.45
2010-01-05,1.32,1.33,1.25,1.28,3800,6.40
2010-01-04,1.30,1.33,1.20,1.30,6800,6.50
2009-12-31,1.24,1.36,1.17,1.33,7100,6.65
2009-12-30,1.30,1.30,1.20,1.25,7600,6.25
2009-12-29,1.25,1.36,1.23,1.32,14500,6.60
2009-12-28,1.24,1.34,1.24,1.34,31100,6.70
2009-12-24,1.15,1.25,1.15,1.24,6000,6.20
2009-12-23,1.15,1.22,1.15,1.22,800,6.10
2009-12-22,1.13,1.23,1.06,1.23,12500,6.15
2009-12-21,1.07,1.10,1.03,1.10,10000,5.50
2009-12-18,1.10,1.12,1.04,1.12,4700,5.60
2009-12-17,1.08,1.11,1.05,1.11,6700,5.55
2009-12-16,1.07,1.12,1.06,1.12,7900,5.60
2009-12-15,1.14,1.14,1.09,1.11,3400,5.55
2009-12-14,1.15,1.19,1.07,1.13,18700,5.65
2009-12-11,1.13,1.22,1.06,1.20,11100,6.00
2009-12-10,1.26,1.26,1.13,1.20,8000,6.00
2009-12-09,1.20,1.26,1.20,1.25,1400,6.25
2009-12-08,1.24,1.24,1.20,1.24,1400,6.20
2009-12-07,1.18,1.22,1.18,1.20,200,6.00
2009-12-04,1.25,1.28,1.23,1.26,4000,6.30
2009-12-03,1.25,1.25,1.18,1.25,800,6.25
2009-12-02,1.22,1.25,1.16,1.25,2800,6.25
2009-12-01,1.20,1.23,1.16,1.22,900,6.10
2009-11-30,1.25,1.25,1.17,1.18,4400,5.90
2009-11-27,1.18,1.18,1.17,1.18,800,5.90
2009-11-25,1.23,1.28,1.21,1.28,5400,6.40
2009-11-24,1.17,1.25,1.16,1.25,2200,6.25
2009-11-23,1.25,1.26,1.15,1.23,22500,6.15
2009-11-20,1.15,1.23,1.15,1.23,5800,6.15
2009-11-19,1.26,1.26,1.15,1.17,7700,5.85
2009-11-18,1.46,1.46,1.26,1.30,5500,6.50
