Date,Open,High,Low,Close,Volume,Adj Close
2014-11-18,83.46,84.44,82.87,83.90,1237500,83.90
2014-11-17,81.31,83.45,81.16,83.27,1854300,83.27
2014-11-14,81.51,81.95,81.09,81.45,1633900,81.45
2014-11-13,81.83,82.80,81.48,81.68,1931000,81.68
2014-11-12,82.32,82.49,80.58,81.62,2543400,81.62
2014-11-11,83.48,83.58,82.48,82.96,1629900,82.96
2014-11-10,82.08,83.32,82.08,83.29,2366700,83.29
2014-11-07,82.38,82.71,81.51,82.68,2325500,81.85
2014-11-06,83.73,83.85,81.00,81.96,3669600,81.14
2014-11-05,83.07,84.13,82.48,83.70,3751600,82.86
2014-11-04,80.77,83.75,80.04,82.47,1757000,81.64
2014-11-03,84.30,84.31,83.48,83.85,2165200,83.01
2014-10-31,84.56,84.58,83.55,84.02,2165400,83.18
2014-10-30,82.46,84.26,81.95,84.24,1422900,83.39
2014-10-29,82.05,82.88,81.18,82.06,1382600,81.24
2014-10-28,82.13,82.22,81.10,81.88,1885800,81.06
2014-10-27,82.14,82.65,81.78,82.11,1636200,81.29
2014-10-24,81.28,82.19,81.24,82.14,1089000,81.32
2014-10-23,81.49,81.96,80.75,81.29,1422400,80.47
2014-10-22,80.00,81.38,79.96,80.94,1256400,80.13
2014-10-21,80.06,80.07,79.40,80.00,1282600,79.20
2014-10-20,79.29,79.95,79.10,79.84,1271700,79.04
2014-10-17,79.80,79.98,78.04,79.33,2377000,78.53
2014-10-16,77.87,79.52,77.05,79.40,1965200,78.60
2014-10-15,78.98,81.66,77.65,78.95,2778600,78.16
2014-10-14,79.05,81.59,78.74,81.04,2777700,80.23
2014-10-13,77.99,79.57,77.71,78.68,1942500,77.89
2014-10-10,77.78,78.66,77.68,77.83,1556100,77.05
2014-10-09,79.05,79.66,77.44,77.51,2109900,76.73
2014-10-08,77.99,79.64,77.81,79.62,1771700,78.82
2014-10-07,77.50,78.84,77.37,77.81,1612700,77.03
2014-10-06,77.90,78.28,77.47,77.71,907200,76.93
2014-10-03,77.68,77.99,76.51,77.82,1149700,77.04
2014-10-02,77.79,78.32,77.32,77.47,1593700,76.69
2014-10-01,77.33,78.70,77.00,78.04,1463400,77.26
2014-09-30,76.94,78.37,76.79,77.33,1615800,76.55
2014-09-29,76.00,76.77,75.90,76.74,998000,75.97
2014-09-26,76.10,76.45,75.43,76.14,934200,75.38
2014-09-25,76.32,76.53,75.80,76.00,1222500,75.24
2014-09-24,76.64,76.72,76.01,76.31,859100,75.54
2014-09-23,76.96,77.04,76.36,76.51,1762500,75.74
2014-09-22,76.52,77.56,76.33,76.99,1196800,76.22
2014-09-19,76.13,76.88,75.86,76.82,1591900,76.05
2014-09-18,76.69,77.03,75.60,75.84,930200,75.08
2014-09-17,77.22,77.46,76.24,76.52,1080300,75.75
2014-09-16,75.85,77.49,75.71,77.01,1194800,76.24
2014-09-15,75.68,76.43,75.55,75.95,1340400,75.19
2014-09-12,76.54,76.65,75.29,75.48,844300,74.72
2014-09-11,76.19,77.08,75.90,77.06,984900,76.29
2014-09-10,76.18,76.35,75.58,76.16,831900,75.40
2014-09-09,76.12,76.71,75.56,76.13,1297000,75.37
2014-09-08,77.48,77.56,76.06,76.35,1194300,75.58
2014-09-05,76.97,77.64,76.60,77.41,1385600,76.63
2014-09-04,77.01,77.29,76.46,76.86,1804400,76.09
2014-09-03,76.55,77.50,76.55,77.14,887700,76.37
2014-09-02,77.33,77.42,75.89,76.38,1959800,75.61
2014-08-29,76.43,77.45,76.36,77.41,1353900,76.63
2014-08-28,75.38,76.38,75.22,76.33,852400,75.56
2014-08-27,74.88,75.54,74.56,75.48,929700,74.72
2014-08-26,75.43,75.77,74.32,74.47,1286300,73.72
2014-08-25,74.68,75.64,74.60,75.58,1191200,74.82
2014-08-22,74.91,75.14,74.08,74.57,936600,73.82
2014-08-21,74.94,75.80,74.54,74.82,1199900,74.07
2014-08-20,74.11,75.18,73.64,75.11,2191700,74.36
2014-08-19,72.89,73.97,72.80,73.96,1120200,73.22
2014-08-18,72.90,73.20,72.57,72.75,783900,72.02
2014-08-15,73.01,73.64,72.35,72.82,1255200,72.09
2014-08-14,71.85,73.22,71.85,73.01,1667000,72.28
2014-08-13,71.46,72.09,71.14,71.92,1564300,71.20
2014-08-12,71.55,71.86,71.26,71.42,1128500,70.70
2014-08-11,72.65,73.35,72.44,72.55,1349000,71.00
2014-08-08,71.75,72.72,71.75,72.68,1286500,71.13
2014-08-07,71.05,71.91,71.05,71.57,1448000,70.04
2014-08-06,71.90,71.92,70.70,70.82,2524000,69.31
2014-08-05,72.18,73.08,71.82,72.12,2417900,70.58
2014-08-04,72.92,72.98,71.12,72.43,4022300,70.88
2014-08-01,72.88,73.62,72.76,72.99,1552500,71.43
2014-07-31,73.91,74.11,72.81,72.83,1323900,71.27
2014-07-30,75.01,75.51,73.56,74.16,2102900,72.58
2014-07-29,76.46,76.46,74.44,74.99,2322400,73.39
2014-07-28,75.53,76.69,75.40,76.35,1907100,74.72
2014-07-25,76.39,76.78,75.36,75.48,1449900,73.87
2014-07-24,75.46,76.43,75.46,76.35,2139200,74.72
2014-07-23,76.12,76.27,75.57,75.64,2310500,74.02
2014-07-22,77.51,77.85,75.97,76.00,2177800,74.38
2014-07-21,77.05,77.47,76.71,77.35,1506000,75.70
2014-07-18,77.00,77.27,75.95,77.22,1544100,75.57
2014-07-17,77.15,77.61,76.19,76.27,1758900,74.64
2014-07-16,77.62,78.01,77.11,77.95,1638700,76.28
2014-07-15,77.41,77.63,77.00,77.53,1622400,75.87
2014-07-14,78.40,78.44,77.18,77.20,1332200,75.55
2014-07-11,78.66,78.94,77.87,78.02,1077400,76.35
2014-07-10,77.50,78.83,77.43,78.70,1617800,77.02
2014-07-09,78.47,78.90,77.37,77.97,1651700,76.30
2014-07-08,78.47,79.17,78.27,78.47,1781600,76.79
2014-07-07,77.19,78.53,77.19,78.40,2244300,76.73
2014-07-03,78.21,78.40,76.97,76.97,2087400,75.33
2014-07-02,81.22,81.30,78.08,78.66,3073000,76.98
2014-07-01,81.88,82.48,81.21,81.30,1412800,79.56
2014-06-30,81.32,82.30,81.15,82.09,1266100,80.34
2014-06-27,80.57,81.30,80.30,81.18,1460400,79.45
2014-06-26,81.15,81.33,80.66,80.86,1136200,79.13
2014-06-25,80.51,81.23,80.40,81.17,1090800,79.44
2014-06-24,80.47,80.91,80.39,80.45,1702400,78.73
2014-06-23,80.73,80.82,79.79,80.54,1572500,78.82
2014-06-20,81.00,81.53,80.70,80.83,2163500,79.10
2014-06-19,80.20,80.94,80.11,80.79,1650300,79.06
2014-06-18,78.52,80.21,78.43,80.17,1507400,78.46
2014-06-17,78.44,78.81,77.78,78.52,1117100,76.84
2014-06-16,78.20,79.27,78.10,79.01,1972700,77.32
2014-06-13,77.77,78.26,77.14,78.20,1030100,76.53
2014-06-12,77.38,77.96,76.60,77.85,1607400,76.19
2014-06-11,78.28,78.43,77.25,77.42,1715500,75.77
2014-06-10,78.65,78.81,77.83,78.28,1399200,76.61
2014-06-09,78.14,78.80,78.06,78.69,1403400,77.01
2014-06-06,79.11,79.13,78.32,78.41,1728900,76.73
2014-06-05,78.42,78.80,77.76,78.61,2560700,76.93
2014-06-04,76.13,76.65,75.89,76.61,1290800,74.97
2014-06-03,75.75,76.27,75.42,76.22,2033800,74.59
2014-06-02,75.56,76.04,75.46,75.77,1762500,74.15
2014-05-30,75.40,75.69,74.98,75.42,2237000,73.81
2014-05-29,74.51,75.55,74.38,75.53,1868300,73.92
2014-05-28,74.18,74.68,73.85,74.62,1204000,73.03
2014-05-27,74.47,74.61,73.82,74.11,1379900,72.53
2014-05-23,74.02,74.26,73.85,74.06,981600,72.48
2014-05-22,73.46,74.35,73.42,74.04,1605800,72.46
2014-05-21,73.51,73.66,73.00,73.65,1607600,72.08
2014-05-20,73.15,73.76,73.07,73.49,1454800,71.92
2014-05-19,74.44,74.52,73.10,73.15,1501000,71.59
2014-05-16,74.18,74.62,74.01,74.52,1461200,72.93
2014-05-15,74.30,74.42,73.62,74.29,2603700,72.70
2014-05-14,73.46,74.29,73.35,74.27,2113800,72.68
2014-05-13,73.62,73.78,72.79,73.41,2372000,71.84
2014-05-12,74.70,75.04,74.07,74.38,2812700,71.98
2014-05-09,74.72,75.29,74.37,74.61,1660800,72.20
2014-05-08,74.98,75.07,74.33,74.79,2723100,72.38
2014-05-07,73.36,75.20,73.21,75.16,2693700,72.73
2014-05-06,73.21,73.72,73.00,73.13,2153800,70.77
2014-05-05,72.22,73.13,72.07,73.13,1554500,70.77
2014-05-02,72.67,72.97,71.68,72.24,1606200,69.91
2014-05-01,72.69,73.25,72.08,72.96,1677100,70.60
2014-04-30,73.20,73.92,72.46,72.50,2864800,70.16
2014-04-29,73.13,73.71,72.63,72.89,2505900,70.54
2014-04-28,71.90,73.03,71.66,72.82,2954400,70.47
2014-04-25,71.21,71.95,71.13,71.84,2001600,69.52
2014-04-24,71.40,71.58,70.35,71.42,2013300,69.11
2014-04-23,71.21,71.80,70.94,71.02,1787700,68.73
2014-04-22,71.06,71.42,70.64,71.02,1895700,68.73
2014-04-21,71.16,71.77,70.91,71.08,1512000,68.79
2014-04-17,72.09,72.43,71.07,71.26,1861100,68.96
2014-04-16,72.24,73.27,71.69,72.01,2902600,69.69
2014-04-15,72.23,72.58,71.24,71.97,3795800,69.65
2014-04-14,70.55,71.04,70.26,70.95,2532000,68.66
2014-04-11,70.10,71.00,70.10,70.35,1808600,68.08
2014-04-10,70.42,70.89,70.00,70.10,1674100,67.84
2014-04-09,70.45,71.12,69.59,70.28,2964900,68.01
2014-04-08,69.10,70.26,68.79,70.19,2322100,67.92
2014-04-07,69.00,69.78,68.87,69.14,1719600,66.91
2014-04-04,68.30,69.92,68.15,69.07,2806100,66.84
2014-04-03,67.17,68.14,66.82,68.10,1749100,65.90
2014-04-02,67.01,67.47,66.41,67.11,1218200,64.94
2014-04-01,66.81,67.16,66.51,67.06,1418300,64.89
2014-03-31,66.78,67.02,66.38,66.85,1370400,64.69
2014-03-28,66.68,66.81,66.12,66.65,917800,64.50
2014-03-27,66.04,66.64,65.56,66.60,1171200,64.45
2014-03-26,66.12,66.22,65.67,65.77,843700,63.65
2014-03-25,66.20,66.36,65.42,66.09,1036800,63.96
2014-03-24,66.20,66.63,65.83,66.07,1560200,63.94
2014-03-21,65.09,66.69,64.97,66.03,2710400,63.90
2014-03-20,64.40,64.75,63.87,64.75,1166400,62.66
2014-03-19,65.19,65.62,64.22,64.57,1138300,62.49
2014-03-18,65.27,65.45,65.00,65.01,939900,62.91
2014-03-17,64.61,65.20,64.09,65.20,1004200,63.10
2014-03-14,64.25,64.93,64.10,64.58,1390000,62.50
2014-03-13,63.12,64.48,63.08,64.42,1963000,62.34
2014-03-12,62.17,63.00,62.09,63.00,1571200,60.97
2014-03-11,62.40,62.49,61.96,62.31,1303600,60.30
2014-03-10,62.48,62.65,62.07,62.25,1509100,60.24
2014-03-07,62.30,62.65,61.82,62.56,1683300,60.54
2014-03-06,63.10,63.36,62.13,62.38,1406400,60.37
2014-03-05,63.53,63.56,62.81,63.03,1439200,61.00
2014-03-04,63.71,63.76,63.22,63.44,1771000,61.39
2014-03-03,63.60,63.89,63.25,63.28,1550600,61.24
2014-02-28,63.89,64.16,63.63,63.82,1535800,61.76
2014-02-27,63.86,64.20,63.53,63.76,983100,61.70
2014-02-26,64.71,64.79,64.01,64.07,770200,62.00
2014-02-25,64.40,64.58,64.02,64.11,1390800,62.04
2014-02-24,64.86,65.05,64.12,64.12,943900,62.05
2014-02-21,64.95,65.31,64.44,64.45,1369500,62.37
2014-02-20,64.45,65.30,64.45,65.05,1378800,62.95
2014-02-19,64.46,65.34,64.19,64.46,1692800,62.38
2014-02-18,64.52,65.18,64.43,64.91,1944900,62.81
2014-02-14,64.25,64.66,64.10,64.49,1429700,62.41
2014-02-13,63.22,64.58,63.22,64.43,2326100,62.35
2014-02-12,62.53,63.67,62.53,63.56,2357000,61.51
2014-02-11,63.43,63.52,61.67,62.58,2934800,60.56
2014-02-10,63.42,63.93,63.06,63.60,1875500,60.74
2014-02-07,63.81,63.90,63.19,63.56,1547200,60.71
2014-02-06,62.61,63.84,62.55,63.75,3359900,60.89
2014-02-05,62.42,62.87,62.01,62.58,1957600,59.77
2014-02-04,63.21,63.27,62.30,62.47,1784200,59.66
2014-02-03,63.23,63.92,62.61,62.72,1894400,59.90
2014-01-31,62.58,63.49,62.53,63.03,1787100,60.20
2014-01-30,61.76,63.38,61.55,63.17,2622900,60.33
2014-01-29,60.96,62.01,60.96,61.54,1935700,58.78
2014-01-28,61.25,61.66,60.87,61.12,1673800,58.37
2014-01-27,61.46,61.84,61.21,61.29,1791900,58.54
2014-01-24,61.50,62.35,61.15,61.28,1298100,58.53
2014-01-23,61.27,61.79,60.99,61.71,1524000,58.94
2014-01-22,62.15,62.49,61.34,61.55,1803500,58.79
2014-01-21,61.99,62.10,61.54,61.99,1395600,59.21
2014-01-17,61.60,61.77,61.31,61.61,932600,58.84
2014-01-16,61.23,61.57,61.09,61.38,1100300,58.62
2014-01-15,61.27,61.44,60.67,61.16,1999900,58.41
2014-01-14,60.89,61.36,60.83,61.14,2068900,58.39
2014-01-13,61.23,61.45,60.55,60.62,1988100,57.90
2014-01-10,60.92,62.18,60.82,61.06,2661000,58.32
2014-01-09,61.03,61.09,60.52,60.52,1628600,57.80
2014-01-08,61.14,61.28,60.60,60.85,1999800,58.12
2014-01-07,60.83,61.30,60.67,61.25,1496600,58.50
2014-01-06,60.61,60.94,60.40,60.67,1989900,57.95
2014-01-03,61.05,61.46,60.64,61.03,1748300,58.29
2014-01-02,63.35,63.39,61.71,61.84,1206600,59.06
2013-12-31,63.33,63.55,63.00,63.27,965800,60.43
2013-12-30,63.13,63.44,62.94,63.32,1152600,60.48
2013-12-27,62.48,62.87,62.37,62.83,731400,60.01
2013-12-26,62.63,62.97,62.27,62.37,583200,59.57
2013-12-24,62.49,63.08,62.36,62.73,395900,59.91
2013-12-23,62.74,63.08,62.28,62.54,1269000,59.73
2013-12-20,61.69,62.57,61.67,62.49,2855400,59.68
2013-12-19,62.00,62.12,61.13,61.56,986300,58.80
2013-12-18,61.53,62.42,60.77,62.21,1223000,59.42
2013-12-17,61.72,61.90,61.31,61.65,1209000,58.88
2013-12-16,61.29,62.16,61.28,61.89,1673600,59.11
2013-12-13,61.28,61.43,60.57,61.20,1242400,58.45
2013-12-12,60.85,61.67,60.84,61.22,1550900,58.47
2013-12-11,60.64,61.28,60.42,60.85,2502900,58.12
2013-12-10,62.11,62.20,60.22,61.30,4628900,58.55
2013-12-09,62.81,62.99,62.12,62.40,1317200,59.60
2013-12-06,62.56,63.34,62.40,63.01,1163100,60.18
2013-12-05,62.03,62.29,61.75,62.24,1215200,59.44
2013-12-04,61.67,62.39,61.60,62.16,987900,59.37
2013-12-03,62.01,62.15,61.55,61.97,1629600,59.19
2013-12-02,62.06,62.32,61.65,62.28,1578800,59.48
2013-11-29,61.77,62.27,61.62,61.89,557800,59.11
2013-11-27,61.95,62.23,61.60,61.75,1135100,58.98
2013-11-26,62.50,62.66,61.83,62.00,1520000,59.22
2013-11-25,62.68,62.94,62.40,62.52,864400,59.71
2013-11-22,62.75,62.88,62.39,62.53,1185200,59.72
2013-11-21,63.16,63.20,62.81,62.88,1011600,60.06
2013-11-20,63.62,63.62,62.80,62.83,1359900,60.01
2013-11-19,63.64,63.71,63.06,63.28,990400,60.44
2013-11-18,63.87,63.91,63.50,63.55,995200,60.70
2013-11-15,63.29,63.87,63.16,63.67,1170500,60.81
2013-11-14,63.00,63.55,62.81,63.43,893000,60.58
2013-11-13,62.55,62.80,62.02,62.79,1090700,59.97
2013-11-12,63.20,63.29,62.61,63.01,1767700,60.18
2013-11-11,63.74,63.74,62.94,63.22,1944800,60.38
2013-11-08,64.21,64.43,63.32,64.42,1065500,61.53
2013-11-07,65.16,65.42,64.36,64.40,1367500,61.51
2013-11-06,64.36,65.09,64.22,64.90,1428200,61.99
2013-11-05,64.13,64.42,63.82,64.01,1625500,61.14
2013-11-04,65.42,65.49,64.69,64.97,1373900,61.26
2013-11-01,64.92,65.28,64.77,65.14,1214300,61.42
2013-10-31,65.31,65.38,64.38,64.72,1519600,61.02
2013-10-30,66.21,66.53,65.30,65.46,1708100,61.72
2013-10-29,67.69,67.69,65.50,66.06,3500800,62.29
2013-10-28,68.14,68.56,67.82,68.11,1534900,64.22
2013-10-25,67.99,68.31,67.36,68.27,1030500,64.37
2013-10-24,68.09,68.28,67.49,68.10,1035700,64.21
2013-10-23,67.36,68.63,67.33,68.13,1617300,64.24
2013-10-22,66.26,67.65,66.16,67.53,1248100,63.67
2013-10-21,66.38,66.78,65.75,66.14,896500,62.36
2013-10-18,66.66,66.74,66.04,66.35,1265500,62.56
2013-10-17,64.95,66.74,64.47,66.59,1163700,62.79
2013-10-16,64.07,65.04,64.07,65.02,1229400,61.31
2013-10-15,64.86,64.91,63.58,63.67,1195900,60.03
2013-10-14,65.13,65.27,64.05,64.86,759100,61.16
2013-10-11,64.94,65.37,64.77,65.30,626800,61.57
2013-10-10,64.50,65.30,63.69,65.11,1123600,61.39
2013-10-09,63.73,65.26,63.30,64.21,1490900,60.54
2013-10-08,63.35,64.15,63.25,63.55,805300,59.92
2013-10-07,63.18,63.92,63.16,63.45,656400,59.83
2013-10-04,63.41,63.62,63.29,63.48,1103000,59.85
2013-10-03,63.72,63.82,63.10,63.51,1145400,59.88
2013-10-02,63.51,64.14,63.03,64.03,1229200,60.37
2013-10-01,63.39,64.00,63.20,63.68,876300,60.04
2013-09-30,63.02,63.65,62.95,63.19,1010000,59.58
2013-09-27,63.45,64.02,63.00,63.32,527100,59.70
2013-09-26,63.73,64.18,63.44,63.62,889000,59.99
2013-09-25,64.08,64.30,63.51,63.63,885500,60.00
2013-09-24,64.27,64.84,63.91,63.98,1009600,60.33
2013-09-23,63.35,64.93,63.22,64.44,1136800,60.76
2013-09-20,65.00,65.14,63.39,63.63,1519200,60.00
2013-09-19,65.64,65.80,64.69,65.02,741800,61.31
2013-09-18,63.96,65.83,63.70,65.67,1228300,61.92
2013-09-17,63.88,64.18,63.60,63.80,659400,60.16
2013-09-16,63.88,64.34,63.40,63.77,1395400,60.13
2013-09-13,62.81,63.50,62.71,63.09,1187200,59.49
2013-09-12,62.94,63.03,62.19,62.29,837100,58.73
2013-09-11,63.12,63.12,62.11,62.87,2228600,59.28
2013-09-10,63.23,63.27,62.56,63.27,1278100,59.66
2013-09-09,62.85,63.13,62.40,63.03,1096300,59.43
2013-09-06,62.41,63.27,62.41,62.92,1646800,59.33
2013-09-05,62.03,62.59,61.95,62.04,1152500,58.50
2013-09-04,62.40,62.59,61.66,62.15,1441600,58.60
2013-09-03,63.48,63.63,62.44,62.54,1297300,58.97
2013-08-30,63.31,63.78,63.01,63.23,1206800,59.62
2013-08-29,62.71,63.21,62.31,63.02,1626300,59.42
2013-08-28,62.59,62.87,61.88,62.31,1462100,58.75
2013-08-27,62.48,63.33,62.25,62.56,1822200,58.99
2013-08-26,63.90,64.15,62.87,63.07,1270100,59.47
2013-08-23,63.55,64.35,63.46,63.94,740900,60.29
2013-08-22,62.99,63.81,62.75,63.34,941300,59.72
2013-08-21,63.85,63.85,62.92,62.95,1327700,59.35
2013-08-20,63.56,64.57,63.55,63.99,1260500,60.34
2013-08-19,64.58,64.78,63.37,63.54,1361000,59.91
2013-08-16,65.72,65.72,64.29,64.59,2988100,60.90
2013-08-15,65.43,66.15,65.43,65.76,1667300,62.00
2013-08-14,66.49,66.49,65.30,66.23,1535300,62.45
2013-08-13,66.08,66.55,65.53,65.71,1546000,61.96
2013-08-12,66.77,66.89,65.58,66.14,1712400,62.36
2013-08-09,69.16,70.05,66.50,66.90,3560400,63.08
2013-08-08,68.77,69.69,68.52,69.16,1402300,65.21
2013-08-07,66.75,69.10,66.50,68.77,2144100,64.84
2013-08-06,66.55,67.05,66.47,66.86,2138200,63.04
2013-08-05,68.11,68.17,67.48,67.53,1138800,62.89
2013-08-02,67.92,68.27,67.74,68.19,920100,63.51
2013-08-01,67.76,68.20,67.38,67.89,1326200,63.23
2013-07-31,69.38,69.85,67.34,67.50,2311700,62.86
2013-07-30,70.76,71.77,69.10,69.60,2334200,64.82
2013-07-29,70.04,70.88,70.04,70.53,3703900,65.68
2013-07-26,70.02,70.32,69.49,70.13,5783700,65.31
2013-07-25,70.16,70.59,69.49,70.09,5862800,65.27
2013-07-24,72.17,72.17,70.02,70.42,1243600,65.58
2013-07-23,72.29,72.60,71.55,72.33,949700,67.36
2013-07-22,71.94,72.58,71.90,72.35,919900,67.38
2013-07-19,71.72,72.19,71.26,71.91,1033800,66.97
2013-07-18,70.87,71.80,70.87,71.77,992300,66.84
2013-07-17,71.42,71.52,70.45,70.64,637500,65.79
2013-07-16,71.44,71.72,70.64,71.02,860100,66.14
2013-07-15,70.98,71.97,70.79,71.60,1085600,66.68
2013-07-12,71.29,71.29,70.43,70.89,729700,66.02
2013-07-11,70.32,71.32,70.30,71.31,987000,66.41
2013-07-10,69.13,70.01,68.75,69.70,870300,64.91
2013-07-09,69.37,69.71,68.35,69.14,1803900,64.39
2013-07-08,68.29,69.11,68.04,68.95,870500,64.21
2013-07-05,69.24,69.29,67.43,68.06,862800,63.38
2013-07-03,69.06,69.63,68.87,69.29,628100,64.53
2013-07-02,69.30,70.18,69.04,69.35,1264600,64.59
2013-07-01,69.94,70.00,68.84,69.34,1236700,64.58
2013-06-28,69.90,70.11,69.26,69.68,1320400,64.89
2013-06-27,70.39,71.59,69.91,70.05,1333700,65.24
2013-06-26,69.47,70.52,69.18,70.28,1032100,65.45
2013-06-25,68.60,69.59,68.11,69.16,1179400,64.41
2013-06-24,67.55,68.54,66.90,68.11,1257800,63.43
2013-06-21,66.64,68.42,66.31,68.13,1969200,63.45
2013-06-20,67.84,68.10,66.25,66.37,1328200,61.81
2013-06-19,69.22,70.10,68.25,68.25,1089200,63.56
2013-06-18,68.57,69.56,68.17,69.17,853500,64.42
2013-06-17,68.67,69.75,68.21,68.62,1104000,63.91
2013-06-14,68.70,69.37,68.41,68.47,937600,63.77
2013-06-13,67.68,68.93,67.18,68.88,950100,64.15
2013-06-12,69.05,69.23,67.30,67.71,1107600,63.06
2013-06-11,69.12,69.54,68.64,68.66,792200,63.94
2013-06-10,69.29,69.88,68.75,69.57,1607700,64.79
2013-06-07,68.27,68.98,67.49,68.19,1107000,63.51
2013-06-06,67.48,68.11,67.09,68.01,890600,63.34
2013-06-05,68.05,68.21,67.23,67.39,1025700,62.76
2013-06-04,69.55,69.68,68.13,68.24,1528000,63.55
2013-06-03,69.18,70.48,68.16,69.71,1451300,64.92
2013-05-31,69.07,70.48,68.88,68.88,1254200,64.15
2013-05-30,68.81,70.21,68.81,69.10,1122100,64.35
2013-05-29,68.99,69.25,68.35,68.59,1707700,63.88
2013-05-28,68.73,70.66,68.54,69.50,2140300,64.73
2013-05-24,68.87,69.17,68.41,68.94,773500,64.20
2013-05-23,68.11,69.12,67.59,68.92,1123400,64.18
2013-05-22,70.23,70.82,68.68,69.07,1198300,64.32
2013-05-21,70.76,70.76,69.89,70.30,1175900,65.47
2013-05-20,71.00,71.13,70.30,70.60,1229800,65.75
2013-05-17,69.80,71.30,69.63,71.14,2281200,66.25
2013-05-16,69.42,70.18,68.90,69.67,1773500,64.88
2013-05-15,67.99,70.45,67.90,69.61,3154000,64.83
2013-05-14,67.34,68.20,67.19,68.08,1380100,63.40
2013-05-13,67.21,67.61,66.86,67.29,863900,62.67
2013-05-10,67.01,67.57,66.72,67.49,921000,62.85
2013-05-09,68.11,68.17,66.84,67.00,1151800,62.40
2013-05-08,68.80,69.11,67.71,68.05,1359100,63.37
2013-05-07,68.26,69.13,68.10,68.77,1250800,64.05
2013-05-06,71.01,71.24,68.98,69.13,1675800,63.61
2013-05-03,71.88,71.98,70.68,71.10,1200300,65.42
2013-05-02,71.36,71.83,70.96,71.57,1087600,65.85
2013-05-01,71.22,72.10,70.96,71.39,1629200,65.69
2013-04-30,70.72,71.81,70.54,71.23,1335800,65.54
2013-04-29,69.47,70.88,69.26,70.86,3668300,65.20
2013-04-26,68.64,69.44,68.64,69.11,3813900,63.59
2013-04-25,70.14,70.19,68.24,68.62,4423400,63.14
2013-04-24,69.54,70.17,69.30,70.12,1275800,64.52
2013-04-23,69.96,69.96,68.73,69.50,1880800,63.95
2013-04-22,69.65,69.94,69.20,69.69,1049600,64.12
2013-04-19,70.52,70.70,69.08,69.71,2317100,64.14
2013-04-18,69.53,70.38,69.53,70.29,1621700,64.67
2013-04-17,69.23,69.51,68.76,69.20,1218600,63.67
2013-04-16,69.18,69.76,68.83,69.53,1102600,63.98
2013-04-15,69.39,69.97,68.65,68.65,1006400,63.17
2013-04-12,68.96,69.70,68.92,69.70,1262500,64.13
2013-04-11,68.26,69.14,67.81,69.05,1285200,63.53
2013-04-10,67.92,68.34,67.84,68.26,1701900,62.81
2013-04-09,67.86,67.96,67.56,67.65,955200,62.25
2013-04-08,67.30,67.89,67.00,67.86,1232700,62.44
2013-04-05,66.35,67.47,66.16,67.28,1403200,61.91
2013-04-04,65.01,66.56,65.00,66.52,1672500,61.21
2013-04-03,64.19,65.19,63.95,65.00,2148800,59.81
2013-04-02,63.67,64.35,63.51,64.03,1197300,58.91
2013-04-01,63.37,63.48,63.12,63.39,521100,58.33
2013-03-28,63.00,63.41,62.73,63.24,880700,58.19
2013-03-27,62.37,63.00,62.29,62.94,911900,57.91
2013-03-26,61.92,62.75,61.83,62.69,2189800,57.68
2013-03-25,62.43,62.65,61.42,61.67,1645500,56.74
2013-03-22,62.94,63.00,62.10,62.38,1717200,57.40
2013-03-21,63.70,63.93,62.75,62.92,1100600,57.89
2013-03-20,64.29,64.30,63.80,63.97,1575500,58.86
2013-03-19,64.42,64.74,63.74,64.02,934200,58.91
2013-03-18,64.78,65.06,64.33,64.46,805900,59.31
2013-03-15,63.33,65.39,63.26,65.23,1971100,60.02
2013-03-14,63.71,63.92,63.59,63.64,1103300,58.56
2013-03-13,63.45,64.00,63.45,63.68,924200,58.59
2013-03-12,63.55,63.80,63.21,63.47,687600,58.40
2013-03-11,63.28,63.56,63.22,63.52,761000,58.45
2013-03-08,63.59,63.71,62.97,63.43,943900,58.36
2013-03-07,63.72,64.06,63.42,63.52,615300,58.45
2013-03-06,63.73,63.94,63.47,63.65,917600,58.57
2013-03-05,63.20,63.82,63.06,63.58,1222100,58.50
2013-03-04,61.95,63.01,61.95,62.95,892400,57.92
2013-03-01,62.21,62.46,61.64,62.12,1137700,57.16
2013-02-28,62.14,62.52,61.98,62.26,1347000,57.29
2013-02-27,61.74,62.10,61.46,62.02,872500,57.07
2013-02-26,61.88,62.36,61.29,61.54,1094600,56.62
2013-02-25,62.24,62.86,61.58,61.58,1037900,56.66
2013-02-22,61.61,62.16,61.53,62.05,809200,57.09
2013-02-21,61.53,61.72,61.24,61.52,946100,56.61
2013-02-20,61.79,62.21,61.53,61.55,1316600,56.63
2013-02-19,61.70,62.00,61.56,61.78,1198700,56.84
2013-02-15,61.60,61.69,61.09,61.45,1846400,56.54
2013-02-14,63.10,63.10,61.50,61.80,2615600,56.86
2013-02-13,63.93,64.17,63.59,63.66,1042700,58.57
2013-02-12,63.79,64.11,63.76,63.93,884400,58.82
2013-02-11,64.42,64.73,64.32,64.62,2989900,58.69
2013-02-08,64.98,65.08,63.58,64.47,3966200,58.56
2013-02-07,64.88,65.29,64.51,64.96,677200,59.00
2013-02-06,64.74,64.88,64.27,64.88,1080000,58.93
2013-02-05,64.57,65.27,64.54,64.98,1134200,59.02
2013-02-04,64.70,64.77,64.07,64.10,959700,58.22
2013-02-01,64.81,64.95,64.56,64.84,739700,58.89
2013-01-31,64.46,64.66,64.30,64.60,1156200,58.68
2013-01-30,64.91,65.13,64.40,64.59,973100,58.67
2013-01-29,64.26,65.21,64.02,65.05,966600,59.08
2013-01-28,64.56,64.59,64.03,64.45,805100,58.54
2013-01-25,64.00,64.61,63.62,64.59,875300,58.67
2013-01-24,63.76,64.20,63.52,63.84,1460100,57.99
2013-01-23,63.88,64.50,63.25,63.91,1442800,58.05
2013-01-22,63.90,64.42,63.77,64.37,828500,58.47
2013-01-18,63.33,63.88,63.24,63.87,644000,58.01
2013-01-17,63.25,63.55,63.04,63.27,774400,57.47
2013-01-16,63.08,63.41,62.89,63.07,732200,57.29
2013-01-15,63.00,63.43,62.94,63.35,702300,57.54
2013-01-14,63.14,63.47,63.06,63.21,499000,57.41
2013-01-11,63.53,63.68,62.92,63.07,1281100,57.29
2013-01-10,62.90,63.40,62.73,63.37,838000,57.56
2013-01-09,62.70,62.99,62.38,62.73,1139500,56.98
2013-01-08,63.32,63.61,62.56,62.84,1004700,57.08
2013-01-07,64.16,64.42,62.79,63.34,1162200,57.53
2013-01-04,64.47,64.49,63.98,64.43,939700,58.52
2013-01-03,64.84,64.86,64.24,64.44,1070600,58.53
2013-01-02,64.52,64.89,64.22,64.75,918700,58.81
2012-12-31,62.55,63.79,62.22,63.75,1016600,57.90
2012-12-28,63.16,63.43,62.57,62.58,551500,56.84
2012-12-27,63.40,63.79,62.74,63.45,811500,57.63
2012-12-26,64.31,64.47,63.28,63.40,665600,57.59
2012-12-24,64.64,64.66,63.75,64.37,308500,58.47
2012-12-21,63.67,64.72,63.67,64.52,2276100,58.60
2012-12-20,64.49,64.63,63.82,64.41,735000,58.50
2012-12-19,65.25,65.38,64.20,64.26,883500,58.37
2012-12-18,64.35,65.60,64.20,65.38,2109200,59.38
2012-12-17,63.72,64.59,63.69,64.35,1186400,58.45
2012-12-14,63.61,63.81,63.34,63.40,658400,57.59
2012-12-13,63.78,63.95,63.36,63.57,535400,57.74
2012-12-12,64.03,64.46,63.70,63.76,896800,57.91
2012-12-11,63.96,64.43,63.81,64.08,756400,58.20
2012-12-10,63.82,63.99,63.59,63.90,552400,58.04
2012-12-07,63.76,64.06,63.61,63.94,566700,58.08
2012-12-06,63.79,64.08,63.63,63.73,835100,57.89
2012-12-05,62.97,64.08,62.69,63.74,1216400,57.89
2012-12-04,63.45,63.62,62.79,62.96,855700,57.19
2012-12-03,63.55,63.66,62.54,63.39,1208400,57.58
2012-11-30,63.41,63.74,63.21,63.54,1161000,57.71
2012-11-29,63.61,63.62,62.94,63.52,1010000,57.69
2012-11-28,62.31,63.46,62.20,63.44,1824300,57.62
2012-11-27,62.65,62.89,62.21,62.23,1327900,56.52
2012-11-26,61.78,62.82,61.56,62.50,1250200,56.77
2012-11-23,62.35,62.49,61.55,62.04,482300,56.35
2012-11-21,62.50,62.79,61.73,62.28,963700,56.57
2012-11-20,62.62,62.73,61.95,62.50,958900,56.77
2012-11-19,63.15,63.39,62.28,62.55,1293300,56.81
2012-11-16,63.10,63.48,62.32,62.86,1767600,57.10
2012-11-15,63.35,63.71,62.53,63.00,1014200,57.22
2012-11-14,64.31,64.41,63.23,63.35,1200700,57.54
2012-11-13,64.11,65.08,63.87,64.29,967300,58.39
2012-11-12,65.01,65.13,64.17,64.20,886600,58.31
2012-11-09,64.85,65.16,64.60,64.90,1586900,58.95
2012-11-08,65.30,65.99,64.92,65.00,1487600,59.04
2012-11-07,66.78,66.78,65.18,65.26,1569500,59.28
2012-11-06,67.49,67.49,65.69,66.90,2677000,60.77
2012-11-05,68.97,70.22,65.88,67.90,3354800,60.92
2012-11-02,72.80,72.84,71.10,71.23,2058500,63.91
2012-11-01,72.79,72.85,72.15,72.35,1053100,64.91
2012-10-31,72.47,72.98,72.00,72.58,1309300,65.12
2012-10-26,70.35,72.11,69.91,72.10,2056800,64.69
2012-10-25,70.38,70.55,69.80,70.42,638000,63.18
2012-10-24,70.31,70.41,69.86,69.94,490000,62.75
2012-10-23,70.63,70.72,69.97,70.31,689900,63.08
2012-10-22,70.71,71.18,70.46,71.13,671000,63.82
2012-10-19,71.76,71.90,71.07,71.23,750400,63.91
2012-10-18,71.16,71.81,70.94,71.76,570200,64.38
2012-10-17,70.68,71.32,70.12,71.18,575700,63.86
2012-10-16,70.25,70.70,70.02,70.45,466600,63.21
2012-10-15,69.50,70.11,69.28,70.01,647200,62.81
2012-10-12,70.51,70.77,69.64,69.95,973300,62.76
2012-10-11,70.67,71.44,70.18,70.63,879000,63.37
2012-10-10,70.65,70.76,70.09,70.29,383600,63.06
2012-10-09,70.46,70.85,70.29,70.69,572800,63.42
2012-10-08,70.41,70.75,70.09,70.62,339500,63.36
2012-10-05,70.90,71.00,70.31,70.48,459400,63.23
2012-10-04,69.99,70.95,69.93,70.71,829700,63.44
2012-10-03,69.50,70.23,69.40,69.78,693600,62.61
2012-10-02,69.59,69.69,69.02,69.40,470100,62.27
2012-10-01,69.59,69.84,69.11,69.23,590200,62.11
2012-09-28,69.00,69.46,68.70,69.30,773800,62.18
2012-09-27,69.45,69.60,68.96,69.15,662600,62.04
2012-09-26,69.20,69.85,69.20,69.38,698600,62.25
2012-09-25,69.35,69.94,69.15,69.16,757700,62.05
2012-09-24,68.48,69.58,68.30,69.28,805700,62.16
2012-09-21,69.03,69.03,67.96,68.45,1377900,61.41
2012-09-20,68.29,68.92,68.29,68.81,598400,61.74
2012-09-19,68.28,68.65,68.17,68.57,596700,61.52
2012-09-18,68.23,68.50,67.95,68.19,635400,61.18
2012-09-17,68.25,68.77,68.04,68.33,1861700,61.31
2012-09-14,68.69,69.13,68.24,68.36,1324500,61.33
2012-09-13,67.07,68.85,67.07,68.78,824300,61.71
2012-09-12,67.75,67.90,67.14,67.79,1091900,60.82
2012-09-11,68.11,68.19,67.64,67.76,794400,60.79
2012-09-10,69.22,69.22,68.10,68.16,879600,61.15
2012-09-07,69.04,69.28,68.04,68.21,1520900,61.20
2012-09-06,68.97,69.42,68.74,69.25,785600,62.13
2012-09-05,68.86,68.86,68.12,68.31,720800,61.29
2012-09-04,68.17,68.82,68.01,68.62,1057100,61.57
2012-08-31,68.21,68.39,67.74,68.08,918900,61.08
2012-08-30,68.15,68.43,67.90,68.02,612000,61.03
2012-08-29,68.56,68.63,68.08,68.35,934700,61.32
2012-08-28,68.16,68.81,68.16,68.57,891900,61.52
2012-08-27,68.54,68.77,68.19,68.52,838000,61.48
2012-08-24,68.36,68.77,68.10,68.73,784600,61.66
2012-08-23,68.84,68.84,68.03,68.35,756500,61.32
2012-08-22,69.04,69.32,68.43,68.65,957500,61.59
2012-08-21,69.49,69.59,69.04,69.04,799100,61.94
2012-08-20,69.50,69.62,69.13,69.47,809300,62.33
2012-08-17,69.44,69.50,69.07,69.48,996900,62.34
2012-08-16,69.79,70.08,69.44,69.63,1006600,62.47
2012-08-15,69.71,70.43,69.27,69.87,1459100,62.69
2012-08-14,71.53,71.75,70.97,71.11,1151400,63.80
2012-08-13,71.62,71.62,70.99,71.31,1332400,63.98
2012-08-10,71.12,71.81,71.00,71.75,628700,64.37
2012-08-09,71.91,72.07,71.22,71.28,1294400,63.95
2012-08-08,71.36,72.18,70.88,72.11,1716800,64.70
2012-08-07,71.78,71.79,71.04,71.33,1638600,64.00
2012-08-06,73.00,73.03,72.14,72.21,1377400,64.04
2012-08-03,72.48,72.82,72.11,72.71,3630700,64.49
2012-08-02,72.29,72.55,71.33,71.83,2971800,63.70
2012-08-01,72.80,73.98,72.15,72.57,2357700,64.36
2012-07-31,74.50,74.50,72.32,72.67,1493200,64.45
2012-07-30,72.40,73.13,72.32,73.06,995900,64.80
2012-07-27,71.69,72.75,71.69,72.59,991400,64.38
2012-07-26,71.45,71.81,71.04,71.49,777400,63.40
2012-07-25,71.24,71.37,70.54,70.81,795000,62.80
2012-07-24,71.20,71.35,70.69,70.99,1085300,62.96
2012-07-23,71.07,71.22,70.40,71.00,895600,62.97
2012-07-20,71.34,71.94,71.01,71.31,950000,63.24
2012-07-19,71.38,71.62,70.70,71.47,852600,63.39
2012-07-18,70.46,71.56,70.35,71.52,1249400,63.43
2012-07-17,69.93,70.45,69.48,70.45,870700,62.48
2012-07-16,69.55,70.00,69.46,69.91,830600,62.00
2012-07-13,69.48,69.90,69.34,69.60,928900,61.73
2012-07-12,68.97,69.77,68.81,69.46,1050600,61.60
2012-07-11,68.07,69.29,68.07,69.17,1248300,61.35
2012-07-10,67.97,68.39,67.90,68.01,625800,60.32
2012-07-09,67.90,68.27,67.73,67.98,725200,60.29
2012-07-06,67.54,68.09,67.53,67.88,684600,60.20
2012-07-05,68.30,68.46,67.94,67.94,871000,60.25
2012-07-03,68.55,68.75,68.11,68.53,511100,60.78
2012-07-02,68.15,68.65,67.84,68.58,819800,60.82
2012-06-29,68.12,68.20,67.37,67.89,842700,60.21
2012-06-28,66.98,67.64,66.96,67.58,738200,59.94
2012-06-27,66.16,67.46,66.16,67.34,647600,59.72
2012-06-26,66.62,66.87,66.43,66.71,751400,59.16
2012-06-25,66.26,66.58,66.10,66.46,778100,58.94
2012-06-22,66.84,66.94,66.47,66.70,1113000,59.15
2012-06-21,66.83,67.12,66.40,66.55,1553400,59.02
2012-06-20,66.90,67.38,66.32,66.65,857600,59.11
2012-06-19,66.66,67.45,66.59,66.97,1117600,59.39
2012-06-18,66.93,66.93,66.32,66.75,698800,59.20
2012-06-15,66.16,66.69,66.16,66.55,1102200,59.02
2012-06-14,66.11,66.37,65.88,66.10,1089500,58.62
2012-06-13,66.13,66.45,65.74,66.16,639000,58.68
2012-06-12,66.07,66.24,65.70,66.24,816000,58.75
2012-06-11,66.60,66.94,66.06,66.06,1039000,58.59
2012-06-08,65.32,66.42,65.32,66.28,1030300,58.78
2012-06-07,65.64,66.30,65.49,66.06,1272700,58.59
2012-06-06,65.06,65.20,64.61,65.20,2290200,57.82
2012-06-05,64.47,65.15,64.31,64.93,1345600,57.59
2012-06-04,64.48,64.67,64.23,64.54,889800,57.24
2012-06-01,63.96,64.99,63.96,64.35,911200,57.07
2012-05-31,64.44,64.97,64.22,64.53,1056400,57.23
2012-05-30,64.51,65.15,64.33,64.44,972700,57.15
2012-05-29,64.88,64.97,64.58,64.85,861700,57.51
2012-05-25,64.48,64.86,64.33,64.51,867800,57.21
2012-05-24,63.77,64.71,63.63,64.35,976800,57.07
2012-05-23,64.01,64.44,63.42,63.66,1040800,56.46
2012-05-22,63.52,64.60,63.45,64.17,1528800,56.91
2012-05-21,63.14,63.55,62.98,63.55,920100,56.36
2012-05-18,63.27,63.69,62.97,63.08,1317800,55.94
2012-05-17,63.64,63.77,63.09,63.10,1062100,55.96
2012-05-16,63.94,63.94,63.46,63.57,818400,56.38
2012-05-15,64.20,64.39,63.50,63.66,1025800,56.46
2012-05-14,64.29,64.59,63.76,64.26,986100,56.99
2012-05-11,64.50,65.26,64.32,64.72,1043200,57.40
2012-05-10,64.58,64.98,64.50,64.62,809800,57.31
2012-05-09,63.72,64.64,63.67,64.32,1117200,57.04
2012-05-08,63.88,64.42,63.85,64.16,1384600,56.90
2012-05-07,65.10,65.21,64.65,64.96,1079700,56.88
2012-05-04,65.14,65.58,64.93,65.11,985900,57.01
2012-05-03,65.85,66.17,65.08,65.16,1476900,57.05
2012-05-02,66.18,66.54,65.78,65.97,1147800,57.76
2012-05-01,65.70,66.48,65.58,66.30,1491200,58.05
2012-04-30,65.32,65.71,65.15,65.56,3865500,57.40
2012-04-27,66.37,66.65,65.13,65.30,4598700,57.17
2012-04-26,65.65,66.20,65.16,66.19,4336300,57.95
2012-04-25,66.23,66.23,65.45,65.76,1349600,57.58
2012-04-24,65.65,65.98,65.37,65.94,1327800,57.73
2012-04-23,65.25,65.67,65.09,65.59,1233500,57.43
2012-04-20,65.47,65.90,65.24,65.65,1655900,57.48
2012-04-19,65.99,66.09,64.99,65.37,2148800,57.23
2012-04-18,66.17,66.60,66.00,66.27,1276400,58.02
2012-04-17,66.43,66.59,65.75,66.45,1033700,58.18
2012-04-16,65.67,66.36,65.61,66.10,1953200,57.87
2012-04-13,66.13,66.51,65.47,65.50,1303400,57.35
2012-04-12,65.61,66.21,65.31,66.16,1361600,57.93
2012-04-11,65.22,65.53,65.00,65.41,1717700,57.27
2012-04-10,65.93,65.93,64.91,64.96,1732800,56.88
2012-04-09,65.78,66.30,65.78,66.07,874800,57.85
2012-04-05,67.02,67.02,66.15,66.38,859300,58.12
2012-04-04,66.67,67.40,66.57,67.10,1346400,58.75
2012-04-03,67.55,67.64,66.54,66.94,1797300,58.61
2012-04-02,67.23,68.13,67.13,67.49,1822100,59.09
2012-03-30,67.09,67.41,66.87,67.20,1456800,58.84
2012-03-29,66.48,67.06,66.34,66.93,1005700,58.60
2012-03-28,67.45,67.68,66.54,66.72,1189100,58.42
2012-03-27,67.63,67.97,67.26,67.64,1003400,59.22
2012-03-26,67.11,67.58,66.94,67.53,1259700,59.13
2012-03-23,66.91,67.10,66.77,66.83,704600,58.51
2012-03-22,66.66,67.03,66.46,66.73,1141200,58.43
2012-03-21,67.23,67.44,66.80,66.89,703800,58.57
2012-03-20,67.07,67.58,67.00,67.24,980000,58.87
2012-03-19,67.93,68.32,67.23,67.33,1015400,58.95
2012-03-16,67.91,68.12,67.67,67.87,1952700,59.42
2012-03-15,67.72,68.02,67.27,67.95,763800,59.49
2012-03-14,68.63,68.84,67.63,67.80,984300,59.36
2012-03-13,68.56,68.57,67.94,68.50,740100,59.98
2012-03-12,67.80,68.62,67.80,68.35,822600,59.84
2012-03-09,67.34,68.20,67.12,67.87,832700,59.42
2012-03-08,67.15,67.49,66.97,67.31,686500,58.93
2012-03-07,66.73,66.91,66.23,66.83,668700,58.51
2012-03-06,66.78,67.09,66.30,66.76,839600,58.45
2012-03-05,67.00,67.28,66.63,67.12,549600,58.77
2012-03-02,67.20,67.59,66.71,67.13,841100,58.78
2012-03-01,67.17,67.58,66.66,67.28,1315100,58.91
2012-02-29,66.99,67.04,66.38,66.63,1158700,58.34
2012-02-28,67.20,67.46,66.72,66.91,952000,58.58
2012-02-27,67.02,67.39,66.76,67.08,766400,58.73
2012-02-24,67.15,67.53,67.01,67.14,882300,58.78
2012-02-23,67.58,67.72,67.04,67.15,926100,58.79
2012-02-22,67.88,67.88,67.22,67.49,859100,59.09
2012-02-21,68.09,68.09,67.31,67.48,769600,59.08
2012-02-17,68.27,68.47,67.63,67.78,894200,59.34
2012-02-16,67.52,68.85,67.48,68.29,1280800,59.79
2012-02-15,67.94,67.96,67.18,67.37,868600,58.99
2012-02-14,67.21,68.06,67.19,67.74,965400,59.31
2012-02-13,68.00,68.13,67.31,67.39,1188200,59.00
2012-02-10,67.86,68.06,67.51,67.80,1074000,59.36
2012-02-09,68.01,68.30,67.64,68.22,1447700,59.73
2012-02-08,68.12,68.29,67.81,68.06,1181700,59.59
2012-02-07,67.79,68.65,67.60,68.38,1802600,59.87
2012-02-06,69.13,69.13,68.32,68.76,1661800,59.48
2012-02-03,69.75,69.93,68.65,69.04,1113500,59.72
2012-02-02,69.38,69.76,69.14,69.36,1086700,60.00
2012-02-01,69.54,69.98,69.25,69.39,1344300,60.02
2012-01-31,69.81,70.63,68.22,69.38,2271800,60.01
2012-01-30,70.16,70.52,69.84,70.43,3127400,60.92
2012-01-27,71.01,71.17,70.48,70.62,779100,61.08
2012-01-26,71.07,72.08,70.89,71.30,1299100,61.67
2012-01-25,69.02,71.06,68.67,70.89,1156500,61.32
2012-01-24,70.19,70.19,69.03,69.46,1479800,60.08
2012-01-23,70.88,70.88,69.73,70.70,1720300,61.15
2012-01-20,70.94,71.27,69.31,69.93,2346500,60.49
2012-01-19,71.13,71.33,70.35,70.66,1361400,61.12
2012-01-18,70.75,71.38,70.27,71.24,1385400,61.62
2012-01-17,71.77,72.11,70.70,70.90,1254100,61.33
2012-01-13,71.20,71.42,70.75,71.11,934000,61.51
2012-01-12,71.75,71.84,71.22,71.43,863000,61.79
2012-01-11,71.62,71.97,71.18,71.60,791300,61.93
2012-01-10,72.09,72.52,71.38,72.00,823000,62.28
2012-01-09,71.76,71.77,71.33,71.59,779800,61.92
2012-01-06,72.00,72.09,71.30,71.50,795400,61.85
2012-01-05,71.92,72.15,71.27,71.90,1000000,62.19
2012-01-04,72.49,72.57,71.67,71.90,977200,62.19
2012-01-03,73.65,73.66,72.06,72.52,1805800,62.73
2011-12-30,73.76,73.80,73.04,73.05,786400,63.19
2011-12-29,73.40,73.80,73.17,73.65,482700,63.71
2011-12-28,73.52,73.75,73.04,73.14,542100,63.26
2011-12-27,73.00,73.75,73.00,73.59,587400,63.65
2011-12-23,73.15,73.63,72.78,73.14,603700,63.26
2011-12-22,72.88,73.12,72.64,72.88,938400,63.04
2011-12-21,71.81,72.91,71.81,72.76,1406400,62.94
2011-12-20,71.76,72.30,71.64,71.98,1191900,62.26
2011-12-19,71.62,72.00,70.77,70.99,985400,61.40
2011-12-16,71.85,72.01,71.25,71.64,2065500,61.97
2011-12-15,71.09,71.86,70.95,71.58,1208600,61.92
2011-12-14,71.03,71.19,70.44,70.60,1040600,61.07
2011-12-13,71.07,71.97,70.79,71.01,1290100,61.42
2011-12-12,71.02,71.57,70.31,70.82,996100,61.26
2011-12-09,70.86,71.41,70.81,71.27,987100,61.65
2011-12-08,71.98,71.99,70.46,70.61,1392900,61.08
2011-12-07,71.79,72.55,71.50,72.13,1264300,62.39
2011-12-06,72.67,72.87,71.41,71.94,2019600,62.23
2011-12-05,72.76,74.00,71.78,72.39,4283700,62.62
2011-12-02,71.00,71.00,69.54,69.64,1548900,60.24
2011-12-01,70.32,70.91,70.00,70.53,1428000,61.01
2011-11-30,69.25,70.38,69.04,70.36,1929200,60.86
2011-11-29,67.52,68.28,67.42,67.95,718500,58.78
2011-11-28,68.02,68.26,66.87,67.18,1002500,58.11
2011-11-25,66.49,67.21,66.40,66.54,414200,57.56
2011-11-23,67.11,67.23,66.20,66.30,808700,57.35
2011-11-22,68.24,68.42,67.31,67.36,1108400,58.27
2011-11-21,68.42,68.61,67.57,68.30,1348700,59.08
2011-11-18,68.82,69.10,68.37,68.77,1519300,59.48
2011-11-17,69.42,69.42,67.81,68.37,1648000,59.14
2011-11-16,69.37,70.13,69.09,69.37,1738200,60.00
2011-11-15,68.97,70.06,68.97,69.95,2138800,60.51
2011-11-14,69.85,70.04,68.96,69.00,3218000,59.68
2011-11-11,69.31,70.14,69.31,69.95,1612900,60.51
2011-11-10,68.64,69.34,68.17,69.02,1955600,59.70
2011-11-09,67.93,68.64,67.71,68.01,1817200,58.83
2011-11-08,68.30,68.89,68.03,68.89,1710200,59.59
2011-11-07,68.90,69.42,68.42,69.42,2097900,59.33
2011-11-04,69.12,69.56,68.75,69.46,4617700,59.36
2011-11-03,69.13,69.66,68.63,69.56,4634600,59.45
2011-11-02,68.84,69.46,68.54,68.79,1339000,58.79
2011-11-01,68.20,70.00,67.65,67.91,2136800,58.04
2011-10-31,68.52,69.67,68.52,69.17,1973900,59.12
2011-10-28,69.77,69.77,68.89,69.01,1537300,58.98
2011-10-27,69.93,70.16,69.41,69.68,1876300,59.55
2011-10-26,68.96,69.21,68.38,68.91,1273300,58.89
2011-10-25,67.99,68.81,67.99,68.27,1263600,58.35
2011-10-24,68.49,68.84,68.05,68.84,1205500,58.83
2011-10-21,68.06,68.50,67.95,68.48,1017800,58.53
2011-10-20,67.10,67.75,66.86,67.52,1244700,57.71
2011-10-19,66.89,67.94,66.89,66.99,1120700,57.25
2011-10-18,66.22,67.16,65.67,66.80,1405600,57.09
2011-10-17,66.67,66.85,66.07,66.10,821100,56.49
2011-10-14,66.65,66.80,66.20,66.69,1128100,57.00
2011-10-13,65.65,66.31,65.50,66.23,1346900,56.60
2011-10-12,65.94,66.25,65.58,65.98,1715200,56.39
2011-10-11,66.64,66.64,65.63,65.72,1425000,56.17
2011-10-10,66.12,66.71,66.07,66.71,1027000,57.01
2011-10-07,64.95,65.87,64.60,65.38,1539200,55.88
2011-10-06,64.38,64.72,63.95,64.69,1180400,55.29
2011-10-05,64.58,64.70,63.56,64.42,1149100,55.06
2011-10-04,64.13,64.40,62.66,64.38,1390800,55.02
2011-10-03,66.06,66.84,64.51,64.56,1414500,55.18
2011-09-30,66.62,67.30,66.23,66.29,1548400,56.65
2011-09-29,67.04,67.28,66.25,67.02,3001900,57.28
2011-09-28,66.88,67.37,65.87,66.00,1498300,56.41
2011-09-27,67.50,67.90,66.52,66.81,1973500,57.10
2011-09-26,66.01,66.61,65.31,66.53,1388100,56.86
2011-09-23,64.20,65.89,64.02,65.27,1841800,55.78
2011-09-22,63.99,64.49,63.32,64.23,1839400,54.89
2011-09-21,66.33,66.75,65.10,65.18,1422500,55.71
2011-09-20,65.50,67.69,65.46,66.46,1827400,56.80
2011-09-19,64.82,65.53,64.67,65.27,1086500,55.78
2011-09-16,64.80,65.99,64.75,65.60,1957500,56.06
2011-09-15,63.86,64.92,63.62,64.58,1315400,55.19
2011-09-14,63.61,64.07,63.02,63.57,1729700,54.33
2011-09-13,62.96,63.63,62.53,63.54,1515900,54.30
2011-09-12,61.84,62.97,61.62,62.90,1179200,53.76
2011-09-09,63.39,63.41,62.02,62.30,1359100,53.24
2011-09-08,63.61,64.48,63.39,63.79,1186000,54.52
2011-09-07,63.71,64.06,63.33,63.97,853300,54.67
2011-09-06,62.60,63.08,61.72,63.01,1137100,53.85
2011-09-02,64.19,64.26,63.54,63.62,1236300,54.37
2011-09-01,65.40,65.94,64.85,64.94,1522500,55.50
2011-08-31,64.77,65.44,64.59,65.21,1432700,55.73
2011-08-30,64.50,64.89,64.14,64.59,888700,55.20
2011-08-29,63.22,64.69,63.22,64.63,1485800,55.24
2011-08-26,62.49,62.74,61.17,62.43,1091900,53.36
2011-08-25,64.10,64.16,62.52,62.86,1227100,53.72
2011-08-24,62.35,64.24,62.09,63.94,1690600,54.65
2011-08-23,61.94,62.96,61.08,62.36,3428900,53.30
2011-08-22,62.68,63.00,61.38,61.63,1395300,52.67
2011-08-19,61.76,62.62,61.66,61.88,1595900,52.89
2011-08-18,62.36,62.84,61.53,62.48,1982400,53.40
2011-08-17,63.45,64.47,63.34,63.58,1068200,54.34
2011-08-16,63.03,63.49,62.61,63.16,976800,53.98
2011-08-15,61.81,63.61,61.80,63.58,1368000,54.34
2011-08-12,62.60,63.00,61.19,61.55,1370500,52.60
2011-08-11,60.31,62.73,60.11,62.19,2013600,53.15
2011-08-10,60.56,61.95,59.23,60.21,3515800,51.46
2011-08-09,59.63,61.31,57.60,61.21,3502100,52.31
2011-08-08,62.02,62.39,59.32,59.57,3131100,50.20
2011-08-05,63.04,63.26,61.51,62.84,2741400,52.96
2011-08-04,64.40,64.60,62.54,62.55,2547300,52.71
2011-08-03,65.25,65.28,64.24,65.07,1787200,54.84
2011-08-02,66.15,66.41,65.19,65.25,3229900,54.99
2011-08-01,67.24,67.38,66.23,66.41,3631300,55.97
2011-07-29,66.93,67.09,66.54,66.80,4343000,56.29
2011-07-28,68.00,68.13,67.17,67.27,3582600,56.69
2011-07-27,68.39,68.75,68.10,68.14,1154400,57.42
2011-07-26,68.79,68.92,68.35,68.51,1142400,57.74
2011-07-25,67.90,68.96,67.90,68.78,1171000,57.96
2011-07-22,69.06,69.07,68.20,68.31,1399900,57.57
2011-07-21,67.73,69.14,67.58,68.99,1834800,58.14
2011-07-20,67.05,67.78,66.66,67.43,1328200,56.83
2011-07-19,66.50,67.26,66.20,66.79,2320600,56.29
2011-07-18,67.35,67.95,66.83,67.22,1683500,56.65
2011-07-15,67.52,67.97,66.85,67.34,1164800,56.75
2011-07-14,67.57,68.15,67.29,67.48,1436700,56.87
2011-07-13,67.52,67.71,67.13,67.34,1291400,56.75
2011-07-12,67.05,67.58,66.90,67.34,1506600,56.75
2011-07-11,67.42,67.57,66.90,67.29,1130300,56.71
2011-07-08,67.69,68.28,67.62,67.94,1545800,57.26
2011-07-07,67.83,68.05,67.12,68.01,1725800,57.31
2011-07-06,67.33,68.60,67.02,67.45,2228500,56.84
2011-07-05,68.12,68.16,67.10,67.33,2194400,56.74
2011-07-01,68.40,68.44,68.09,68.38,2176700,57.63
2011-06-30,68.40,68.40,67.94,68.28,1838300,57.54
2011-06-29,69.35,69.35,68.13,68.29,2403700,57.55
2011-06-28,69.32,69.50,68.95,69.16,1060600,58.28
2011-06-27,68.44,69.41,68.29,69.24,1393300,58.35
2011-06-24,68.44,69.03,67.98,68.17,3060000,57.45
2011-06-23,68.31,68.47,67.79,68.22,1329200,57.49
2011-06-22,69.00,69.31,68.74,68.79,1242300,57.97
2011-06-21,69.72,69.73,69.13,69.39,1018300,58.48
2011-06-20,69.30,69.71,68.80,69.40,1158500,58.49
2011-06-17,69.03,69.74,68.92,69.35,1391000,58.44
2011-06-16,68.52,69.10,68.40,68.61,1643500,57.82
2011-06-15,68.95,69.69,68.19,68.32,1693400,57.58
2011-06-14,69.44,70.05,68.94,69.37,2183800,58.46
2011-06-13,67.95,69.02,67.81,68.84,1705700,58.01
2011-06-10,67.61,68.05,67.48,67.77,1506200,57.11
2011-06-09,67.40,68.22,67.12,67.88,1174500,57.20
2011-06-08,67.17,67.51,66.92,67.34,1525400,56.75
2011-06-07,66.73,67.38,66.52,67.13,1376000,56.57
2011-06-06,66.61,66.71,66.18,66.44,867700,55.99
2011-06-03,66.60,67.12,66.51,66.61,1287700,56.13
2011-06-02,67.53,67.54,66.58,67.25,1317100,56.67
2011-06-01,68.08,68.12,67.37,67.38,1181200,56.78
2011-05-31,67.99,68.17,67.72,68.15,1164700,57.43
2011-05-27,68.40,68.98,67.55,67.77,1864900,57.11
2011-05-26,66.48,67.31,66.44,67.22,1234800,56.65
2011-05-25,67.20,67.26,66.43,66.70,1915100,56.21
2011-05-24,67.77,67.82,67.21,67.23,2079000,56.66
2011-05-23,68.41,68.71,67.46,67.50,1707800,56.88
2011-05-20,69.06,69.35,68.73,69.04,910200,58.18
2011-05-19,69.22,69.22,68.75,69.19,1071200,58.31
2011-05-18,68.99,69.14,68.51,68.84,911800,58.01
2011-05-17,68.87,69.29,68.72,68.99,936800,58.14
2011-05-16,68.99,69.33,68.66,68.89,1810500,58.06
2011-05-13,69.87,69.94,68.83,68.99,1249300,58.14
2011-05-12,68.62,69.88,68.62,69.78,1310300,58.81
2011-05-11,69.13,69.25,68.68,68.94,1565600,58.10
2011-05-10,68.37,69.43,68.23,69.10,1325700,58.23
2011-05-09,69.37,69.46,68.55,69.02,1250600,57.47
2011-05-06,69.32,69.82,69.09,69.33,1474200,57.72
2011-05-05,69.13,69.32,68.50,68.70,1418700,57.20
2011-05-04,69.44,69.62,68.85,69.30,1293300,57.70
2011-05-03,69.21,69.84,68.68,69.52,1569500,57.88
2011-05-02,69.75,69.86,68.75,69.20,1912900,57.62
2011-04-29,70.05,70.40,69.00,69.72,1473300,58.05
2011-04-28,69.39,70.00,68.82,69.98,2042300,58.27
2011-04-27,69.36,69.80,69.10,69.64,1581100,57.98
2011-04-26,69.06,69.52,68.70,69.16,1800000,57.58
2011-04-25,68.07,68.96,67.99,68.65,1414200,57.16
2011-04-21,67.85,68.09,67.41,68.06,999500,56.67
2011-04-20,67.61,68.25,67.48,67.70,1703400,56.37
2011-04-19,66.19,67.15,65.81,67.13,1986500,55.89
2011-04-18,66.28,66.38,65.65,65.97,1391300,54.93
2011-04-15,65.75,66.85,65.70,66.52,1629300,55.38
2011-04-14,65.28,65.93,65.15,65.76,1421400,54.75
2011-04-13,65.70,65.96,65.36,65.53,1901300,54.56
2011-04-12,65.37,65.70,65.19,65.36,2103800,54.42
2011-04-11,66.31,66.40,65.22,65.44,3191300,54.49
2011-04-08,66.86,67.16,66.08,66.30,1867800,55.20
2011-04-07,67.16,67.20,66.63,66.65,1261100,55.49
2011-04-06,66.85,67.69,66.85,67.22,1737900,55.97
2011-04-05,67.32,67.37,66.62,66.74,2006300,55.57
2011-04-04,67.87,67.89,67.14,67.34,1175300,56.07
2011-04-01,67.69,67.79,67.20,67.64,1219200,56.32
2011-03-31,68.00,68.58,67.03,67.21,1764000,55.96
2011-03-30,67.47,68.51,67.47,68.00,1407700,56.62
2011-03-29,66.65,67.53,66.56,67.33,1143200,56.06
2011-03-28,66.90,67.14,66.56,66.60,1014900,55.45
2011-03-25,67.03,67.15,66.43,66.61,1212200,55.46
2011-03-24,67.26,67.64,66.90,67.00,1163800,55.78
2011-03-23,66.75,67.20,66.36,66.94,1100500,55.73
2011-03-22,65.85,67.17,65.61,66.90,2515000,55.70
2011-03-21,66.40,66.40,65.51,65.69,2183400,54.69
2011-03-18,65.92,66.02,65.25,65.64,3335900,54.65
2011-03-17,66.88,67.00,64.72,65.47,3742600,54.51
2011-03-16,68.40,68.47,66.31,66.65,2774400,55.49
2011-03-15,68.91,69.31,68.09,68.49,3305400,57.02
2011-03-14,70.99,71.95,69.32,70.09,4903900,58.36
2011-03-11,73.59,74.04,73.46,73.69,909800,61.35
2011-03-10,73.56,74.19,73.22,73.63,1436700,61.30
2011-03-09,73.32,74.26,73.21,74.18,925600,61.76
2011-03-08,72.97,73.54,72.38,73.30,1457900,61.03
2011-03-07,72.54,73.38,72.33,72.94,1393800,60.73
2011-03-04,72.64,72.91,71.64,72.25,1019400,60.16
2011-03-03,71.54,72.97,71.50,72.58,1474000,60.43
2011-03-02,71.00,71.49,70.70,71.15,1243300,59.24
2011-03-01,71.42,71.76,70.85,70.88,1275900,59.01
2011-02-28,71.05,71.83,71.00,71.20,1709500,59.28
2011-02-25,71.16,71.22,70.57,70.93,747700,59.06
2011-02-24,71.21,71.28,70.61,70.81,1217300,58.96
2011-02-23,71.48,71.67,71.04,71.09,909500,59.19
2011-02-22,71.25,71.67,71.12,71.46,786100,59.50
2011-02-18,71.56,71.88,71.50,71.71,680600,59.71
2011-02-17,71.22,72.00,71.21,71.81,807400,59.79
2011-02-16,71.92,72.07,71.05,71.36,691400,59.41
2011-02-15,71.26,71.96,71.05,71.83,866100,59.81
2011-02-14,72.17,72.17,71.14,71.36,1669100,59.41
2011-02-11,72.11,72.47,72.00,72.11,1028500,60.04
2011-02-10,72.36,72.61,72.18,72.49,841900,60.35
2011-02-09,72.06,72.63,72.06,72.62,814000,60.46
2011-02-08,73.25,73.25,72.42,72.70,1089100,60.53
2011-02-07,73.44,73.96,73.32,73.91,1409200,60.85
2011-02-04,73.30,73.36,72.38,73.25,973100,60.30
2011-02-03,73.38,73.49,72.96,73.21,1106200,60.27
2011-02-02,73.52,73.69,73.24,73.33,975100,60.37
2011-02-01,72.55,73.89,72.53,73.86,1504300,60.80
2011-01-31,72.22,72.47,71.97,72.17,1463500,59.41
2011-01-28,72.72,73.07,72.00,72.07,960000,59.33
2011-01-27,73.13,73.28,72.32,72.79,1035200,59.92
2011-01-26,73.61,73.73,72.72,73.13,877300,60.20
2011-01-25,73.51,73.82,73.27,73.50,1319400,60.51
2011-01-24,73.14,74.50,73.12,73.77,1539400,60.73
2011-01-21,73.66,73.66,72.33,73.04,1134500,60.13
2011-01-20,72.62,73.75,72.62,73.23,1074400,60.29
2011-01-19,72.61,73.17,72.42,72.56,1017500,59.73
2011-01-18,72.60,73.00,72.34,72.67,1119700,59.83
2011-01-14,72.76,73.23,72.53,73.11,711100,60.19
2011-01-13,72.78,72.93,72.36,72.77,810000,59.91
2011-01-12,72.57,72.78,72.21,72.70,913200,59.85
2011-01-11,72.72,73.03,72.11,72.19,1110300,59.43
2011-01-10,72.27,72.76,72.00,72.63,1255800,59.79
2011-01-07,72.23,72.45,71.78,72.35,1473200,59.56
2011-01-06,72.25,72.43,71.81,72.05,1538200,59.31
2011-01-05,72.24,72.66,72.00,72.53,2164800,59.71
2011-01-04,72.14,73.22,71.58,73.11,1794600,60.19
2011-01-03,71.73,72.19,71.43,71.97,1448000,59.25
2010-12-31,70.68,71.10,70.64,70.83,608700,58.31
2010-12-30,71.01,71.25,70.49,70.80,848300,58.29
2010-12-29,71.55,71.57,71.07,71.08,651900,58.52
2010-12-28,71.42,71.57,70.94,71.50,527100,58.86
2010-12-27,71.50,71.62,71.02,71.44,546300,58.81
2010-12-23,71.57,71.72,71.33,71.55,844800,58.90
2010-12-22,70.47,71.92,70.47,71.57,1257100,58.92
2010-12-21,70.86,71.00,70.11,70.51,1644200,58.05
2010-12-20,70.51,70.96,70.20,70.79,780500,58.28
2010-12-17,70.00,70.51,69.73,70.51,4514000,58.05
2010-12-16,70.30,70.65,70.04,70.42,1254900,57.97
2010-12-15,70.51,70.72,70.22,70.29,1558200,57.87
2010-12-14,70.55,71.05,70.20,70.71,1314700,58.21
2010-12-13,70.67,70.99,70.42,70.67,1698300,58.18
2010-12-10,69.86,70.60,69.65,70.37,1406900,57.93
2010-12-09,69.49,69.91,68.65,69.82,1943800,57.48
2010-12-08,70.16,70.52,69.36,69.43,3682300,57.16
2010-12-07,71.76,71.90,70.34,70.41,2535200,57.96
2010-12-06,72.31,72.32,71.29,71.33,1290900,58.72
2010-12-03,72.11,72.70,71.99,72.39,1744400,59.59
2010-12-02,71.95,72.55,71.78,72.35,1909700,59.56
2010-12-01,71.96,72.21,71.37,71.85,2053800,59.15
2010-11-30,71.66,71.74,71.12,71.24,2306200,58.65
2010-11-29,72.03,72.05,71.22,71.95,948800,59.23
2010-11-26,71.81,72.79,71.75,72.32,416300,59.54
2010-11-24,72.52,72.85,72.25,72.49,1137700,59.68
2010-11-23,72.97,72.97,71.80,72.35,1558400,59.56
2010-11-22,73.28,73.55,72.57,73.42,1826000,60.44
2010-11-19,73.01,74.19,72.46,73.74,2611600,60.71
2010-11-18,73.25,73.45,72.75,73.19,1672900,60.25
2010-11-17,71.71,73.00,71.71,72.65,2474200,59.81
2010-11-16,72.10,72.65,71.64,71.99,1438300,59.27
2010-11-15,72.40,72.85,72.38,72.55,1186700,59.73
2010-11-12,73.06,73.18,72.16,72.26,1268800,59.49
2010-11-11,72.91,73.70,72.91,73.41,1951100,60.43
2010-11-10,73.71,73.76,72.61,73.32,1714600,60.36
2010-11-09,74.50,74.73,73.72,73.84,1811200,60.79
2010-11-08,75.01,75.23,74.64,75.21,1253000,61.23
2010-11-05,75.50,75.69,74.95,75.40,1278400,61.39
2010-11-04,75.18,75.76,74.87,75.40,2127100,61.39
2010-11-03,74.58,74.71,73.79,74.66,1206100,60.79
2010-11-02,74.14,74.83,74.14,74.56,1346500,60.70
2010-11-01,75.37,77.08,73.20,73.83,3107000,60.11
2010-10-29,73.95,74.64,73.66,74.53,2162000,60.68
2010-10-28,73.60,74.21,73.60,73.97,2042500,60.22
2010-10-27,73.65,73.65,72.67,73.26,2233900,59.65
2010-10-26,73.61,74.35,73.28,74.10,1685400,60.33
2010-10-25,74.53,74.75,73.27,73.73,1840200,60.03
2010-10-22,75.16,75.58,74.50,74.59,1929900,60.73
2010-10-21,77.00,77.37,75.08,75.28,2533900,61.29
2010-10-20,76.78,77.63,76.71,77.11,1148800,62.78
2010-10-19,76.77,77.07,76.35,76.53,1393700,62.31
2010-10-18,77.09,77.72,77.03,77.46,702200,63.06
2010-10-15,77.54,77.69,76.52,76.97,1445700,62.67
2010-10-14,77.34,77.75,76.88,77.00,1218100,62.69
2010-10-13,77.26,77.62,76.87,77.30,1359600,62.93
2010-10-12,76.94,77.05,76.40,76.81,1356700,62.54
2010-10-11,76.15,77.88,76.11,77.14,1443300,62.80
2010-10-08,76.31,76.72,75.92,76.12,1427900,61.97
2010-10-07,77.03,77.12,76.41,76.44,1434100,62.23
2010-10-06,77.44,77.59,76.46,76.67,1896800,62.42
2010-10-05,77.31,77.90,76.89,77.64,1296100,63.21
2010-10-04,77.17,77.49,76.16,76.66,1184000,62.41
2010-10-01,76.70,77.42,76.51,77.17,1245600,62.83
2010-09-30,77.44,77.74,76.30,76.53,1334900,62.31
2010-09-29,77.43,77.51,76.46,77.24,1161700,62.89
2010-09-28,77.52,77.70,76.59,77.56,1647300,63.15
2010-09-27,77.05,77.93,76.70,77.25,1646600,62.89
2010-09-24,76.69,77.49,76.69,77.05,1804700,62.73
2010-09-23,76.41,77.10,75.88,76.40,2003200,62.20
2010-09-22,76.39,77.39,76.39,77.05,1921800,62.73
2010-09-21,76.54,76.80,76.02,76.38,2670300,62.19
2010-09-20,76.29,77.09,76.16,76.75,2209900,62.49
2010-09-17,78.16,78.16,76.54,76.68,2676100,62.43
2010-09-16,78.12,78.44,77.55,77.70,1464400,63.26
2010-09-15,78.07,78.55,77.46,78.37,1367800,63.81
2010-09-14,78.28,78.85,77.04,78.14,2134500,63.62
2010-09-13,80.68,80.68,79.39,79.56,1403200,64.77
2010-09-10,80.18,80.43,79.72,80.09,1144100,65.21
2010-09-09,80.35,80.79,80.18,80.32,1259000,65.39
2010-09-08,80.01,80.42,79.46,79.62,987400,64.82
2010-09-07,79.58,80.26,79.58,79.77,1306400,64.95
2010-09-03,80.41,80.80,79.70,79.97,1513300,65.11
2010-09-02,80.59,80.68,79.58,79.93,1067100,65.08
2010-09-01,79.28,80.55,79.25,80.33,2286900,65.40
2010-08-31,77.94,79.23,77.37,78.84,1321900,64.19
2010-08-30,79.55,79.67,78.35,78.35,1183600,63.79
2010-08-27,77.82,80.09,77.59,79.64,2468900,64.84
2010-08-26,78.67,78.76,77.46,77.50,1350900,63.10
2010-08-25,77.90,78.45,77.21,78.31,1271100,63.76
2010-08-24,77.69,78.86,77.51,78.17,1448100,63.64
2010-08-23,78.02,79.03,77.79,78.39,1100300,63.82
2010-08-20,77.29,77.77,76.58,77.46,1092800,63.06
2010-08-19,79.10,79.10,77.04,77.86,1213900,63.39
2010-08-18,79.27,79.66,78.34,79.38,1293100,64.63
2010-08-17,78.66,79.83,78.37,79.23,1108700,64.51
2010-08-16,77.78,78.23,77.07,78.16,1534900,63.63
2010-08-13,77.63,79.03,77.52,78.11,941300,63.59
2010-08-12,77.46,78.38,77.17,77.92,1183900,63.44
2010-08-11,78.59,78.91,78.06,78.58,1433800,63.98
2010-08-10,78.64,79.80,77.86,79.55,1571100,64.77
2010-08-09,80.00,80.20,79.50,79.65,1537500,64.17
2010-08-06,78.63,79.98,78.63,79.75,1649000,64.25
2010-08-05,78.59,79.69,78.20,79.48,1801700,64.04
2010-08-04,79.35,79.66,78.30,78.94,977600,63.60
2010-08-03,79.19,80.00,76.50,79.18,960200,63.79
2010-08-02,78.35,79.79,78.35,79.56,1494000,64.10
2010-07-30,77.56,78.08,77.16,77.51,1451800,62.45
2010-07-29,79.79,80.00,77.92,78.20,1561700,63.00
2010-07-28,79.61,80.03,79.27,79.35,1265400,63.93
2010-07-27,78.31,79.86,77.97,79.78,1360400,64.28
2010-07-26,78.45,79.00,78.31,78.82,1135000,63.50
2010-07-23,78.12,78.95,77.61,78.29,1225000,63.08
2010-07-22,77.26,78.51,77.05,78.27,1631400,63.06
2010-07-21,78.22,78.37,76.15,76.55,1038100,61.67
2010-07-20,76.61,78.10,76.33,78.00,1127300,62.84
2010-07-19,76.64,77.87,76.16,77.64,1511400,62.55
2010-07-16,76.76,77.00,75.73,75.96,1258800,61.20
2010-07-15,75.99,77.25,75.75,77.04,1273400,62.07
2010-07-14,76.20,76.42,75.32,76.18,1275900,61.38
2010-07-13,76.37,77.13,75.88,76.56,1280000,61.68
2010-07-12,75.59,76.49,75.55,76.01,1110700,61.24
2010-07-09,74.57,76.25,74.33,76.11,2062100,61.32
2010-07-08,74.88,74.92,74.16,74.64,1575400,60.14
2010-07-07,72.33,74.32,72.29,74.29,1340500,59.85
2010-07-06,71.53,72.52,70.99,72.18,1416000,58.15
2010-07-02,71.34,71.74,70.46,70.70,1418000,56.96
2010-07-01,71.72,71.73,70.35,71.19,1378400,57.36
2010-06-30,72.12,72.91,71.43,71.62,1726000,57.70
2010-06-29,73.20,73.20,72.01,72.44,1420800,58.36
2010-06-28,73.69,74.30,73.23,73.93,1018100,59.56
2010-06-25,73.13,73.97,72.30,73.43,1599200,59.16
2010-06-24,73.38,74.39,72.95,73.09,1426000,58.89
2010-06-23,74.78,74.97,73.24,73.51,1534700,59.23
2010-06-22,76.13,76.63,74.45,74.74,2875700,60.22
2010-06-21,78.58,78.72,76.82,77.38,1144500,62.34
2010-06-18,78.01,78.36,77.68,78.10,932200,62.92
2010-06-17,77.69,78.08,76.79,77.97,1332200,62.82
2010-06-16,76.31,78.12,75.99,77.48,1522200,62.42
2010-06-15,75.58,76.79,75.35,76.79,1133000,61.87
2010-06-14,74.89,75.74,74.31,75.10,1397000,60.51
2010-06-11,72.71,74.50,72.56,74.39,1710200,59.93
2010-06-10,73.10,73.55,72.85,73.42,1510500,59.15
2010-06-09,73.28,73.43,72.05,72.26,1782000,58.22
2010-06-08,72.16,73.01,71.86,72.79,2117900,58.65
2010-06-07,72.24,73.41,72.01,72.35,1753200,58.29
2010-06-04,73.61,73.63,71.74,71.99,3129300,58.00
2010-06-03,74.65,74.94,74.30,74.55,1890700,60.06
2010-06-02,73.62,74.33,73.07,74.27,1581600,59.84
2010-06-01,74.94,75.31,73.13,73.23,1751700,59.00
2010-05-28,76.02,76.25,74.67,75.07,2271700,60.48
2010-05-27,73.73,75.82,73.61,75.82,1660000,61.09
2010-05-26,73.37,73.93,72.80,73.17,1529300,58.95
2010-05-25,72.40,72.95,71.28,72.82,1755500,58.67
2010-05-24,74.19,75.14,73.64,73.80,1328900,59.46
2010-05-21,74.00,75.05,72.93,74.60,2050300,60.10
2010-05-20,75.40,76.38,74.55,74.74,1368300,60.22
2010-05-19,76.81,77.29,76.37,76.80,1259900,61.88
2010-05-18,77.60,78.10,76.82,76.95,1455800,62.00
2010-05-17,77.57,77.78,76.64,77.47,1526500,62.42
2010-05-14,78.21,78.67,77.15,77.42,1510200,62.38
2010-05-13,78.66,79.78,77.82,78.67,1609600,63.38
2010-05-12,77.48,79.26,77.48,78.97,1478800,63.62
2010-05-11,76.09,78.56,75.78,77.63,1608500,62.54
2010-05-10,77.50,77.50,75.87,76.66,2072500,61.76
2010-05-07,76.60,76.95,74.79,75.79,2777000,60.39
2010-05-06,79.08,79.33,72.60,76.60,2530400,61.04
2010-05-05,79.22,79.99,78.59,79.19,1142000,63.10
2010-05-04,81.00,81.09,79.26,79.64,1051100,63.46
2010-05-03,81.54,81.96,81.10,81.57,1151700,65.00
2010-04-30,80.69,81.88,80.25,81.29,1422300,64.78
2010-04-29,80.22,81.15,79.66,80.55,952900,64.19
2010-04-28,80.86,81.07,79.71,79.95,1970600,63.71
2010-04-27,81.17,82.14,80.18,80.36,1053900,64.04
2010-04-26,82.25,82.56,81.70,81.73,971600,65.13
2010-04-23,81.81,82.29,81.38,82.28,941800,65.57
2010-04-22,81.65,82.21,81.11,82.08,1402400,65.41
2010-04-21,81.59,82.19,81.51,82.00,1465600,65.34
2010-04-20,80.91,81.70,80.74,81.70,983900,65.10
2010-04-19,80.01,80.62,79.71,80.55,1127900,64.19
2010-04-16,81.00,81.24,79.89,80.19,1365500,63.90
2010-04-15,81.49,81.62,80.68,81.06,1306100,64.59
2010-04-14,81.78,82.24,81.01,81.38,1500000,64.85
2010-04-13,82.11,82.11,81.14,81.66,1300300,65.07
2010-04-12,82.59,82.85,82.03,82.21,778100,65.51
2010-04-09,81.94,82.37,81.08,82.26,873900,65.55
2010-04-08,81.94,82.25,81.43,81.97,1339500,65.32
2010-04-07,83.78,83.92,81.72,82.10,2368900,65.42
2010-04-06,81.39,84.33,80.93,84.07,2208900,66.99
2010-04-05,82.34,82.34,80.08,81.61,2747600,65.03
2010-04-01,81.76,82.65,81.63,82.32,785600,65.60
2010-03-31,81.56,81.86,80.76,81.35,892300,64.82
2010-03-30,81.47,82.11,81.24,82.05,964400,65.38
2010-03-29,80.60,81.75,80.56,81.61,949600,65.03
2010-03-26,79.35,80.48,79.13,80.28,1349600,63.97
2010-03-25,79.39,79.89,78.50,79.39,1953700,63.26
2010-03-24,80.00,80.00,79.15,79.20,813200,63.11
2010-03-23,80.02,80.53,79.74,80.07,960000,63.80
2010-03-22,80.40,80.87,79.85,79.91,1133000,63.68
2010-03-19,80.69,80.91,80.12,80.69,1925100,64.30
2010-03-18,80.37,80.44,79.42,80.37,1553800,64.04
2010-03-17,80.31,80.65,79.77,80.58,1291400,64.21
2010-03-16,78.95,80.38,78.42,80.26,995700,63.96
2010-03-15,78.36,78.92,77.91,78.81,739300,62.80
2010-03-12,79.87,79.87,78.14,78.25,717900,62.35
2010-03-11,79.29,79.80,78.94,79.80,756700,63.59
2010-03-10,79.02,79.57,78.89,79.52,1006100,63.37
2010-03-09,79.34,79.58,78.90,79.17,1254200,63.09
2010-03-08,79.47,79.69,79.28,79.55,1080100,63.39
2010-03-05,78.28,79.64,77.99,79.45,1482600,63.31
2010-03-04,77.73,78.28,77.27,78.24,1118000,62.35
2010-03-03,78.45,78.64,77.65,77.83,1181400,62.02
2010-03-02,78.13,78.72,78.13,78.45,1842200,62.51
2010-03-01,76.07,78.15,75.97,77.77,1348100,61.97
2010-02-26,76.42,76.76,75.87,75.97,1452700,60.54
2010-02-25,76.37,76.56,75.25,76.52,1232000,60.98
2010-02-24,77.44,77.44,75.69,76.73,1416700,61.14
2010-02-23,77.69,77.89,76.90,77.40,1167600,61.68
2010-02-22,79.18,79.18,77.61,77.72,1089200,61.93
2010-02-19,77.99,78.82,77.39,78.75,1774000,62.75
2010-02-18,78.09,78.75,77.70,78.04,1477000,62.19
2010-02-17,79.44,79.52,77.84,78.26,2060200,62.36
2010-02-16,77.77,79.00,77.55,78.99,1063400,62.94
2010-02-12,76.52,77.23,76.30,77.14,1645300,61.47
2010-02-11,76.73,77.77,75.98,77.55,2168900,61.80
2010-02-10,77.71,77.71,75.95,76.67,1956100,61.09
2010-02-09,75.91,76.94,75.54,76.26,2135900,60.77
2010-02-08,77.05,77.35,76.22,76.29,1008400,60.19
2010-02-05,76.97,77.21,75.52,77.09,1891300,60.83
2010-02-04,79.08,80.18,77.04,77.11,2353100,60.84
2010-02-03,79.00,79.93,78.78,79.74,1634400,62.92
2010-02-02,77.29,79.73,76.61,78.78,1713300,62.16
2010-02-01,76.62,77.43,75.90,77.23,1383800,60.94
2010-01-29,77.49,77.82,76.23,76.31,2528800,60.21
2010-01-28,78.85,79.03,77.08,77.10,1630800,60.83
2010-01-27,79.30,79.30,77.72,78.72,1031900,62.11
2010-01-26,78.59,79.55,78.10,79.31,1297900,62.58
2010-01-25,79.20,79.24,77.76,78.73,1176000,62.12
2010-01-22,79.74,79.81,78.48,78.54,1455700,61.97
2010-01-21,81.58,82.73,79.30,79.75,2484000,62.92
2010-01-20,81.95,81.95,80.06,81.06,1263500,63.96
2010-01-19,81.90,82.19,80.87,82.16,884100,64.83
2010-01-15,82.55,82.62,80.93,81.85,1918900,64.58
2010-01-14,82.87,83.09,82.15,82.80,966000,65.33
2010-01-13,81.71,83.01,81.66,82.88,1104200,65.39
2010-01-12,81.77,82.12,81.20,81.72,1786400,64.48
2010-01-11,79.98,81.53,79.75,81.05,2014100,63.95
2010-01-08,80.38,80.57,79.22,79.51,1652800,62.74
2010-01-07,80.96,81.03,80.25,80.28,1243600,63.34
2010-01-06,80.79,81.34,80.42,81.25,1011900,64.11
2010-01-05,82.28,82.30,80.36,80.84,1157100,63.78
2010-01-04,82.10,82.73,81.75,82.15,1049400,64.82
2009-12-31,83.40,83.40,81.82,81.84,659800,64.57
2009-12-30,82.88,83.48,82.77,83.08,544900,65.55
2009-12-29,83.70,83.78,83.17,83.26,515000,65.69
2009-12-28,83.49,83.74,83.15,83.35,672500,65.76
2009-12-24,82.98,83.58,82.98,83.45,259900,65.84
2009-12-23,82.90,83.26,82.55,82.81,808300,65.34
2009-12-22,84.25,84.44,82.73,82.88,1070600,65.39
2009-12-21,83.46,84.25,83.09,84.01,1306300,66.29
2009-12-18,81.00,83.25,81.00,83.04,2885700,65.52
2009-12-17,82.05,83.34,81.78,82.73,1565300,65.28
2009-12-16,83.45,83.45,82.15,82.35,1007000,64.98
2009-12-15,83.37,83.67,82.46,83.00,1069500,65.49
2009-12-14,83.70,84.13,83.31,83.76,1217000,66.09
2009-12-11,81.87,83.11,81.68,83.06,1029700,65.54
2009-12-10,81.35,82.09,80.81,81.75,1349600,64.50
2009-12-09,80.93,81.00,80.37,80.88,744400,63.82
2009-12-08,80.83,81.23,80.09,80.92,1182500,63.85
2009-12-07,80.60,81.59,80.46,81.15,1046000,64.03
2009-12-04,81.78,82.19,79.13,80.46,1559400,63.48
2009-12-03,81.63,82.16,80.86,81.06,1171900,63.96
2009-12-02,81.12,82.31,80.89,81.52,1266100,64.32
2009-12-01,79.24,81.09,78.87,81.05,1460900,63.95
2009-11-30,78.57,79.23,78.25,78.65,1169400,62.06
2009-11-27,78.70,79.29,78.10,78.50,351400,61.94
2009-11-25,79.33,80.30,79.06,80.06,524200,63.17
2009-11-24,79.12,79.50,78.62,79.26,667600,62.54
2009-11-23,78.27,79.47,78.27,78.94,505600,62.29
2009-11-20,77.52,78.14,77.21,77.79,870700,61.38
2009-11-19,78.29,78.59,77.24,77.81,956500,61.39
2009-11-18,79.21,79.46,78.54,78.72,821300,62.11
