Date,Open,High,Low,Close,Volume,Adj Close
2014-11-18,35.08,36.10,34.79,35.55,316500,35.55
2014-11-17,37.14,37.35,34.82,35.05,385200,35.05
2014-11-14,36.66,37.28,36.32,37.10,260800,37.10
2014-11-13,35.64,38.20,35.60,36.98,573800,36.98
2014-11-12,38.28,38.95,37.84,38.75,288000,38.75
2014-11-11,36.98,38.94,36.92,38.55,605100,38.55
2014-11-10,37.03,37.04,36.48,36.80,238100,36.80
2014-11-07,35.68,37.06,35.68,37.03,320300,37.03
2014-11-06,35.15,35.94,35.04,35.69,376600,35.69
2014-11-05,36.56,36.56,35.24,35.26,278800,35.26
2014-11-04,35.83,37.12,35.60,36.40,409500,36.40
2014-11-03,37.11,37.11,35.85,36.03,579700,36.03
2014-10-31,36.10,37.44,35.58,37.14,671400,37.14
2014-10-30,33.85,37.00,33.44,35.80,1803800,35.80
2014-10-29,31.46,32.06,30.77,31.60,556400,31.60
2014-10-28,31.61,31.75,30.93,31.42,693400,31.42
2014-10-27,31.53,31.61,31.23,31.45,190600,31.45
2014-10-24,31.92,32.34,31.33,31.63,202300,31.63
2014-10-23,31.52,32.17,31.30,31.91,167500,31.91
2014-10-22,30.97,31.35,30.97,31.13,276600,31.13
2014-10-21,30.64,31.19,30.54,30.96,177400,30.96
2014-10-20,30.31,30.61,30.06,30.58,221800,30.58
2014-10-17,31.12,31.16,30.37,30.48,399700,30.48
2014-10-16,29.37,30.86,29.37,30.69,457700,30.69
2014-10-15,28.38,30.04,28.15,29.82,357200,29.82
2014-10-14,28.24,29.00,28.24,28.57,174600,28.57
2014-10-13,28.02,28.90,27.75,28.02,822400,28.02
2014-10-10,28.15,28.95,27.76,28.02,346900,28.02
2014-10-09,29.15,29.41,28.15,28.20,277200,28.20
2014-10-08,28.05,29.12,27.95,29.08,304500,29.08
2014-10-07,28.28,28.48,27.85,28.04,440200,28.04
2014-10-06,29.08,29.16,28.51,28.53,226000,28.53
2014-10-03,29.48,29.66,29.03,29.07,150400,29.07
2014-10-02,29.50,29.67,28.65,29.32,271800,29.32
2014-10-01,30.50,30.50,28.85,29.49,505500,29.49
2014-09-30,31.55,31.69,30.48,30.50,407400,30.50
2014-09-29,30.81,31.71,30.61,31.58,205900,31.58
2014-09-26,31.16,31.39,31.09,31.15,115300,31.15
2014-09-25,32.00,32.18,30.84,31.14,173000,31.14
2014-09-24,31.58,32.09,31.53,32.01,118300,32.01
2014-09-23,31.44,31.61,31.23,31.48,195800,31.48
2014-09-22,31.38,31.69,30.96,31.58,248700,31.58
2014-09-19,31.70,32.01,31.43,31.53,342100,31.53
2014-09-18,31.60,32.20,31.47,31.64,409900,31.64
2014-09-17,31.34,31.56,31.15,31.45,138600,31.45
2014-09-16,29.63,31.56,29.53,31.40,566900,31.40
2014-09-15,31.48,31.48,29.60,29.77,250000,29.77
2014-09-12,31.51,31.71,31.30,31.49,180100,31.49
2014-09-11,31.04,31.90,31.00,31.59,276500,31.59
2014-09-10,31.00,31.44,30.70,31.27,198700,31.27
2014-09-09,31.76,31.89,31.00,31.01,190400,31.01
2014-09-08,32.04,32.36,31.69,31.83,149900,31.83
2014-09-05,31.91,32.35,31.62,32.02,251200,32.02
2014-09-04,33.22,33.33,31.99,32.01,205700,32.01
2014-09-03,33.24,33.40,32.49,33.21,252700,33.21
2014-09-02,32.96,33.30,32.66,33.17,255900,33.17
2014-08-29,32.56,33.01,32.00,32.82,378800,32.82
2014-08-28,32.80,33.15,32.40,32.55,529300,32.55
2014-08-27,33.15,33.28,32.70,32.81,180200,32.81
2014-08-26,32.47,33.56,32.47,33.19,512200,33.19
2014-08-25,32.43,32.51,31.94,32.35,476700,32.35
2014-08-22,32.80,32.82,31.91,32.15,350700,32.15
2014-08-21,33.40,33.40,32.78,32.80,259200,32.80
2014-08-20,34.46,34.47,33.15,33.42,768700,33.42
2014-08-19,36.04,36.20,34.46,34.56,380700,34.56
2014-08-18,35.56,36.22,35.26,35.96,590800,35.96
2014-08-15,34.63,35.35,34.58,35.14,430500,35.14
2014-08-14,34.04,34.28,33.66,34.27,175100,34.27
2014-08-13,33.56,34.01,33.36,33.99,342200,33.99
2014-08-12,33.31,33.60,33.02,33.49,203500,33.49
2014-08-11,32.63,33.42,32.03,33.36,243700,33.36
2014-08-08,32.05,32.80,31.35,32.36,634800,32.36
2014-08-07,31.80,34.55,31.69,32.06,1123700,32.06
2014-08-06,31.49,31.49,30.74,30.90,1365800,30.90
2014-08-05,31.47,32.83,30.68,31.69,569100,31.69
2014-08-04,31.00,31.67,30.91,31.63,310200,31.63
2014-08-01,31.60,31.92,30.53,30.93,366500,30.93
2014-07-31,31.82,32.04,31.31,31.59,222400,31.59
2014-07-30,31.96,32.30,31.85,32.10,231700,32.10
2014-07-29,29.96,32.46,29.96,31.82,427900,31.82
2014-07-28,30.38,30.41,29.51,29.93,149100,29.93
2014-07-25,30.65,30.94,29.92,30.37,195800,30.37
2014-07-24,29.83,30.87,29.57,30.78,194400,30.78
2014-07-23,30.55,30.80,29.64,29.85,262200,29.85
2014-07-22,30.63,30.75,30.19,30.48,223200,30.48
2014-07-21,30.87,31.14,30.07,30.51,191000,30.51
2014-07-18,31.43,31.57,30.54,30.91,231000,30.91
2014-07-17,31.83,31.91,31.44,31.46,353800,31.46
2014-07-16,31.34,31.44,30.45,31.36,384000,31.36
2014-07-15,29.81,31.50,29.14,31.20,377300,31.20
2014-07-14,30.19,30.19,29.67,29.77,133900,29.77
2014-07-11,29.86,30.03,29.43,29.87,183700,29.87
2014-07-10,29.23,30.18,28.86,29.92,311300,29.92
2014-07-09,30.03,30.23,29.50,29.99,413600,29.99
2014-07-08,31.90,31.90,30.01,30.04,336100,30.04
2014-07-07,32.56,32.56,31.93,31.95,240600,31.95
2014-07-03,32.65,32.88,32.35,32.60,120300,32.60
2014-07-02,32.72,33.43,32.47,32.65,276000,32.65
2014-07-01,32.37,33.29,32.34,32.76,597000,32.76
2014-06-30,33.24,33.24,32.21,32.34,344000,32.34
2014-06-27,33.64,33.93,32.77,33.25,1897500,33.25
2014-06-26,33.13,33.85,32.81,33.80,279200,33.80
2014-06-25,32.82,33.55,32.64,33.19,222900,33.19
2014-06-24,32.51,33.08,32.16,32.96,246700,32.96
2014-06-23,32.62,32.83,32.05,32.55,314000,32.55
2014-06-20,33.43,33.52,32.28,32.60,365000,32.60
2014-06-19,33.34,33.44,32.22,33.25,457900,33.25
2014-06-18,33.04,33.28,32.19,33.23,332600,33.23
2014-06-17,33.05,33.48,32.94,33.04,330000,33.04
2014-06-16,31.94,33.38,31.82,33.10,529300,33.10
2014-06-13,31.75,32.16,31.01,32.12,204300,32.12
2014-06-12,30.95,32.14,30.51,31.64,289800,31.64
2014-06-11,31.18,31.44,30.88,30.95,221600,30.95
2014-06-10,31.26,31.73,30.49,31.22,390700,31.22
2014-06-09,30.61,31.37,30.42,31.25,217900,31.25
2014-06-06,29.66,30.76,29.57,30.71,254100,30.71
2014-06-05,29.03,29.89,28.59,29.57,307300,29.57
2014-06-04,29.00,29.53,28.86,29.05,210000,29.05
2014-06-03,27.95,29.57,27.85,29.26,465700,29.26
2014-06-02,28.45,28.57,27.76,28.00,325600,28.00
2014-05-30,29.09,29.31,28.09,28.50,363600,28.50
2014-05-29,29.80,29.80,28.99,29.01,186900,29.01
2014-05-28,29.47,30.21,29.39,29.72,248700,29.72
2014-05-27,29.27,29.60,29.25,29.51,178900,29.51
2014-05-23,28.57,29.14,28.14,28.96,234300,28.96
2014-05-22,27.54,28.75,27.53,28.65,428800,28.65
2014-05-21,26.96,27.77,26.38,27.55,518300,27.55
2014-05-20,26.23,27.10,25.43,26.91,1091500,26.91
2014-05-19,26.81,27.60,26.17,26.20,735100,26.20
2014-05-16,27.38,27.62,26.55,26.80,478700,26.80
2014-05-15,26.85,27.67,25.78,27.26,1262200,27.26
2014-05-14,28.78,28.97,27.22,27.35,307200,27.35
2014-05-13,29.06,29.31,28.45,28.67,196100,28.67
2014-05-12,28.26,29.45,28.17,29.04,297300,29.04
2014-05-09,27.91,28.28,27.30,28.17,427000,28.17
2014-05-08,27.30,28.61,27.30,28.01,402900,28.01
2014-05-07,28.80,28.86,27.14,27.43,700600,27.43
2014-05-06,30.80,30.80,28.73,28.75,489200,28.75
2014-05-05,30.69,31.16,30.16,31.01,216000,31.01
2014-05-02,31.33,32.48,30.79,31.04,313000,31.04
2014-05-01,29.00,31.80,28.16,31.14,1541500,31.14
2014-04-30,30.07,30.30,28.86,30.03,648100,30.03
2014-04-29,29.33,31.07,29.33,30.23,360500,30.23
2014-04-28,30.03,30.16,28.51,29.35,572100,29.35
2014-04-25,31.09,31.09,29.63,29.99,701700,29.99
2014-04-24,32.35,32.35,31.14,31.29,314600,31.29
2014-04-23,32.38,32.51,31.72,32.17,227900,32.17
2014-04-22,32.28,33.01,32.28,32.43,206700,32.43
2014-04-21,32.50,32.65,31.79,32.29,122200,32.29
2014-04-17,31.86,33.40,31.84,32.39,359600,32.39
2014-04-16,31.55,31.94,31.00,31.86,171000,31.86
2014-04-15,30.99,31.78,30.75,31.47,293400,31.47
2014-04-14,30.41,31.29,30.28,31.02,234100,31.02
2014-04-11,30.23,30.99,29.71,30.20,370000,30.20
2014-04-10,31.25,31.46,29.61,30.28,586000,30.28
2014-04-09,29.96,31.50,29.66,31.32,695700,31.32
2014-04-08,30.83,31.26,29.92,30.02,822200,30.02
2014-04-07,31.45,32.58,30.75,30.83,1036500,30.83
2014-04-04,33.04,33.69,31.57,31.63,757100,31.63
2014-04-03,34.16,34.16,32.20,32.94,480600,32.94
2014-04-02,34.35,34.93,34.07,34.27,367000,34.27
2014-04-01,33.65,34.44,33.35,34.18,401100,34.18
2014-03-31,32.27,33.55,32.19,33.45,301300,33.45
2014-03-28,32.11,32.51,31.92,32.21,210600,32.21
2014-03-27,32.04,32.95,31.04,32.12,387000,32.12
2014-03-26,32.90,33.13,31.76,32.06,673200,32.06
2014-03-25,33.24,33.37,32.21,32.85,678400,32.85
2014-03-24,34.40,34.40,32.54,33.12,709900,33.12
2014-03-21,35.28,35.30,34.29,34.40,526200,34.40
2014-03-20,35.12,35.66,34.65,35.02,434600,35.02
2014-03-19,35.96,35.96,34.87,35.06,637500,35.06
2014-03-18,36.10,36.76,35.74,36.06,217400,36.06
2014-03-17,35.58,36.32,35.39,36.14,211500,36.14
2014-03-14,34.95,35.70,34.88,35.57,704400,35.57
2014-03-13,34.54,35.50,34.21,35.08,683200,35.08
2014-03-12,35.33,35.50,34.14,34.58,401500,34.58
2014-03-11,34.65,35.50,34.34,35.20,565200,35.20
2014-03-10,34.90,35.24,34.22,34.71,234200,34.71
2014-03-07,35.42,35.45,34.33,34.97,553100,34.97
2014-03-06,35.15,35.42,33.66,35.15,890700,35.15
2014-03-05,36.59,36.74,33.19,35.20,1108300,35.20
2014-03-04,36.60,37.38,35.79,36.60,544600,36.60
2014-03-03,36.73,36.99,36.11,36.39,126700,36.39
2014-02-28,37.27,37.49,36.74,36.95,309400,36.95
2014-02-27,37.27,37.75,37.00,37.15,285700,37.15
2014-02-26,36.15,37.75,35.55,37.37,546600,37.37
2014-02-25,37.08,38.58,35.60,36.23,1031300,36.23
2014-02-24,36.80,37.25,35.32,37.20,766100,37.20
2014-02-21,34.25,36.86,33.54,36.47,5646600,36.47
2014-02-20,40.45,40.68,39.70,39.95,644100,39.95
2014-02-19,41.77,42.01,40.20,40.32,423900,40.32
2014-02-18,39.25,42.12,38.80,41.80,331100,41.80
2014-02-14,38.91,39.48,38.54,39.38,150700,39.38
2014-02-13,37.97,38.92,37.73,38.80,293100,38.80
2014-02-12,38.41,39.07,37.89,38.04,240100,38.04
2014-02-11,38.52,39.12,38.24,38.35,244100,38.35
2014-02-10,39.81,39.81,38.11,38.50,313900,38.50
2014-02-07,39.14,40.68,38.81,39.71,140500,39.71
2014-02-06,38.48,39.77,38.38,39.11,187300,39.11
2014-02-05,39.02,39.36,37.99,38.47,134200,38.47
2014-02-04,39.68,39.92,38.37,39.08,212000,39.08
2014-02-03,40.13,40.80,39.49,39.55,353000,39.55
2014-01-31,39.20,40.53,39.20,40.01,155700,40.01
2014-01-30,39.69,39.98,38.54,39.82,182600,39.82
2014-01-29,38.98,39.68,38.69,39.48,189300,39.48
2014-01-28,40.13,40.40,38.81,39.19,452200,39.19
2014-01-27,38.68,40.45,37.83,39.99,526900,39.99
2014-01-24,37.23,39.46,36.71,38.71,545500,38.71
2014-01-23,38.81,38.81,37.03,37.51,245600,37.51
2014-01-22,38.63,39.07,38.03,38.96,126600,38.96
2014-01-21,38.31,39.96,37.54,38.64,434900,38.64
2014-01-17,39.34,39.60,37.86,38.30,333300,38.30
2014-01-16,39.73,40.28,38.81,39.11,258400,39.11
2014-01-15,41.43,41.68,38.84,39.57,363300,39.57
2014-01-14,40.67,42.25,40.26,41.57,361200,41.57
2014-01-13,42.50,42.50,38.66,40.16,564400,40.16
2014-01-10,40.97,42.74,40.85,42.52,364800,42.52
2014-01-09,42.32,42.45,40.28,40.83,291100,40.83
2014-01-08,43.21,43.55,42.23,42.29,163000,42.29
2014-01-07,43.97,44.52,42.41,43.13,253300,43.13
2014-01-06,43.50,44.24,43.15,43.66,254900,43.66
2014-01-03,43.35,43.35,42.76,43.23,188300,43.23
2014-01-02,43.26,43.64,42.54,43.41,230000,43.41
2013-12-31,42.46,43.46,41.92,43.25,179000,43.25
2013-12-30,42.71,43.17,41.78,42.47,216100,42.47
2013-12-27,42.90,43.33,42.40,42.85,237900,42.85
2013-12-26,42.16,43.00,41.98,42.88,379500,42.88
2013-12-24,41.70,42.26,41.00,42.08,125000,42.08
2013-12-23,41.68,42.08,39.97,41.92,628200,41.92
2013-12-20,38.08,41.96,38.05,41.67,861600,41.67
2013-12-19,36.69,37.55,35.80,37.48,250200,37.48
2013-12-18,36.57,37.34,36.41,36.99,167200,36.99
2013-12-17,37.53,37.54,36.42,36.64,105100,36.64
2013-12-16,36.92,37.89,36.57,37.62,186900,37.62
2013-12-13,37.20,37.33,36.48,36.99,181400,36.99
2013-12-12,36.28,37.30,35.63,37.15,131300,37.15
2013-12-11,37.08,37.73,35.92,36.14,264800,36.14
2013-12-10,37.96,38.64,36.19,37.14,389400,37.14
2013-12-09,38.12,38.23,37.91,38.08,262600,38.08
2013-12-06,37.42,38.35,37.19,38.13,178300,38.13
2013-12-05,37.42,37.97,36.74,37.07,200000,37.07
2013-12-04,36.73,37.78,35.93,37.59,252600,37.59
2013-12-03,36.71,37.10,35.95,36.71,423900,36.71
2013-12-02,38.75,39.16,35.99,36.73,569700,36.73
2013-11-29,39.17,39.58,38.33,38.70,142400,38.70
2013-11-27,37.80,39.00,37.44,38.80,280200,38.80
2013-11-26,37.94,38.11,37.42,37.75,375900,37.75
2013-11-25,37.96,38.47,37.63,37.78,222200,37.78
2013-11-22,38.74,38.74,37.99,38.05,280800,38.05
2013-11-21,38.84,38.90,38.20,38.61,207700,38.61
2013-11-20,39.00,39.41,38.43,38.71,178500,38.71
2013-11-19,39.13,39.53,38.53,39.00,224000,39.00
2013-11-18,40.11,41.00,39.00,39.21,673400,39.21
2013-11-15,37.84,40.19,37.84,39.71,891400,39.71
2013-11-14,36.89,38.85,36.85,37.97,392700,37.97
2013-11-13,35.71,37.49,35.71,37.11,374600,37.11
2013-11-12,35.88,36.00,35.29,35.99,375700,35.99
2013-11-11,35.84,36.04,35.22,36.00,337300,36.00
2013-11-08,37.44,38.49,35.85,36.03,832000,36.03
2013-11-07,37.44,40.50,35.65,37.50,3160400,37.50
2013-11-06,31.54,33.05,31.54,32.44,1145800,32.44
2013-11-05,31.35,31.96,31.09,31.62,761800,31.62
2013-11-04,31.02,31.84,30.98,31.67,453300,31.67
2013-11-01,31.74,31.97,30.61,30.98,496900,30.98
2013-10-31,30.98,32.48,30.83,31.75,647500,31.75
2013-10-30,32.27,32.51,30.97,31.04,662100,31.04
2013-10-29,32.87,33.34,32.08,32.33,607400,32.33
2013-10-28,33.85,33.92,32.76,32.90,520300,32.90
2013-10-25,34.71,35.16,33.76,33.94,385600,33.94
2013-10-24,34.15,35.51,34.09,34.76,275400,34.76
2013-10-23,35.53,36.23,33.91,34.21,890600,34.21
2013-10-22,37.12,37.46,35.58,35.69,424100,35.69
2013-10-21,38.73,38.76,36.85,37.12,488200,37.12
2013-10-18,37.65,39.15,37.65,38.71,826300,38.71
2013-10-17,36.60,38.13,36.32,37.65,988400,37.65
2013-10-16,35.25,37.25,35.25,36.82,1497600,36.82
2013-10-15,34.15,35.29,34.02,34.75,711300,34.75
2013-10-14,34.44,34.60,34.20,34.46,296100,34.46
2013-10-11,33.87,34.75,33.50,34.61,704700,34.61
2013-10-10,34.13,34.45,33.49,33.98,610200,33.98
2013-10-09,32.40,34.90,32.40,34.14,1244200,34.14
2013-10-08,32.50,32.91,29.92,32.40,1789800,32.40
2013-10-07,32.66,33.13,32.50,32.54,444900,32.54
2013-10-04,33.13,34.02,32.64,32.80,1134100,32.80
2013-10-03,33.47,34.36,32.31,33.60,1877500,33.60
2013-10-02,35.39,35.85,32.64,32.80,2578900,32.80
2013-10-01,37.52,37.72,35.25,35.65,1055300,35.65
2013-09-30,37.69,38.26,37.10,37.55,486800,37.55
2013-09-27,37.79,38.72,37.69,38.13,593600,38.13
2013-09-26,38.77,39.00,37.62,37.94,339000,37.94
2013-09-25,38.86,39.50,38.47,38.82,698800,38.82
2013-09-24,38.23,40.70,38.11,39.13,798300,39.13
2013-09-23,38.63,38.99,37.15,38.31,1149100,38.31
2013-09-20,40.51,41.00,37.91,38.89,2739200,38.89
2013-09-19,45.93,45.93,36.26,38.39,6203200,38.39
2013-09-18,47.08,47.13,45.00,45.54,4905900,45.54
2013-09-17,44.96,48.97,44.82,48.05,496600,48.05
2013-09-16,45.52,46.26,45.00,45.42,241000,45.42
2013-09-13,46.48,46.77,45.53,45.78,323500,45.78
2013-09-12,48.42,48.42,46.78,46.79,214700,46.79
2013-09-11,48.01,48.89,47.78,47.96,228500,47.96
2013-09-10,49.96,50.19,47.02,48.11,405000,48.11
2013-09-09,50.60,51.17,49.40,49.83,163000,49.83
2013-09-06,51.14,52.28,50.78,50.86,207200,50.86
2013-09-05,50.28,51.65,50.28,51.13,271300,51.13
2013-09-04,49.99,50.53,49.75,50.40,295800,50.40
2013-09-03,49.54,50.45,48.71,50.00,445900,50.00
2013-08-30,47.81,50.11,47.31,49.45,462100,49.45
2013-08-29,45.11,48.09,44.95,47.69,327500,47.69
2013-08-28,44.47,46.40,43.74,45.09,167300,45.09
2013-08-27,44.52,45.17,43.85,44.50,198300,44.50
2013-08-26,44.42,46.02,44.15,44.74,225800,44.74
2013-08-23,43.23,44.72,43.22,44.27,271800,44.27
2013-08-22,42.75,43.42,42.19,42.99,150000,42.99
2013-08-21,41.66,43.07,41.34,42.74,182700,42.74
2013-08-20,40.30,41.87,39.50,41.70,253200,41.70
2013-08-19,40.44,41.88,39.72,39.84,589200,39.84
2013-08-16,41.15,41.18,40.04,40.31,126000,40.31
2013-08-15,39.97,41.84,39.78,41.36,132200,41.36
2013-08-14,42.15,42.30,41.10,41.16,149600,41.16
2013-08-13,41.98,42.15,40.59,42.02,216000,42.02
2013-08-12,42.13,43.38,41.74,42.09,135300,42.09
2013-08-09,42.52,42.52,41.02,42.16,384100,42.16
2013-08-08,43.98,46.20,42.33,42.68,1256600,42.68
2013-08-07,40.30,40.49,39.47,39.78,160400,39.78
2013-08-06,39.82,40.59,38.83,40.48,167700,40.48
2013-08-05,39.18,41.76,39.00,39.68,405800,39.68
2013-08-02,38.56,39.93,38.25,39.28,144800,39.28
2013-08-01,37.84,38.70,37.50,38.54,452100,38.54
2013-07-31,37.55,37.90,37.36,37.66,369500,37.66
2013-07-30,37.39,37.85,37.25,37.45,218900,37.45
2013-07-29,38.80,38.85,37.14,37.38,353200,37.38
2013-07-26,38.15,39.95,37.63,39.21,537200,39.21
2013-07-25,34.86,38.39,34.86,38.15,4277300,38.15
2013-07-24,32.35,34.43,32.35,33.67,255000,33.67
2013-07-23,33.69,33.80,32.17,32.17,243900,32.17
2013-07-22,33.59,34.19,33.25,34.15,136200,34.15
2013-07-19,33.50,33.83,33.19,33.63,116400,33.63
2013-07-18,33.14,35.87,32.95,33.50,90400,33.50
2013-07-17,32.63,33.36,32.60,33.14,89700,33.14
2013-07-16,33.11,33.29,32.00,32.49,202300,32.49
2013-07-15,33.05,33.84,32.91,33.02,129100,33.02
2013-07-12,33.45,33.89,33.28,33.32,117700,33.32
2013-07-11,34.19,34.19,33.09,33.50,125700,33.50
2013-07-10,32.79,33.96,32.67,33.86,77500,33.86
2013-07-09,33.98,34.23,32.80,32.89,185500,32.89
2013-07-08,33.18,33.98,33.18,33.93,171500,33.93
2013-07-05,32.80,33.43,32.59,33.01,70500,33.01
2013-07-03,31.56,32.83,31.56,32.79,60200,32.79
2013-07-02,31.90,32.03,30.88,32.01,249200,32.01
2013-07-01,33.05,33.05,31.82,31.91,445400,31.91
2013-06-28,33.97,34.28,32.53,33.23,770200,33.23
2013-06-27,32.84,34.72,32.77,33.99,280000,33.99
2013-06-26,32.22,32.99,32.22,32.72,231000,32.72
2013-06-25,33.45,33.85,31.93,32.28,235500,32.28
2013-06-24,30.21,33.96,30.12,33.24,325400,33.24
2013-06-21,31.15,31.15,29.69,30.37,319800,30.37
2013-06-20,32.23,32.34,31.04,31.10,135100,31.10
2013-06-19,32.07,32.76,31.91,32.58,129200,32.58
2013-06-18,32.09,32.09,31.80,32.00,147400,32.00
2013-06-17,31.09,32.10,30.91,31.94,199000,31.94
2013-06-14,30.73,31.13,30.73,30.90,118900,30.90
2013-06-13,31.44,31.44,30.81,30.83,118200,30.83
2013-06-12,31.43,31.56,31.18,31.25,83800,31.25
2013-06-11,31.17,31.48,31.03,31.40,78100,31.40
2013-06-10,31.50,31.61,31.24,31.44,178300,31.44
2013-06-07,30.52,31.48,30.39,31.44,135500,31.44
2013-06-06,30.26,30.65,30.09,30.62,78700,30.62
2013-06-05,30.00,30.41,29.69,30.21,173000,30.21
2013-06-04,30.00,30.33,29.81,30.12,128500,30.12
2013-06-03,29.76,30.00,29.44,29.95,130300,29.95
2013-05-31,30.25,30.44,29.72,29.75,172900,29.75
2013-05-30,29.98,30.87,29.98,30.47,169600,30.47
2013-05-29,29.95,30.38,29.81,29.91,113600,29.91
2013-05-28,29.73,30.13,29.12,30.08,205400,30.08
2013-05-24,28.90,30.08,28.84,29.74,374500,29.74
2013-05-23,27.92,29.23,27.70,29.22,211000,29.22
2013-05-22,27.60,28.64,27.60,28.15,230700,28.15
2013-05-21,25.58,28.06,25.56,27.65,201900,27.65
2013-05-20,24.99,25.97,24.99,25.62,118600,25.62
2013-05-17,24.68,25.28,24.68,25.02,161400,25.02
2013-05-16,24.90,24.96,24.65,24.75,89800,24.75
2013-05-15,24.31,25.42,24.31,25.02,172400,25.02
2013-05-14,24.69,24.82,24.15,24.47,577900,24.47
2013-05-13,24.72,24.79,24.31,24.63,310000,24.63
2013-05-10,24.33,25.09,24.02,25.04,209800,25.04
2013-05-09,25.50,25.71,24.32,24.42,358700,24.42
2013-05-08,24.61,24.61,24.35,24.47,125700,24.47
2013-05-07,24.39,24.70,24.32,24.66,111600,24.66
2013-05-06,24.24,24.45,24.02,24.43,99500,24.43
2013-05-03,23.29,24.37,23.23,24.26,186300,24.26
2013-05-02,22.76,23.29,22.75,23.20,153000,23.20
2013-05-01,23.40,23.59,22.52,22.76,173700,22.76
2013-04-30,22.30,23.50,22.30,23.47,563100,23.47
2013-04-29,22.75,22.83,22.43,22.50,267000,22.50
2013-04-26,22.65,22.98,22.32,22.66,256000,22.66
2013-04-25,22.50,22.98,22.37,22.79,257200,22.79
2013-04-24,22.56,22.56,22.21,22.46,148000,22.46
2013-04-23,22.73,22.81,22.50,22.55,152500,22.55
2013-04-22,22.62,23.03,22.42,22.70,287000,22.70
2013-04-19,22.28,22.65,22.20,22.59,184800,22.59
2013-04-18,22.74,22.78,22.18,22.28,131200,22.28
2013-04-17,22.95,22.99,21.14,22.66,581600,22.66
2013-04-16,22.84,22.99,22.34,22.98,212900,22.98
2013-04-15,23.32,23.33,22.54,22.68,145100,22.68
2013-04-12,23.91,23.91,23.27,23.50,125800,23.50
2013-04-11,24.33,24.33,23.92,23.95,68400,23.95
2013-04-10,24.84,24.89,24.22,24.31,530700,24.31
2013-04-09,24.22,24.82,24.11,24.67,615800,24.67
2013-04-08,24.18,24.25,23.98,24.20,205700,24.20
2013-04-05,24.03,24.32,23.79,24.18,136500,24.18
2013-04-04,23.76,24.27,23.70,24.25,197900,24.25
2013-04-03,23.50,24.12,23.32,23.76,153800,23.76
2013-04-02,23.91,24.00,23.25,23.98,181800,23.98
2013-04-01,24.26,24.31,23.74,23.95,204300,23.95
2013-03-28,24.26,24.30,23.96,24.25,57100,24.25
2013-03-27,24.38,24.58,23.98,24.21,245400,24.21
2013-03-26,23.99,24.90,23.88,24.47,128800,24.47
2013-03-25,24.11,24.55,23.34,23.89,332500,23.89
2013-03-22,24.74,24.74,24.01,24.11,91000,24.11
2013-03-21,24.72,24.97,24.57,24.76,141700,24.76
2013-03-20,24.69,25.12,24.41,24.75,436400,24.75
2013-03-19,23.90,24.78,23.80,24.64,409800,24.64
2013-03-18,23.54,24.39,23.53,23.89,262800,23.89
2013-03-15,23.85,24.12,23.64,23.66,113400,23.66
2013-03-14,23.75,24.04,23.61,23.80,124900,23.80
2013-03-13,23.76,24.04,23.68,23.72,116600,23.72
2013-03-12,24.00,24.02,23.54,23.74,174300,23.74
2013-03-11,23.63,24.05,23.60,24.01,122400,24.01
2013-03-08,24.30,24.40,23.52,23.79,276600,23.79
2013-03-07,24.35,24.36,23.50,24.26,829600,24.26
2013-03-06,24.72,24.93,24.17,24.44,134200,24.44
2013-03-05,23.45,24.74,23.44,24.73,229900,24.73
2013-03-04,23.34,23.71,22.95,23.53,163100,23.53
2013-03-01,23.75,23.85,23.12,23.31,180900,23.31
2013-02-28,24.09,24.09,23.66,23.75,228900,23.75
2013-02-27,24.18,24.23,23.99,24.16,193100,24.16
2013-02-26,24.27,24.34,24.01,24.16,267700,24.16
2013-02-25,24.53,24.74,24.20,24.28,201800,24.28
2013-02-22,24.51,24.76,24.08,24.56,201400,24.56
2013-02-21,25.09,25.09,23.41,24.51,365300,24.51
2013-02-20,24.60,24.97,24.52,24.72,221400,24.72
2013-02-19,24.59,24.82,24.12,24.55,210800,24.55
2013-02-15,24.81,24.92,24.59,24.62,54000,24.62
2013-02-14,24.92,24.98,24.74,24.80,142400,24.80
2013-02-13,25.02,25.04,24.62,24.80,150900,24.80
2013-02-12,24.95,25.17,24.81,25.11,68000,25.11
2013-02-11,24.87,25.06,24.65,24.97,96900,24.97
2013-02-08,24.49,24.72,24.49,24.67,20600,24.67
2013-02-07,24.60,24.75,24.48,24.53,194500,24.53
2013-02-06,24.76,24.80,24.52,24.75,102100,24.75
2013-02-05,24.92,24.92,24.44,24.80,200100,24.80
2013-02-04,25.00,25.15,24.85,24.96,107300,24.96
2013-02-01,25.00,25.20,24.92,25.13,539300,25.13
2013-01-31,25.60,25.72,24.75,25.07,3785200,25.07
2013-01-30,26.65,27.10,25.50,26.11,197900,26.11
2013-01-29,26.59,27.25,26.45,26.78,75300,26.78
2013-01-28,26.07,26.70,25.86,26.44,71900,26.44
2013-01-25,26.63,26.96,25.98,26.12,59000,26.12
2013-01-24,27.16,27.25,26.36,26.45,22500,26.45
2013-01-23,26.36,27.45,26.36,27.20,36400,27.20
2013-01-22,25.95,26.66,25.15,26.35,85500,26.35
2013-01-18,26.40,26.62,26.20,26.41,35000,26.41
2013-01-17,26.29,26.52,26.12,26.33,30800,26.33
2013-01-16,26.39,26.59,26.06,26.20,41000,26.20
2013-01-15,25.98,26.89,25.59,26.44,42300,26.44
2013-01-14,26.02,26.25,25.94,26.04,14400,26.04
2013-01-11,26.54,26.54,26.00,26.01,24400,26.01
2013-01-10,26.01,26.66,25.64,26.42,41200,26.42
2013-01-09,25.83,27.42,25.83,26.01,70400,26.01
2013-01-08,24.99,25.85,24.99,25.69,51900,25.69
2013-01-07,25.22,25.76,24.78,25.07,58400,25.07
2013-01-04,24.96,25.43,24.96,25.26,42600,25.26
2013-01-03,25.01,25.25,24.68,24.82,37900,24.82
2013-01-02,25.20,25.40,24.62,24.93,89300,24.93
2012-12-31,24.00,25.18,23.99,25.16,167700,25.16
2012-12-28,23.25,24.04,23.21,24.01,66300,24.01
2012-12-27,22.64,23.50,22.62,23.29,82300,23.29
2012-12-26,22.80,22.95,22.41,22.69,49800,22.69
2012-12-24,22.99,23.21,22.61,22.88,37100,22.88
2012-12-21,23.25,23.25,21.86,22.81,837500,22.81
2012-12-20,24.38,24.46,23.63,23.71,86800,23.71
2012-12-19,22.99,24.43,22.99,24.07,132300,24.07
2012-12-18,20.38,23.20,20.38,22.84,109500,22.84
2012-12-17,20.01,20.49,19.91,20.26,32300,20.26
2012-12-14,19.79,20.98,19.77,19.96,96800,19.96
2012-12-13,19.92,20.34,19.81,19.89,65400,19.89
2012-12-12,19.76,20.44,19.72,19.92,92100,19.92
2012-12-11,19.82,20.07,19.20,19.63,203100,19.63
2012-12-10,20.72,20.72,19.56,19.81,184200,19.81
2012-12-07,21.40,21.42,20.21,20.75,48800,20.75
2012-12-06,21.22,21.68,21.12,21.32,12800,21.32
2012-12-05,21.51,21.51,20.88,21.25,63700,21.25
2012-12-04,21.96,22.00,21.03,21.44,33100,21.44
2012-12-03,21.91,22.06,21.90,21.95,11300,21.95
2012-11-30,22.16,22.38,21.25,21.78,60200,21.78
2012-11-29,22.40,22.43,21.94,22.00,20900,22.00
2012-11-28,21.81,22.40,20.46,22.10,73600,22.10
2012-11-27,21.43,22.14,21.43,21.81,61100,21.81
2012-11-26,21.59,21.66,21.21,21.35,5300,21.35
2012-11-23,21.53,21.78,21.53,21.76,1600,21.76
2012-11-21,21.52,21.60,21.40,21.44,29800,21.44
2012-11-20,21.40,21.60,21.02,21.59,70700,21.59
2012-11-19,21.50,21.67,21.40,21.53,29800,21.53
2012-11-16,21.80,21.80,20.92,21.51,42600,21.51
2012-11-15,21.98,21.99,21.70,21.79,94000,21.79
2012-11-14,21.96,22.46,21.78,21.87,56000,21.87
2012-11-13,21.75,21.88,21.51,21.80,12200,21.80
2012-11-12,21.78,21.86,21.42,21.66,36200,21.66
2012-11-09,22.50,22.56,20.46,21.70,425600,21.70
2012-11-08,21.50,21.84,21.17,21.71,55600,21.71
2012-11-07,21.41,21.63,21.16,21.50,55700,21.50
2012-11-06,22.35,22.54,21.39,21.59,50500,21.59
2012-11-05,21.38,22.47,21.00,22.03,85300,22.03
2012-11-02,21.25,21.59,21.25,21.46,53000,21.46
2012-11-01,21.91,22.00,21.50,21.79,47900,21.79
2012-10-31,21.55,21.75,20.65,21.69,82000,21.69
2012-10-26,21.33,21.50,21.23,21.40,66200,21.40
2012-10-25,21.20,21.42,20.91,21.33,136400,21.33
2012-10-24,21.89,22.48,21.05,21.15,73100,21.15
2012-10-23,21.22,21.42,21.20,21.29,108000,21.29
2012-10-22,21.85,21.85,21.42,21.49,116500,21.49
2012-10-19,21.39,21.77,21.39,21.75,55700,21.75
2012-10-18,21.55,21.64,21.15,21.55,96600,21.55
2012-10-17,21.77,22.01,21.45,21.55,104200,21.55
2012-10-16,21.20,21.84,21.20,21.60,104500,21.60
2012-10-15,21.75,21.88,21.40,21.50,168900,21.50
2012-10-12,21.84,22.05,21.02,21.49,347500,21.49
2012-10-11,21.70,22.00,21.43,21.90,121800,21.90
2012-10-10,21.84,21.91,21.00,21.73,229000,21.73
2012-10-09,22.01,22.20,21.66,21.90,440800,21.90
