Date,Open,High,Low,Close,Volume,Adj Close
2014-11-18,26.09,26.44,26.07,26.44,9900,26.44
2014-11-17,26.63,26.73,26.08,26.09,5200,26.09
2014-11-14,27.02,27.15,26.44,26.73,7000,26.73
2014-11-13,27.25,27.53,26.83,27.05,13500,27.05
2014-11-12,26.93,27.33,26.42,27.30,11700,27.30
2014-11-11,27.18,27.29,26.78,27.26,14100,27.26
2014-11-10,26.85,27.35,26.85,27.30,10600,27.30
2014-11-07,27.34,27.34,26.77,27.15,4800,27.15
2014-11-06,26.63,27.68,26.19,27.26,23700,27.26
2014-11-05,26.20,26.72,26.20,26.67,11200,26.67
2014-11-04,26.36,26.59,26.10,26.22,5300,26.22
2014-11-03,26.86,26.86,26.14,26.30,15100,26.30
2014-10-31,26.51,26.89,25.50,26.68,22800,26.68
2014-10-30,25.25,26.39,24.20,26.26,21800,26.26
2014-10-29,24.48,25.41,24.48,25.24,10700,25.24
2014-10-28,23.98,24.81,23.98,24.81,14500,24.81
2014-10-27,24.60,24.60,24.20,24.20,5900,24.20
2014-10-24,24.57,24.74,24.07,24.43,8700,24.43
2014-10-23,24.24,24.68,23.74,24.55,11400,24.55
2014-10-22,24.31,24.81,24.01,24.01,17900,24.01
2014-10-21,24.29,24.70,24.29,24.68,6500,24.68
2014-10-20,24.26,24.78,24.21,24.63,14500,24.63
2014-10-17,24.81,24.81,24.42,24.71,13500,24.71
2014-10-16,23.91,24.81,23.91,24.75,13800,24.75
2014-10-15,24.33,24.94,23.23,24.10,22200,24.10
2014-10-14,24.06,24.86,23.97,24.66,28100,24.66
2014-10-13,23.80,24.12,23.61,23.93,14800,23.93
2014-10-10,23.39,24.00,23.37,23.60,11800,23.60
2014-10-09,23.58,23.81,23.51,23.51,7300,23.51
2014-10-08,23.26,24.13,23.11,23.90,16600,23.90
2014-10-07,23.34,23.53,23.11,23.22,11600,23.22
2014-10-06,23.58,23.72,23.41,23.41,3200,23.41
2014-10-03,23.46,23.69,23.40,23.56,6300,23.56
2014-10-02,23.35,23.35,22.89,23.34,12900,23.34
2014-10-01,22.76,23.13,22.73,22.74,12300,22.74
2014-09-30,23.20,23.21,23.00,23.01,14000,23.01
2014-09-29,23.22,23.37,23.10,23.23,7100,23.23
2014-09-26,23.25,23.34,23.25,23.34,7200,23.34
2014-09-25,23.36,23.48,23.23,23.24,7400,23.24
2014-09-24,23.84,23.84,23.31,23.46,7200,23.46
2014-09-23,23.80,23.80,23.28,23.28,9800,23.28
2014-09-22,23.68,24.08,23.55,23.58,8700,23.58
2014-09-19,23.83,23.96,23.68,23.68,65300,23.68
2014-09-18,23.79,23.97,23.75,23.78,4900,23.78
2014-09-17,23.70,23.90,23.70,23.71,6700,23.71
2014-09-16,24.12,24.12,23.75,23.77,6600,23.77
2014-09-15,24.00,24.00,23.76,23.78,8700,23.78
2014-09-12,24.14,24.17,23.77,23.89,6600,23.89
2014-09-11,23.78,24.10,23.78,24.09,9200,24.09
2014-09-10,23.77,24.02,23.76,24.02,8800,24.02
2014-09-09,23.80,23.93,23.75,23.80,8200,23.80
2014-09-08,23.91,24.00,23.85,23.94,8700,23.94
2014-09-05,23.87,23.96,23.81,23.85,8100,23.85
2014-09-04,24.03,24.08,23.85,23.85,4200,23.85
2014-09-03,24.14,24.44,23.85,23.95,4900,23.95
2014-09-02,23.95,24.14,23.85,24.11,4300,24.11
2014-08-29,23.86,24.00,23.75,23.78,5200,23.78
2014-08-28,24.14,24.14,23.77,23.86,7900,23.86
2014-08-27,24.18,24.18,23.87,24.01,9400,24.01
2014-08-26,23.83,24.05,23.75,24.01,8500,23.87
2014-08-25,23.82,23.87,23.65,23.86,5900,23.72
2014-08-22,23.67,24.28,23.67,23.79,5800,23.65
2014-08-21,23.80,23.84,23.65,23.77,7100,23.63
2014-08-20,23.80,23.85,23.69,23.76,7600,23.62
2014-08-19,23.85,23.90,23.72,23.82,7500,23.68
2014-08-18,23.85,23.85,23.70,23.79,10300,23.65
2014-08-15,24.07,24.07,23.60,23.70,19100,23.56
2014-08-14,23.86,23.98,23.80,23.81,4400,23.67
2014-08-13,23.89,24.05,23.86,23.87,6500,23.73
2014-08-12,24.43,24.43,23.87,23.87,8100,23.73
2014-08-11,24.43,24.44,24.10,24.23,8200,24.08
2014-08-08,24.19,24.34,24.10,24.31,9400,24.16
2014-08-07,24.31,24.41,24.01,24.21,9000,24.06
2014-08-06,23.80,24.38,23.71,24.17,7100,24.02
2014-08-05,23.65,23.98,23.60,23.80,6200,23.66
2014-08-04,23.68,23.97,23.63,23.69,76400,23.55
2014-08-01,23.61,23.74,23.50,23.50,13200,23.36
2014-07-31,23.56,23.59,23.45,23.50,12900,23.36
2014-07-30,23.65,23.86,23.53,23.64,5700,23.50
2014-07-29,23.60,23.81,23.50,23.50,5600,23.36
2014-07-28,23.39,23.70,23.27,23.49,13100,23.35
2014-07-25,23.40,23.60,23.36,23.36,8700,23.22
2014-07-24,23.65,23.65,23.30,23.41,11500,23.27
2014-07-23,23.54,23.65,23.50,23.60,6600,23.46
2014-07-22,23.53,23.54,23.40,23.47,8600,23.33
2014-07-21,23.59,23.59,23.52,23.54,4600,23.40
2014-07-18,23.00,23.70,23.00,23.68,13200,23.54
2014-07-17,23.35,23.67,23.08,23.08,9500,22.94
2014-07-16,23.71,23.71,23.43,23.43,10200,23.29
2014-07-15,23.74,23.74,23.50,23.51,7100,23.37
2014-07-14,23.79,23.79,23.55,23.72,13400,23.58
2014-07-11,23.55,23.63,23.50,23.59,14000,23.45
2014-07-10,23.65,23.65,23.51,23.57,10400,23.43
2014-07-09,23.90,23.90,23.76,23.76,3100,23.62
2014-07-08,23.90,24.00,23.75,23.76,6100,23.62
2014-07-07,24.36,24.46,24.01,24.06,13800,23.91
2014-07-03,24.46,24.95,24.39,24.66,6600,24.51
2014-07-02,24.41,24.60,24.37,24.39,5900,24.24
2014-07-01,23.97,24.60,23.97,24.41,26700,24.26
2014-06-30,23.83,24.00,23.69,23.99,10800,23.85
2014-06-27,24.12,24.20,23.57,24.00,44300,23.86
2014-06-26,24.06,24.15,23.92,24.06,19000,23.91
2014-06-25,23.90,24.10,23.71,24.06,12800,23.91
2014-06-24,24.00,24.10,23.88,24.02,11000,23.87
2014-06-23,24.00,24.05,23.84,23.92,6200,23.78
2014-06-20,24.00,24.00,23.91,24.00,40300,23.86
2014-06-19,23.99,24.10,23.51,24.04,26600,23.89
2014-06-18,23.90,24.00,23.71,24.00,6900,23.86
2014-06-17,23.55,23.99,23.53,23.99,12900,23.85
2014-06-16,24.06,24.20,23.38,23.38,17100,23.24
2014-06-13,24.00,24.00,23.67,23.80,6900,23.66
2014-06-12,24.04,24.04,23.81,23.87,4900,23.73
2014-06-11,24.35,24.49,23.96,24.17,10100,24.02
2014-06-10,24.21,24.25,24.06,24.18,13800,24.03
2014-06-09,24.18,24.40,24.18,24.40,10400,24.25
2014-06-06,24.00,24.48,23.91,24.35,23000,24.20
2014-06-05,23.46,24.00,23.30,23.99,17900,23.85
2014-06-04,23.39,23.42,23.20,23.22,9300,23.08
2014-06-03,23.44,23.50,23.28,23.35,20600,23.21
2014-06-02,23.54,23.75,23.35,23.50,17200,23.36
2014-05-30,23.60,23.70,23.59,23.59,15300,23.45
2014-05-29,23.66,23.66,23.59,23.63,7500,23.49
2014-05-28,23.43,23.65,23.43,23.58,11100,23.44
2014-05-27,23.49,23.86,23.49,23.55,10000,23.26
2014-05-23,23.26,23.35,23.07,23.35,12300,23.07
2014-05-22,23.49,23.49,23.15,23.16,9500,22.88
2014-05-21,22.87,23.05,22.76,23.00,23700,22.72
2014-05-20,23.20,23.20,22.50,22.81,58000,22.53
2014-05-19,23.38,23.54,23.00,23.24,17400,22.96
2014-05-16,23.07,23.07,22.81,23.03,10300,22.75
2014-05-15,23.28,23.51,22.81,23.05,22800,22.77
2014-05-14,24.03,24.03,23.31,23.32,12300,23.04
2014-05-13,24.28,24.28,24.08,24.08,18500,23.79
2014-05-12,24.20,24.50,24.13,24.30,39200,24.00
2014-05-09,23.81,24.50,23.81,24.20,10700,23.91
2014-05-08,24.10,24.34,23.84,23.87,14700,23.58
2014-05-07,24.03,24.50,23.86,24.00,15100,23.71
2014-05-06,24.47,24.47,23.87,23.93,11900,23.64
2014-05-05,24.63,24.75,24.33,24.42,43700,24.12
2014-05-02,24.75,24.75,24.50,24.63,18200,24.33
2014-05-01,24.75,25.00,24.50,24.75,62500,24.45
2014-04-30,24.72,24.75,24.52,24.63,14100,24.33
2014-04-29,24.21,24.76,24.21,24.66,9800,24.36
2014-04-28,24.58,24.78,23.72,23.98,7400,23.69
2014-04-25,24.51,24.74,24.36,24.41,10800,24.11
2014-04-24,24.50,24.90,24.50,24.62,3900,24.32
2014-04-23,25.00,25.00,24.65,24.74,20200,24.44
2014-04-22,24.93,25.13,24.85,24.98,17000,24.68
2014-04-21,25.04,25.05,24.91,24.94,4200,24.64
2014-04-17,24.95,25.08,24.90,24.98,3400,24.68
2014-04-16,25.01,25.13,25.01,25.01,5800,24.71
2014-04-15,25.21,25.21,24.97,25.09,8900,24.78
2014-04-14,25.19,25.32,25.04,25.06,7700,24.76
2014-04-11,24.97,25.33,24.97,25.00,10600,24.70
2014-04-10,25.32,25.32,25.03,25.03,13500,24.73
2014-04-09,25.15,25.34,25.15,25.27,7400,24.96
2014-04-08,26.16,26.16,25.10,25.15,6900,24.84
2014-04-07,25.16,25.25,24.97,25.01,9200,24.71
2014-04-04,26.06,26.06,25.15,25.16,10600,24.85
2014-04-03,26.18,26.18,25.86,25.86,2200,25.55
2014-04-02,25.80,26.15,25.80,25.98,2800,25.66
2014-04-01,25.17,26.14,25.17,25.94,5400,25.62
2014-03-31,24.86,25.25,24.84,25.24,12900,24.93
2014-03-28,24.90,25.18,24.80,24.80,5800,24.50
2014-03-27,24.78,25.00,24.74,24.93,5500,24.63
2014-03-26,25.17,25.17,24.79,24.84,8400,24.54
2014-03-25,25.00,25.15,24.99,24.99,2600,24.69
2014-03-24,25.35,25.35,25.01,25.03,6700,24.73
2014-03-21,25.41,25.56,25.17,25.46,11200,25.15
2014-03-20,25.21,25.70,25.18,25.34,5900,25.03
2014-03-19,24.88,25.23,24.88,25.23,2900,24.92
2014-03-18,25.34,25.41,24.32,25.23,3400,24.92
2014-03-17,25.35,25.60,25.21,25.31,17300,25.00
2014-03-14,25.13,25.25,25.10,25.20,2700,24.89
2014-03-13,25.09,25.24,24.83,25.08,10300,24.78
2014-03-12,25.80,25.80,25.10,25.25,14600,24.94
2014-03-11,26.22,26.30,25.96,25.98,2300,25.66
2014-03-10,26.34,26.34,26.03,26.28,3400,25.96
2014-03-07,26.52,26.56,26.31,26.46,2500,26.14
2014-03-06,26.02,26.40,26.02,26.39,4800,26.07
2014-03-05,26.38,26.38,25.99,26.12,8800,25.80
2014-03-04,26.29,26.74,26.15,26.52,22500,26.20
2014-03-03,25.90,26.24,25.85,26.07,3900,25.75
2014-02-28,26.40,26.40,25.61,26.08,7300,25.76
2014-02-27,25.99,26.30,25.78,26.30,5500,25.98
2014-02-26,26.10,26.28,25.81,26.04,9100,25.72
2014-02-25,26.07,26.17,25.98,26.17,6900,25.71
2014-02-24,25.94,26.36,25.90,26.20,11600,25.74
2014-02-21,25.71,26.13,25.65,25.78,17900,25.33
2014-02-20,25.17,25.71,25.05,25.58,6300,25.13
2014-02-19,25.29,25.61,25.02,25.17,14400,24.73
2014-02-18,24.28,25.40,24.28,25.34,6200,24.89
2014-02-14,24.71,25.10,24.52,25.03,11300,24.59
2014-02-13,24.05,24.70,24.00,24.70,9600,24.26
2014-02-12,24.19,24.29,24.06,24.10,11100,23.68
2014-02-11,24.11,24.43,23.86,24.09,9300,23.67
2014-02-10,24.17,24.17,23.73,24.05,10300,23.63
2014-02-07,24.14,24.15,23.90,24.11,12900,23.68
2014-02-06,24.00,24.24,24.00,24.16,11800,23.73
2014-02-05,24.02,24.28,24.00,24.01,15300,23.59
2014-02-04,24.17,24.43,24.00,24.06,23200,23.64
2014-02-03,24.59,24.66,23.59,24.19,28600,23.76
2014-01-31,24.50,25.05,24.50,24.58,36900,24.15
2014-01-30,24.01,25.06,23.90,24.81,18300,24.37
2014-01-29,23.60,23.91,23.60,23.75,15300,23.33
2014-01-28,24.74,24.74,23.53,23.59,33100,23.17
2014-01-27,24.94,25.20,24.80,24.80,5400,24.36
2014-01-24,24.64,25.16,24.64,24.80,7700,24.36
2014-01-23,25.03,25.80,25.00,25.01,14000,24.57
2014-01-22,25.78,26.00,25.33,25.54,19300,25.09
2014-01-21,25.66,25.87,24.57,25.63,33900,25.18
2014-01-17,25.78,26.04,25.58,25.58,3000,25.13
2014-01-16,25.96,26.43,25.62,25.74,8900,25.29
2014-01-15,25.89,26.23,25.47,26.11,7600,25.65
2014-01-14,25.45,25.72,24.88,25.44,11500,24.99
2014-01-13,25.99,26.06,25.19,25.45,14400,25.00
2014-01-10,26.31,26.31,25.80,25.98,6400,25.52
2014-01-09,26.25,26.55,25.83,26.24,5000,25.78
2014-01-08,26.65,26.74,25.89,26.16,8500,25.70
2014-01-07,26.95,27.19,26.32,26.59,6500,26.12
2014-01-06,27.59,27.67,26.53,26.84,12200,26.37
2014-01-03,27.19,27.51,26.91,27.27,15500,26.79
2014-01-02,27.50,27.50,27.00,27.13,19600,26.65
2013-12-31,27.69,28.25,27.05,27.20,12100,26.72
2013-12-30,28.30,28.30,27.88,28.01,3000,27.52
2013-12-27,28.65,28.79,28.03,28.23,6900,27.73
2013-12-26,28.69,29.30,28.69,28.75,13700,28.24
2013-12-24,27.91,29.10,27.76,28.78,13700,28.27
2013-12-23,27.05,27.98,27.00,27.97,10600,27.48
2013-12-20,27.20,27.30,26.79,27.30,31500,26.82
2013-12-19,27.35,27.35,26.69,27.14,10700,26.66
2013-12-18,27.45,27.45,27.13,27.40,9500,26.92
2013-12-17,26.90,27.46,26.90,27.36,3000,26.88
2013-12-16,27.23,27.39,26.90,27.31,4900,26.83
2013-12-13,26.39,27.28,26.25,27.02,29700,26.54
2013-12-12,26.45,26.60,26.25,26.41,7200,25.94
2013-12-11,26.00,26.59,26.00,26.09,11200,25.63
2013-12-10,26.63,26.63,26.01,26.10,7300,25.64
2013-12-09,26.54,27.13,26.40,26.56,6900,26.09
2013-12-06,26.87,27.75,26.76,27.18,11100,26.70
2013-12-05,27.19,27.20,26.32,26.67,10000,26.20
2013-12-04,26.89,27.47,26.60,27.10,10000,26.62
2013-12-03,27.89,27.89,26.91,27.00,10000,26.52
2013-12-02,28.01,28.31,27.32,27.83,17300,27.34
2013-11-29,27.57,28.00,27.57,27.99,2200,27.50
2013-11-27,27.20,27.68,27.00,27.37,14700,26.89
2013-11-26,27.34,27.50,26.77,27.30,11800,26.82
2013-11-25,26.76,27.75,26.23,27.30,18400,26.70
2013-11-22,26.43,27.47,26.39,26.67,36300,26.08
2013-11-21,26.43,26.61,26.18,26.61,15500,26.02
2013-11-20,26.04,26.49,25.99,26.39,11400,25.81
2013-11-19,25.98,26.49,25.98,26.20,5600,25.62
2013-11-18,26.25,26.50,25.78,25.88,14200,25.31
2013-11-15,26.18,26.48,25.71,26.37,6000,25.79
2013-11-14,26.37,26.40,26.16,26.24,7100,25.66
2013-11-13,26.47,26.50,26.47,26.49,1900,25.90
2013-11-12,26.25,26.48,26.08,26.47,2900,25.88
2013-11-11,26.45,26.45,25.58,26.33,22700,25.75
2013-11-08,25.60,26.50,25.50,26.48,6600,25.89
2013-11-07,25.85,26.11,25.46,25.46,13800,24.90
2013-11-06,25.95,26.04,25.42,25.55,4200,24.98
2013-11-05,25.76,26.10,25.61,25.74,4200,25.17
2013-11-04,26.12,26.22,25.34,25.93,21500,25.36
2013-11-01,26.28,26.60,25.17,26.07,44200,25.49
2013-10-31,26.47,26.49,26.03,26.42,10500,25.84
2013-10-30,26.43,26.50,26.32,26.33,6200,25.75
2013-10-29,25.61,26.58,25.40,26.32,13800,25.74
2013-10-28,25.90,25.90,24.89,25.78,9900,25.21
2013-10-25,25.79,26.31,25.18,25.43,8700,24.87
2013-10-24,26.00,26.00,25.27,25.85,4400,25.28
2013-10-23,25.53,26.09,25.40,25.55,37700,24.98
2013-10-22,25.59,26.36,25.59,25.83,24600,25.26
2013-10-21,26.17,26.17,25.47,25.78,27300,25.21
2013-10-18,25.83,26.24,25.39,26.24,13600,25.66
2013-10-17,25.40,25.65,25.29,25.65,12500,25.08
2013-10-16,25.39,25.67,25.08,25.61,10400,25.04
2013-10-15,25.58,25.95,25.27,25.31,24200,24.75
2013-10-14,25.23,25.70,25.15,25.66,10700,25.09
2013-10-11,25.04,25.57,24.91,25.31,20100,24.75
2013-10-10,25.19,25.57,24.99,25.01,31900,24.46
2013-10-09,24.86,25.56,24.51,24.91,22000,24.36
2013-10-08,23.89,24.94,23.55,24.72,24300,24.17
2013-10-07,23.50,24.38,23.50,24.04,25700,23.51
2013-10-04,24.10,24.47,23.56,23.69,8800,23.17
2013-10-03,24.63,24.63,24.01,24.23,7400,23.69
2013-10-02,25.28,25.52,24.46,24.46,16900,23.92
2013-10-01,25.63,25.68,25.17,25.41,8600,24.85
2013-09-30,25.62,25.72,25.28,25.71,32100,25.14
2013-09-27,25.70,26.00,25.55,25.85,8900,25.28
2013-09-26,25.98,26.20,25.17,26.09,17800,25.51
2013-09-25,26.00,26.28,25.50,26.04,16000,25.46
2013-09-24,25.58,26.43,25.58,25.90,6400,25.33
2013-09-23,25.42,25.96,24.89,25.69,9900,25.12
2013-09-20,24.81,25.11,23.99,25.05,22200,24.50
2013-09-19,25.21,25.21,24.30,24.78,10400,24.23
2013-09-18,24.51,25.31,24.16,25.22,9200,24.66
2013-09-17,24.20,24.57,23.81,24.39,4300,23.85
2013-09-16,23.88,24.50,23.81,24.24,13300,23.70
2013-09-13,24.47,24.55,24.08,24.46,11400,23.92
2013-09-12,25.26,25.26,24.33,24.37,11800,23.83
2013-09-11,25.44,25.79,25.04,25.12,18700,24.56
2013-09-10,24.38,25.66,24.16,25.47,20400,24.91
2013-09-09,23.59,24.32,23.59,24.32,19700,23.78
2013-09-06,24.00,24.34,23.50,23.90,36700,23.37
2013-09-05,24.20,24.25,23.54,23.89,7700,23.36
2013-09-04,24.50,25.03,23.50,23.53,26400,23.01
2013-09-03,23.68,24.80,23.54,24.44,45000,23.90
2013-08-30,23.89,23.89,23.40,23.50,25700,22.98
2013-08-29,23.56,24.28,23.40,23.93,18800,23.40
2013-08-28,23.53,24.12,23.45,23.54,9100,23.02
2013-08-27,24.06,24.74,23.50,23.58,25600,22.94
2013-08-26,25.46,25.46,24.14,24.33,21200,23.67
2013-08-23,24.91,25.12,24.22,24.71,15300,24.04
2013-08-22,24.62,25.20,24.62,24.88,3300,24.20
2013-08-21,24.90,25.37,24.16,24.43,9000,23.76
2013-08-20,24.74,25.28,24.74,24.92,11000,24.24
2013-08-19,25.80,25.80,24.69,24.79,15200,24.11
2013-08-16,25.40,25.90,24.73,24.98,26500,24.30
2013-08-15,26.05,26.55,25.46,25.57,50800,24.87
2013-08-14,26.38,26.41,25.99,26.21,6600,25.49
2013-08-13,26.16,26.48,25.85,26.34,13200,25.62
2013-08-12,26.38,26.60,25.86,26.48,10000,25.76
2013-08-09,26.38,26.71,26.14,26.42,9600,25.70
2013-08-08,26.87,26.87,25.91,26.54,13000,25.82
2013-08-07,26.26,26.77,26.24,26.73,8800,26.00
2013-08-06,26.16,26.60,26.03,26.23,10400,25.51
2013-08-05,26.27,26.54,25.84,26.19,10700,25.47
2013-08-02,25.90,26.99,25.90,26.31,18300,25.59
2013-08-01,26.20,26.35,25.67,26.04,14200,25.33
2013-07-31,25.87,26.14,25.54,26.09,26000,25.38
2013-07-30,26.43,26.52,25.55,25.77,19300,25.07
2013-07-29,27.63,27.83,26.56,26.85,9600,26.12
2013-07-26,28.24,28.28,27.59,27.75,8900,26.99
2013-07-25,28.04,28.48,27.78,28.44,16700,27.66
2013-07-24,28.14,28.36,27.74,27.94,14900,27.18
2013-07-23,27.86,28.46,27.74,27.98,12900,27.22
2013-07-22,27.22,28.12,27.11,27.85,7200,27.09
2013-07-19,27.17,27.47,27.10,27.25,10600,26.51
2013-07-18,25.90,27.43,25.90,27.25,26500,26.51
2013-07-17,26.82,27.13,26.65,26.85,18200,26.12
2013-07-16,25.75,26.83,25.75,26.71,25000,25.98
2013-07-15,26.39,27.10,26.39,26.89,34100,26.16
2013-07-12,26.37,26.48,26.15,26.42,1700,25.70
2013-07-11,26.35,26.50,25.64,26.49,52700,25.77
2013-07-10,26.12,26.29,25.00,26.28,6600,25.56
2013-07-09,25.75,26.46,25.55,26.22,7900,25.50
2013-07-08,26.35,26.35,25.69,25.98,3800,25.27
2013-07-05,26.35,26.44,26.25,26.26,12600,25.54
2013-07-03,24.89,26.10,24.89,26.10,5000,25.39
2013-07-02,24.31,25.19,24.31,24.92,8200,24.24
2013-07-01,24.12,24.60,24.03,24.59,12600,23.92
2013-06-28,24.15,24.15,23.88,24.06,76300,23.40
2013-06-27,24.25,24.25,23.90,23.98,8300,23.33
2013-06-26,24.00,24.00,23.76,23.87,2700,23.22
2013-06-25,24.00,24.00,23.55,23.98,35100,23.33
2013-06-24,23.86,24.00,23.69,23.70,4600,23.05
2013-06-21,23.59,24.10,23.47,24.03,36400,23.37
2013-06-20,23.58,23.70,23.41,23.46,12700,22.82
2013-06-19,23.55,23.76,23.50,23.76,30700,23.11
2013-06-18,23.85,23.85,23.66,23.76,3300,23.11
2013-06-17,23.82,23.82,23.50,23.70,6800,23.05
2013-06-14,23.91,24.02,23.50,23.59,4000,22.95
2013-06-13,23.83,24.01,23.74,23.94,3700,23.29
2013-06-12,24.01,24.01,23.75,23.75,2100,23.10
2013-06-11,23.73,24.02,23.54,23.69,10400,23.04
2013-06-10,23.80,24.02,23.46,23.98,4800,23.33
2013-06-07,23.94,24.05,23.61,23.80,3500,23.15
2013-06-06,23.55,23.96,23.46,23.84,4500,23.19
2013-06-05,23.65,23.80,23.62,23.69,2600,23.04
2013-06-04,23.53,23.86,23.53,23.61,5600,22.97
2013-06-03,23.70,24.00,23.40,23.74,34600,23.09
2013-05-31,23.71,23.85,23.43,23.70,14400,23.05
2013-05-30,24.00,24.00,23.74,23.74,1500,23.09
2013-05-29,23.76,23.85,23.70,23.70,2400,23.05
2013-05-28,23.79,23.98,23.72,23.98,6000,23.20
2013-05-24,23.58,23.70,23.51,23.53,2300,22.77
2013-05-23,23.42,23.73,23.42,23.56,3700,22.80
2013-05-22,23.73,23.85,23.48,23.48,3900,22.72
2013-05-21,23.65,23.80,23.55,23.79,6700,23.02
2013-05-20,23.60,23.87,23.60,23.72,3900,22.95
2013-05-17,23.74,23.99,23.60,23.61,7500,22.85
2013-05-16,23.56,23.70,23.53,23.70,2400,22.93
2013-05-15,23.69,23.69,23.50,23.50,1100,22.74
2013-05-14,23.43,23.66,23.40,23.66,4400,22.89
2013-05-13,23.88,23.88,23.45,23.48,1100,22.72
2013-05-10,23.69,23.70,23.51,23.70,3300,22.93
2013-05-09,23.75,23.75,23.48,23.63,1700,22.86
2013-05-08,23.78,23.78,23.65,23.74,2000,22.97
2013-05-07,23.75,23.77,23.68,23.74,3800,22.97
2013-05-06,23.70,23.78,23.32,23.78,3900,23.01
2013-05-03,23.75,23.89,23.60,23.89,2000,23.12
2013-05-02,23.50,23.54,23.30,23.51,5300,22.75
2013-05-01,23.88,23.88,23.14,23.25,21600,22.50
2013-04-30,23.89,24.00,23.70,23.90,45600,23.13
2013-04-29,23.71,24.00,23.50,23.86,5000,23.09
2013-04-26,23.74,23.96,23.57,23.85,6400,23.08
2013-04-25,23.69,23.95,23.69,23.80,13300,23.03
2013-04-24,23.90,24.00,23.79,24.00,1900,23.22
2013-04-23,23.71,23.95,23.63,23.92,2000,23.15
2013-04-22,23.69,23.69,23.31,23.59,2800,22.83
2013-04-19,23.50,23.69,23.50,23.69,4100,22.92
2013-04-18,23.40,23.77,23.30,23.43,4900,22.67
2013-04-17,23.71,23.95,23.26,23.35,13200,22.59
2013-04-16,24.00,24.00,23.58,23.86,6600,23.09
2013-04-15,23.62,23.78,23.30,23.35,16900,22.59
2013-04-12,23.71,23.83,23.50,23.70,5700,22.93
2013-04-11,23.69,23.69,23.37,23.65,4000,22.88
2013-04-10,23.35,24.00,23.34,23.75,19900,22.98
2013-04-09,23.28,23.71,23.18,23.38,13400,22.62
2013-04-08,23.35,23.73,23.35,23.47,2800,22.71
2013-04-05,23.26,23.60,23.26,23.31,10500,22.56
2013-04-04,23.31,23.62,23.31,23.62,3200,22.86
2013-04-03,23.62,23.69,23.31,23.40,6500,22.64
2013-04-02,23.76,23.79,23.44,23.68,5800,22.91
2013-04-01,23.78,23.80,23.42,23.55,5600,22.79
2013-03-28,23.55,23.82,23.49,23.81,20900,23.04
2013-03-27,23.46,23.51,23.11,23.47,3300,22.71
2013-03-26,23.85,23.85,23.31,23.58,1700,22.82
2013-03-25,23.54,23.84,23.32,23.67,4500,22.90
2013-03-22,23.50,23.72,22.89,23.39,17300,22.63
2013-03-21,23.03,23.14,22.82,22.96,4500,22.22
2013-03-20,23.04,23.25,23.04,23.25,2000,22.50
2013-03-19,23.54,23.71,23.16,23.20,4900,22.45
2013-03-18,23.69,23.84,23.41,23.41,1700,22.65
2013-03-15,23.61,24.00,23.56,23.83,36900,23.06
2013-03-14,23.61,23.63,23.39,23.52,3700,22.76
2013-03-13,23.25,23.53,23.10,23.34,5800,22.58
2013-03-12,23.25,23.25,22.70,23.09,14100,22.34
2013-03-11,22.78,23.24,22.78,23.00,3800,22.26
2013-03-08,23.03,23.09,22.50,22.89,10000,22.15
2013-03-07,22.79,23.09,22.40,22.79,5200,22.05
2013-03-06,22.18,22.82,22.18,22.72,5800,21.98
2013-03-05,22.47,23.02,22.16,22.35,33000,21.63
2013-03-04,22.78,23.19,22.19,22.41,16200,21.68
2013-03-01,22.79,23.06,22.61,22.91,9700,22.17
2013-02-28,22.68,22.99,22.63,22.98,11800,22.24
2013-02-27,22.71,23.06,22.56,22.74,8900,22.00
2013-02-26,22.61,22.92,22.61,22.77,2900,21.91
2013-02-25,23.65,23.65,22.52,22.52,8200,21.67
2013-02-22,23.48,23.48,22.76,22.94,4600,22.08
2013-02-21,22.78,23.42,22.78,23.42,2400,22.54
2013-02-20,22.83,22.89,22.74,22.74,13700,21.88
2013-02-19,22.96,22.96,22.70,22.87,5700,22.01
2013-02-15,23.03,23.03,22.74,22.85,6100,21.99
2013-02-14,22.99,23.02,22.96,22.96,4600,22.09
2013-02-13,22.13,23.20,22.13,23.04,5000,22.17
2013-02-12,22.91,23.48,22.88,23.10,23400,22.23
2013-02-11,23.14,23.56,22.65,22.85,4400,21.99
2013-02-08,23.37,23.37,23.09,23.09,2200,22.22
2013-02-07,23.78,23.78,23.25,23.38,4100,22.50
2013-02-06,23.70,23.82,23.39,23.65,3300,22.76
2013-02-05,23.59,23.87,23.47,23.78,6100,22.88
2013-02-04,24.00,24.10,23.37,23.43,9700,22.55
2013-02-01,23.96,24.19,23.76,24.11,6300,23.20
2013-01-31,23.78,23.99,23.78,23.90,6000,23.00
2013-01-30,23.93,24.25,23.63,23.78,8700,22.88
2013-01-29,23.99,24.04,23.96,24.00,17100,23.10
2013-01-28,23.50,23.88,23.50,23.80,14800,22.90
2013-01-25,22.80,23.89,22.80,23.37,21600,22.49
2013-01-24,22.79,22.85,22.71,22.83,1900,21.97
2013-01-23,22.77,22.88,22.64,22.76,5600,21.90
2013-01-22,22.55,22.79,22.55,22.79,6000,21.93
2013-01-18,22.25,22.68,22.25,22.52,10800,21.67
2013-01-17,22.19,22.45,22.19,22.33,14600,21.49
2013-01-16,21.92,22.20,21.82,22.08,6500,21.25
2013-01-15,21.75,21.99,21.68,21.98,9400,21.15
2013-01-14,21.75,21.98,21.75,21.85,12600,21.03
2013-01-11,21.66,21.90,21.58,21.77,13400,20.95
2013-01-10,21.33,21.61,21.30,21.61,2400,20.80
2013-01-09,21.41,21.59,21.41,21.49,5500,20.68
2013-01-08,21.12,21.20,21.01,21.16,4700,20.36
2013-01-07,21.45,21.45,21.07,21.07,4700,20.28
2013-01-04,21.75,21.75,21.40,21.60,4500,20.79
2013-01-03,21.75,21.75,21.50,21.56,6500,20.75
2013-01-02,20.80,21.83,20.80,21.75,22200,20.93
2012-12-31,20.27,20.57,20.05,20.51,8700,19.74
2012-12-28,20.32,20.33,20.16,20.23,2700,19.47
2012-12-27,20.57,20.85,20.32,20.34,7900,19.57
2012-12-26,20.62,20.80,20.55,20.55,1500,19.78
2012-12-24,20.66,20.69,20.44,20.52,2900,19.75
2012-12-21,20.77,20.77,20.52,20.71,44800,19.93
2012-12-20,20.35,20.65,20.32,20.64,11000,19.86
2012-12-19,20.40,20.49,20.26,20.49,2300,19.72
2012-12-18,20.45,20.50,20.30,20.50,13700,19.73
2012-12-17,20.33,20.46,20.29,20.37,10000,19.60
2012-12-14,20.36,20.38,20.22,20.29,3800,19.53
2012-12-13,20.38,20.49,20.18,20.18,6100,19.42
2012-12-12,20.63,20.63,20.43,20.44,6200,19.67
2012-12-11,20.55,20.60,20.27,20.58,21100,19.80
2012-12-10,20.15,20.47,20.15,20.39,5100,19.62
2012-12-07,20.30,20.61,20.00,20.03,20600,19.27
2012-12-06,20.16,20.18,20.04,20.18,5000,19.42
2012-12-05,20.60,20.60,20.11,20.39,13900,19.62
2012-12-04,20.71,20.77,20.18,20.54,15500,19.77
2012-12-03,20.60,20.92,20.16,20.76,15600,19.98
2012-11-30,20.25,20.65,19.91,20.56,16400,19.78
2012-11-29,20.13,20.17,19.93,20.16,9600,19.40
2012-11-28,19.80,19.95,19.78,19.95,6500,19.20
2012-11-27,19.78,20.27,19.68,19.82,17000,18.98
2012-11-26,19.80,19.80,19.56,19.71,15700,18.88
2012-11-23,19.72,19.81,19.72,19.81,2800,18.97
2012-11-21,19.82,19.82,19.60,19.74,2100,18.90
2012-11-20,19.75,19.83,19.72,19.72,1300,18.89
2012-11-19,19.68,19.80,19.65,19.75,11800,18.91
2012-11-16,19.40,19.70,19.40,19.60,9400,18.77
2012-11-15,19.31,19.60,19.31,19.37,7300,18.55
2012-11-14,19.94,19.94,19.37,19.37,11300,18.55
2012-11-13,19.61,19.96,19.61,19.96,1400,19.12
2012-11-12,20.10,20.18,19.62,19.62,1200,18.79
2012-11-09,19.67,19.78,19.45,19.71,4100,18.88
2012-11-08,20.13,20.13,19.51,19.66,14200,18.83
2012-11-07,20.50,20.72,19.88,19.89,17000,19.05
2012-11-06,20.64,20.70,20.42,20.70,5700,19.82
2012-11-05,20.43,20.83,20.18,20.55,9200,19.68
2012-11-02,20.83,20.83,20.34,20.37,28300,19.51
2012-11-01,20.16,20.93,20.16,20.93,21700,20.04
2012-10-31,19.85,20.20,19.64,20.20,13300,19.35
2012-10-26,19.93,20.59,19.89,19.90,59300,19.06
2012-10-25,20.31,20.73,20.20,20.24,12900,19.38
2012-10-24,20.58,20.62,20.42,20.54,2500,19.67
2012-10-23,20.09,20.40,19.80,20.01,14200,19.16
2012-10-22,20.46,21.18,19.85,20.13,15800,19.28
2012-10-19,21.74,22.02,20.42,20.42,11500,19.56
2012-10-18,21.56,22.12,21.56,21.88,7100,20.95
2012-10-17,21.47,21.63,21.33,21.51,3500,20.60
2012-10-16,22.24,22.24,21.34,21.46,28200,20.55
2012-10-15,21.85,22.30,21.68,22.24,3400,21.30
2012-10-12,21.98,22.14,21.25,21.75,20600,20.83
2012-10-11,21.98,22.27,21.97,22.08,4000,21.15
2012-10-10,22.12,22.28,21.85,21.95,4500,21.02
2012-10-09,21.88,22.00,21.68,21.83,4600,20.91
2012-10-08,21.64,22.33,21.64,21.80,7000,20.88
2012-10-05,21.17,21.76,20.81,21.75,13500,20.83
2012-10-04,20.52,21.44,20.47,21.00,18500,20.11
2012-10-03,20.46,21.11,20.46,20.75,4900,19.87
2012-10-02,20.60,20.60,19.65,20.48,24500,19.61
2012-10-01,21.67,22.50,20.60,20.61,16000,19.74
2012-09-28,22.10,22.10,21.52,21.54,23100,20.63
2012-09-27,22.10,22.44,22.09,22.18,6900,21.24
2012-09-26,21.70,22.03,21.57,22.01,15900,21.08
2012-09-25,21.90,22.20,21.55,21.61,14000,20.70
2012-09-24,21.90,22.05,21.73,21.85,9200,20.93
2012-09-21,21.60,22.00,21.49,22.00,25600,21.07
2012-09-20,21.63,21.84,21.45,21.47,5900,20.56
2012-09-19,21.85,21.85,21.45,21.66,9800,20.74
2012-09-18,21.58,21.92,21.58,21.89,6800,20.96
2012-09-17,21.83,21.85,21.53,21.74,4600,20.82
2012-09-14,21.70,21.90,21.69,21.74,10600,20.82
2012-09-13,21.52,21.95,21.50,21.70,12200,20.78
2012-09-12,21.63,21.68,21.45,21.59,10200,20.68
2012-09-11,21.50,21.70,21.50,21.69,3500,20.77
2012-09-10,21.46,21.69,21.45,21.50,7800,20.59
2012-09-07,21.89,21.89,21.32,21.50,23000,20.59
2012-09-06,21.81,21.89,21.69,21.85,15700,20.93
2012-09-05,21.87,21.87,21.65,21.65,12500,20.73
2012-09-04,21.85,21.85,21.72,21.85,3500,20.93
2012-08-31,21.79,21.89,21.61,21.84,8700,20.92
2012-08-30,21.62,21.62,21.61,21.61,1200,20.70
2012-08-29,21.84,21.84,21.75,21.84,2300,20.92
2012-08-28,21.61,21.80,21.61,21.79,5700,20.78
2012-08-27,21.57,21.70,21.55,21.58,5700,20.58
2012-08-24,21.49,21.85,21.49,21.61,13800,20.61
2012-08-23,21.79,21.89,21.50,21.51,5700,20.51
2012-08-22,22.30,22.30,21.56,21.60,1800,20.60
2012-08-21,21.75,22.50,21.50,22.19,39400,21.16
2012-08-20,22.06,22.09,21.74,21.86,6500,20.84
2012-08-17,21.79,22.09,21.53,22.03,6300,21.01
2012-08-16,21.26,22.07,21.26,21.90,4600,20.88
2012-08-15,21.32,21.75,21.09,21.49,11700,20.49
2012-08-14,21.46,21.75,21.05,21.50,22600,20.50
2012-08-13,21.64,22.12,21.08,21.52,8500,20.52
2012-08-10,22.03,22.03,21.66,21.67,6500,20.66
2012-08-09,21.81,22.42,21.80,21.97,22300,20.95
2012-08-08,21.38,22.15,21.34,21.80,9100,20.79
2012-08-07,22.00,22.22,21.41,21.90,15500,20.88
2012-08-06,21.46,22.24,21.15,21.88,24600,20.86
2012-08-03,21.32,22.00,20.80,21.75,18800,20.74
2012-08-02,20.88,21.50,20.88,21.05,9800,20.07
2012-08-01,21.52,21.53,20.70,20.73,30500,19.77
2012-07-31,21.13,21.34,21.13,21.28,23300,20.29
2012-07-30,21.01,21.78,20.95,20.97,14600,20.00
2012-07-27,21.22,21.50,20.84,21.09,33500,20.11
2012-07-26,21.58,21.58,20.59,20.75,10300,19.79
2012-07-25,21.38,21.95,20.58,21.34,50400,20.35
2012-07-24,21.41,21.77,20.81,21.26,18000,20.27
2012-07-23,21.58,22.20,21.02,21.27,39400,20.28
2012-07-20,22.00,22.48,21.77,21.77,9600,20.76
2012-07-19,22.49,22.60,22.01,22.11,9300,21.08
2012-07-18,22.70,23.25,22.50,22.80,31200,21.74
2012-07-17,22.60,23.10,22.53,22.84,9500,21.78
2012-07-16,22.31,22.63,21.78,22.57,23800,21.52
2012-07-13,22.16,22.51,22.16,22.46,7200,21.42
2012-07-12,22.29,22.41,21.98,22.12,9700,21.09
2012-07-11,22.35,22.50,22.10,22.36,8100,21.32
2012-07-10,22.27,22.49,21.89,22.33,6300,21.29
2012-07-09,22.38,22.59,22.02,22.28,3700,21.24
2012-07-06,21.95,22.87,21.79,22.38,16000,21.34
2012-07-05,21.76,22.25,21.48,22.16,48300,21.13
2012-07-03,21.73,21.88,21.28,21.88,6800,20.86
2012-07-02,21.62,21.99,21.38,21.70,22700,20.69
2012-06-29,20.90,21.64,20.69,21.50,39100,20.50
2012-06-28,21.31,21.34,20.38,20.79,6000,19.82
2012-06-27,20.41,21.68,20.41,21.56,12800,20.56
2012-06-26,19.95,20.41,19.95,20.33,11500,19.38
2012-06-25,21.10,21.10,19.75,20.04,24600,19.11
2012-06-22,21.75,22.00,20.76,21.27,889200,20.28
2012-06-21,21.95,22.00,21.25,21.88,38000,20.86
2012-06-20,21.75,21.75,20.43,21.68,54800,20.67
2012-06-19,21.01,22.00,21.01,21.77,12200,20.76
2012-06-18,20.95,21.44,20.35,20.89,10100,19.92
2012-06-15,20.61,21.00,20.14,21.00,9700,20.02
2012-06-14,20.61,20.75,19.78,20.70,12200,19.74
2012-06-13,20.09,20.65,20.09,20.50,3500,19.55
2012-06-12,20.50,21.00,20.01,20.21,9600,19.27
2012-06-11,20.47,20.49,20.04,20.04,9800,19.11
2012-06-08,20.50,20.50,19.99,20.37,9900,19.42
2012-06-07,20.48,20.65,20.35,20.65,5500,19.69
2012-06-06,20.36,20.40,19.75,20.35,1000,19.40
2012-06-05,19.86,20.99,19.67,20.28,7900,19.34
2012-06-04,19.40,20.50,18.76,19.84,7000,18.92
2012-06-01,19.06,19.70,19.06,19.65,3300,18.74
2012-05-31,19.48,19.70,19.25,19.26,8200,18.36
2012-05-30,19.23,19.36,19.12,19.20,1300,18.31
2012-05-29,19.54,19.54,19.01,19.45,3400,18.46
2012-05-25,18.81,19.47,18.81,19.37,9600,18.39
2012-05-24,19.75,19.99,18.76,18.80,13600,17.85
2012-05-23,20.82,21.00,19.60,19.87,10500,18.86
2012-05-22,20.96,21.25,20.75,20.98,2000,19.92
2012-05-21,21.12,21.12,20.94,20.94,900,19.88
2012-05-18,20.81,21.23,20.81,20.99,10000,19.93
2012-05-17,19.73,20.85,19.73,20.75,1700,19.70
2012-05-16,20.85,20.85,20.68,20.77,1600,19.72
2012-05-15,20.73,20.85,20.56,20.74,3500,19.69
2012-05-14,21.12,21.12,19.87,20.61,13000,19.57
2012-05-11,21.44,21.49,20.75,21.47,7400,20.38
2012-05-10,21.59,21.61,21.40,21.47,11000,20.38
2012-05-09,21.55,21.99,21.40,21.51,10600,20.42
2012-05-08,22.20,22.20,21.58,21.61,41400,20.52
2012-05-07,20.90,21.90,20.89,21.70,2700,20.60
2012-05-04,20.93,21.39,20.93,21.33,3400,20.25
2012-05-03,21.17,21.30,20.75,21.13,5500,20.06
2012-05-02,20.98,21.20,20.89,20.99,7900,19.93
2012-05-01,20.90,21.00,20.85,20.90,1600,19.84
2012-04-30,20.88,20.93,20.79,20.90,13400,19.84
2012-04-27,20.80,20.80,20.16,20.80,11000,19.75
2012-04-26,20.62,20.80,20.16,20.80,7200,19.75
2012-04-25,20.25,20.75,20.23,20.65,4000,19.60
2012-04-24,20.27,20.50,20.10,20.19,13100,19.17
2012-04-23,20.16,20.25,19.76,20.25,14800,19.22
2012-04-20,20.26,20.26,20.01,20.08,10800,19.06
2012-04-19,20.23,20.25,20.20,20.25,2000,19.22
2012-04-18,20.24,20.25,20.01,20.25,4200,19.22
2012-04-17,19.93,20.25,19.93,20.24,6500,19.21
2012-04-16,20.06,20.24,19.76,20.04,8800,19.02
2012-04-13,20.04,20.35,19.66,20.10,3700,19.08
2012-04-12,19.90,20.05,19.65,20.05,3200,19.03
2012-04-11,20.03,20.03,19.61,20.00,2700,18.99
2012-04-10,19.79,20.10,19.79,20.01,2000,19.00
2012-04-09,19.70,19.70,19.70,19.70,700,18.70
2012-04-05,19.98,20.40,19.64,19.64,2700,18.65
2012-04-04,20.10,20.10,19.44,20.00,2800,18.99
2012-04-03,20.00,20.25,19.99,20.25,4600,19.22
2012-04-02,19.39,20.21,19.38,20.00,23400,18.99
2012-03-30,18.91,19.36,18.91,19.36,2000,18.38
2012-03-29,18.89,19.34,18.50,19.28,3400,18.30
2012-03-28,19.06,19.30,18.84,19.29,2200,18.31
2012-03-27,18.95,19.20,18.72,18.85,14000,17.90
2012-03-26,18.75,18.95,18.40,18.90,2300,17.94
2012-03-23,18.31,18.31,18.31,18.31,700,17.38
2012-03-22,18.67,18.89,18.60,18.65,1600,17.71
2012-03-21,17.97,18.95,17.95,18.90,3500,17.94
2012-03-20,17.90,18.05,17.69,17.96,11200,17.05
2012-03-19,17.86,17.90,17.86,17.90,2400,16.99
2012-03-16,17.87,17.90,17.76,17.87,1400,16.96
2012-03-15,17.81,17.82,17.81,17.82,300,16.92
2012-03-14,17.74,17.82,17.74,17.75,4100,16.85
2012-03-13,17.52,17.75,17.52,17.72,2200,16.82
2012-03-12,17.50,17.74,17.50,17.70,20600,16.80
2012-03-09,17.66,17.75,17.40,17.50,54800,16.61
2012-03-08,17.75,17.75,17.58,17.65,4100,16.76
2012-03-07,17.60,17.74,17.56,17.74,3300,16.84
2012-03-06,16.80,17.71,16.80,17.66,21500,16.77
2012-03-05,17.58,17.58,17.48,17.48,700,16.59
2012-03-02,17.39,17.80,17.20,17.55,13500,16.66
2012-03-01,17.36,17.40,17.19,17.40,2600,16.52
2012-02-29,17.38,17.40,17.28,17.40,2000,16.52
2012-02-28,17.04,17.38,17.04,17.37,46600,16.49
2012-02-27,17.08,17.24,17.08,17.15,1200,16.20
2012-02-24,17.11,17.12,17.11,17.12,400,16.17
2012-02-23,17.15,17.24,17.05,17.24,5900,16.29
2012-02-22,17.13,17.13,17.13,17.13,000,16.18
2012-02-21,17.00,17.13,16.98,17.13,5700,16.18
2012-02-17,17.00,17.00,16.87,17.00,6200,16.06
2012-02-16,16.86,16.98,16.85,16.96,2500,16.02
2012-02-15,16.93,16.95,16.85,16.85,800,15.92
2012-02-14,16.93,16.93,16.92,16.92,300,15.98
2012-02-13,17.00,17.00,16.85,16.85,4600,15.92
2012-02-10,16.87,17.00,16.87,16.89,600,15.96
2012-02-09,16.80,17.00,16.80,16.99,4200,16.05
2012-02-08,16.81,16.81,16.61,16.78,2800,15.85
2012-02-07,16.72,16.88,16.64,16.88,7400,15.95
2012-02-06,16.76,16.78,16.70,16.75,3600,15.82
2012-02-03,16.66,16.80,16.55,16.70,6900,15.78
2012-02-02,16.45,16.77,16.25,16.74,10700,15.81
2012-02-01,16.88,16.88,16.39,16.50,28600,15.59
2012-01-31,16.10,17.00,16.10,17.00,47100,16.06
2012-01-30,15.91,15.91,15.91,15.91,400,15.03
2012-01-27,16.14,16.14,16.14,16.14,200,15.25
2012-01-26,16.33,16.40,16.10,16.16,13700,15.27
2012-01-25,16.00,16.32,15.89,16.25,3800,15.35
2012-01-24,16.00,16.00,15.95,16.00,5500,15.11
2012-01-23,15.63,16.00,15.55,15.84,8500,14.96
2012-01-20,15.75,15.75,15.75,15.75,1200,14.88
2012-01-19,15.63,15.75,15.50,15.75,7500,14.88
2012-01-18,15.25,15.75,15.25,15.75,20000,14.88
2012-01-17,15.00,15.19,14.96,15.10,11900,14.26
2012-01-13,15.00,15.18,14.98,15.18,7600,14.34
2012-01-12,15.00,15.24,14.99,15.20,11100,14.36
2012-01-11,14.80,15.13,14.80,15.00,15800,14.17
2012-01-10,15.13,15.13,14.78,14.78,2200,13.96
2012-01-09,14.90,15.02,14.89,15.02,900,14.19
2012-01-06,14.80,14.80,14.80,14.80,200,13.98
2012-01-05,14.81,14.85,14.81,14.85,2400,14.03
2012-01-04,14.83,15.00,14.83,14.93,2200,14.10
2012-01-03,14.63,14.91,14.41,14.91,10100,14.08
2011-12-30,14.60,14.62,14.60,14.62,4800,13.81
2011-12-29,14.65,14.82,14.60,14.68,3600,13.87
2011-12-28,14.50,14.74,14.46,14.74,26200,13.92
2011-12-27,14.51,14.51,14.48,14.48,4500,13.68
2011-12-23,14.39,14.56,14.39,14.40,3400,13.60
2011-12-22,14.31,14.31,14.30,14.30,200,13.51
2011-12-21,14.48,14.48,14.30,14.40,1600,13.60
2011-12-20,14.43,14.47,14.30,14.30,6800,13.51
2011-12-19,14.32,14.32,14.30,14.30,400,13.51
2011-12-16,14.37,14.46,14.24,14.46,12000,13.66
2011-12-15,14.39,14.44,14.25,14.31,6900,13.52
2011-12-14,14.28,14.39,14.25,14.26,1100,13.47
2011-12-13,14.30,14.31,14.30,14.30,2200,13.51
2011-12-12,14.45,14.45,14.21,14.21,500,13.42
2011-12-09,14.32,14.32,14.29,14.32,600,13.53
2011-12-08,14.55,14.55,14.25,14.25,9700,13.46
2011-12-07,14.62,14.62,14.26,14.38,3700,13.58
2011-12-06,14.85,14.85,14.68,14.70,2600,13.89
2011-12-05,14.21,14.88,14.21,14.60,9000,13.79
2011-12-02,15.00,15.00,14.80,14.87,2200,14.05
2011-12-01,14.80,14.97,14.80,14.90,2300,14.08
2011-11-30,14.84,14.97,14.84,14.90,3400,14.08
2011-11-29,14.69,14.90,14.66,14.73,45200,13.91
2011-11-28,15.02,15.05,14.97,15.05,1000,14.16
2011-11-25,15.00,15.03,15.00,15.03,2400,14.14
2011-11-23,14.94,15.04,14.94,15.04,2200,14.15
2011-11-22,15.01,15.01,15.00,15.00,500,14.11
2011-11-21,14.86,15.01,14.86,15.00,3200,14.11
2011-11-18,14.96,15.00,14.91,15.00,3000,14.11
2011-11-17,14.78,14.86,14.78,14.85,4000,13.97
2011-11-16,14.89,15.00,14.72,14.72,3200,13.85
2011-11-15,14.94,15.00,14.90,14.99,4700,14.10
2011-11-14,14.97,15.00,14.94,14.94,1400,14.06
2011-11-11,14.97,15.01,14.90,15.01,800,14.12
2011-11-10,14.75,15.03,14.75,15.03,900,14.14
2011-11-09,14.80,15.00,14.80,14.89,4700,14.01
2011-11-08,14.98,14.98,14.98,14.98,000,14.09
2011-11-07,14.90,15.15,14.80,14.98,40000,14.09
2011-11-04,14.69,14.94,14.69,14.94,3700,14.06
2011-11-03,14.94,15.00,14.81,15.00,8400,14.11
2011-11-02,14.54,15.00,14.53,14.81,13500,13.93
2011-11-01,14.23,14.40,14.10,14.35,28200,13.50
2011-10-31,14.21,14.65,14.21,14.40,10300,13.55
2011-10-28,14.38,14.45,14.13,14.39,23000,13.54
2011-10-27,14.29,14.44,14.09,14.44,11000,13.59
2011-10-26,14.33,14.33,14.30,14.30,300,13.45
2011-10-25,14.20,14.50,14.20,14.23,5000,13.39
2011-10-24,14.18,14.18,13.75,14.18,6700,13.34
2011-10-21,14.02,14.06,14.02,14.04,1100,13.21
2011-10-20,14.14,14.14,14.02,14.02,900,13.19
2011-10-19,14.28,14.30,14.24,14.24,7100,13.40
2011-10-18,14.04,14.27,14.04,14.24,2000,13.40
2011-10-17,14.11,14.25,14.00,14.21,6300,13.37
2011-10-14,14.05,14.12,14.05,14.12,1400,13.29
2011-10-13,13.90,14.26,13.86,14.26,2700,13.42
2011-10-12,14.01,14.09,13.66,14.09,5200,13.26
2011-10-11,14.08,14.08,14.05,14.08,1100,13.25
2011-10-10,14.12,14.12,14.02,14.05,4800,13.22
2011-10-07,14.04,14.22,14.00,14.14,8700,13.30
2011-10-06,14.15,14.16,14.00,14.05,22300,13.22
2011-10-05,14.20,14.20,14.04,14.10,3100,13.27
2011-10-04,14.15,14.28,14.15,14.20,1700,13.36
2011-10-03,14.28,14.28,14.15,14.15,6000,13.31
2011-09-30,14.35,14.36,14.20,14.34,25000,13.49
2011-09-29,14.50,14.50,14.26,14.40,34600,13.55
2011-09-28,14.60,14.60,14.46,14.53,7600,13.67
2011-09-27,14.46,14.55,14.45,14.50,11600,13.64
2011-09-26,14.48,14.48,14.36,14.45,11200,13.60
2011-09-23,14.43,14.45,14.36,14.42,3300,13.57
2011-09-22,14.45,14.45,14.35,14.41,9500,13.56
2011-09-21,14.45,14.54,14.39,14.54,900,13.68
2011-09-20,14.38,14.45,14.36,14.45,2200,13.60
2011-09-19,14.50,14.50,14.45,14.45,400,13.60
2011-09-16,14.45,14.53,14.36,14.53,4800,13.67
2011-09-15,14.55,14.55,14.37,14.50,5000,13.64
2011-09-14,14.34,14.48,14.30,14.48,8600,13.62
2011-09-13,14.37,14.50,14.37,14.45,2100,13.60
2011-09-12,14.42,14.47,14.33,14.39,13100,13.54
2011-09-09,14.48,14.55,14.40,14.54,11400,13.68
2011-09-08,14.50,14.55,14.44,14.48,4000,13.62
2011-09-07,14.43,14.63,14.42,14.50,5500,13.64
2011-09-06,14.43,14.43,14.30,14.41,9600,13.56
2011-09-02,14.50,14.69,14.20,14.43,5000,13.58
2011-09-01,14.61,14.61,14.31,14.49,3900,13.63
2011-08-31,14.83,14.83,14.60,14.80,1300,13.92
2011-08-30,14.69,14.75,14.52,14.75,1600,13.88
2011-08-29,14.67,14.87,14.56,14.87,4500,13.93
2011-08-26,14.58,14.59,14.50,14.51,4500,13.60
2011-08-25,14.50,14.71,14.43,14.71,3500,13.78
2011-08-24,14.54,14.61,14.50,14.57,32600,13.65
2011-08-23,14.55,14.72,14.50,14.55,3100,13.63
2011-08-22,14.58,14.61,14.46,14.50,3100,13.59
2011-08-19,14.67,14.73,14.43,14.43,13600,13.52
2011-08-18,14.68,14.78,14.64,14.70,10400,13.78
2011-08-17,14.75,14.80,14.75,14.79,800,13.86
2011-08-16,14.76,14.79,14.75,14.79,11700,13.86
2011-08-15,14.83,14.95,14.83,14.94,5200,14.00
2011-08-12,14.82,14.90,14.70,14.71,6700,13.78
2011-08-11,14.70,14.77,14.50,14.70,8100,13.78
2011-08-10,14.76,14.90,14.65,14.65,19300,13.73
2011-08-09,14.74,14.99,14.53,14.99,5400,14.05
2011-08-08,14.54,14.98,14.50,14.62,33800,13.70
2011-08-05,14.76,14.84,14.50,14.84,6000,13.91
2011-08-04,14.75,14.80,14.50,14.75,41000,13.82
2011-08-03,14.70,15.00,14.70,14.75,4500,13.82
2011-08-02,14.74,14.88,14.56,14.76,5700,13.83
2011-08-01,14.75,14.97,14.65,14.72,10500,13.79
2011-07-29,14.65,14.99,14.61,14.61,5800,13.69
2011-07-28,14.49,14.61,14.49,14.54,8200,13.63
2011-07-27,14.50,14.65,14.45,14.65,5200,13.73
2011-07-26,14.31,14.65,14.30,14.65,10800,13.73
2011-07-25,14.58,14.75,14.29,14.56,4800,13.64
2011-07-22,14.50,14.74,14.42,14.56,28900,13.64
2011-07-21,14.40,14.64,14.40,14.64,1500,13.72
2011-07-20,14.83,14.83,14.22,14.50,29200,13.59
2011-07-19,14.27,14.56,14.25,14.55,14700,13.63
2011-07-18,14.41,14.55,14.41,14.48,16300,13.57
2011-07-15,14.63,14.63,14.35,14.41,3000,13.50
2011-07-14,14.85,14.85,14.60,14.60,700,13.68
2011-07-13,14.84,14.84,14.75,14.75,1600,13.82
2011-07-12,14.33,14.93,14.33,14.84,9300,13.91
2011-07-11,14.47,14.85,14.29,14.36,14700,13.46
2011-07-08,14.30,14.80,14.20,14.59,16300,13.67
2011-07-07,14.20,14.49,14.10,14.30,24200,13.40
2011-07-06,14.14,14.17,13.75,14.10,18900,13.21
2011-07-05,14.00,14.34,13.80,14.00,23000,13.12
2011-07-01,14.49,14.49,13.77,13.95,18500,13.07
2011-06-30,13.88,14.50,13.52,14.45,31000,13.54
2011-06-29,13.98,13.99,13.55,13.99,9300,13.11
2011-06-28,14.08,14.08,13.50,13.93,19700,13.05
2011-06-27,13.60,14.45,13.52,13.92,42400,13.04
2011-06-24,13.19,14.24,13.16,13.67,803900,12.81
2011-06-23,12.94,13.85,12.92,13.52,13900,12.67
2011-06-22,13.28,13.46,12.91,13.15,16200,12.32
2011-06-21,12.87,13.19,12.80,13.19,17600,12.36
2011-06-20,12.90,13.02,12.79,12.82,10200,12.01
2011-06-17,12.39,13.09,12.39,12.89,42100,12.08
2011-06-16,12.60,12.84,12.31,12.31,14000,11.54
2011-06-15,12.57,12.93,12.25,12.30,18900,11.53
2011-06-14,12.31,14.00,12.21,12.48,22500,11.69
2011-06-13,12.45,12.88,12.20,12.21,25700,11.44
2011-06-10,12.56,12.67,12.28,12.40,28000,11.62
2011-06-09,12.61,12.63,12.54,12.60,14500,11.81
2011-06-08,12.66,12.73,12.53,12.59,13500,11.80
2011-06-07,12.69,13.46,12.65,12.72,17500,11.92
2011-06-06,12.95,13.12,12.71,12.74,17800,11.94
2011-06-03,12.94,13.02,12.85,12.89,15600,12.08
2011-06-02,12.89,13.22,12.89,13.08,1800,12.26
2011-06-01,13.77,13.77,12.81,12.90,27300,12.09
2011-05-31,13.58,13.85,13.45,13.73,11300,12.87
2011-05-27,13.24,13.53,13.24,13.53,3900,12.68
2011-05-26,13.08,13.24,13.08,13.23,4700,12.35
2011-05-25,13.08,13.25,12.88,13.08,9100,12.21
2011-05-24,13.19,13.23,13.14,13.16,14000,12.29
2011-05-23,13.10,13.54,13.10,13.15,11200,12.28
2011-05-20,13.20,13.47,13.20,13.21,9500,12.33
2011-05-19,13.31,13.31,13.20,13.26,14200,12.38
2011-05-18,13.15,13.35,13.15,13.27,10000,12.39
2011-05-17,13.49,13.49,13.02,13.15,15000,12.28
2011-05-16,13.86,14.14,13.46,13.46,11000,12.57
2011-05-13,14.06,14.12,13.89,13.93,5200,13.00
2011-05-12,14.10,14.23,13.90,14.00,4400,13.07
2011-05-11,14.32,14.32,14.15,14.15,1900,13.21
2011-05-10,14.42,14.53,14.41,14.53,4400,13.56
2011-05-09,14.31,14.40,14.15,14.36,10000,13.41
2011-05-06,14.23,14.39,14.22,14.32,3100,13.37
2011-05-05,14.12,14.18,14.10,14.10,13900,13.16
2011-05-04,14.13,14.17,14.05,14.15,8200,13.21
2011-05-03,14.20,14.21,14.05,14.05,11900,13.12
2011-05-02,14.68,14.68,14.26,14.26,7100,13.31
2011-04-29,14.30,14.69,14.16,14.69,41000,13.71
2011-04-28,14.10,14.25,14.03,14.25,5200,13.30
2011-04-27,14.23,14.24,14.10,14.21,2400,13.27
2011-04-26,14.55,14.55,14.15,14.26,6400,13.31
2011-04-25,14.50,14.75,14.49,14.59,17000,13.62
2011-04-21,14.23,14.59,14.16,14.55,11800,13.58
2011-04-20,14.04,14.21,13.90,14.21,10200,13.27
2011-04-19,13.97,13.97,13.80,13.90,4200,12.98
2011-04-18,14.02,14.02,13.85,13.86,4200,12.94
2011-04-15,13.96,14.22,13.96,14.18,7800,13.24
2011-04-14,13.79,14.05,13.79,14.02,3100,13.09
2011-04-13,14.03,14.07,13.82,13.82,3700,12.90
2011-04-12,14.03,14.21,13.89,13.89,14200,12.97
2011-04-11,14.57,14.68,14.16,14.20,10500,13.26
2011-04-08,14.75,14.75,14.55,14.60,5700,13.63
2011-04-07,14.74,14.75,14.65,14.68,3300,13.70
2011-04-06,14.58,14.61,14.45,14.61,2000,13.64
2011-04-05,14.79,14.79,14.36,14.57,5900,13.60
2011-04-04,14.84,14.89,14.72,14.89,2300,13.90
2011-04-01,14.78,14.89,14.50,14.75,6000,13.77
2011-03-31,14.43,14.98,13.82,14.84,21600,13.85
2011-03-30,14.34,14.42,14.23,14.42,2800,13.46
2011-03-29,13.62,14.74,13.62,14.26,3700,13.31
2011-03-28,13.91,13.91,13.65,13.65,10900,12.74
2011-03-25,14.06,14.06,13.87,13.92,7900,12.99
2011-03-24,14.78,14.78,14.00,14.05,4400,13.12
2011-03-23,13.87,13.94,13.80,13.94,2600,13.01
2011-03-22,14.00,14.00,13.70,13.85,5300,12.93
2011-03-21,14.01,14.65,13.65,14.00,29700,13.07
2011-03-18,13.84,14.03,13.67,13.94,16400,13.01
2011-03-17,13.92,13.92,13.72,13.81,5300,12.89
2011-03-16,13.88,14.14,13.75,13.75,6400,12.84
2011-03-15,14.00,14.36,14.00,14.10,4000,13.16
2011-03-14,14.39,14.52,14.27,14.27,9700,13.32
2011-03-11,14.55,14.61,14.40,14.45,5500,13.49
2011-03-10,14.71,14.79,14.46,14.46,32400,13.50
2011-03-09,14.60,14.99,14.50,14.84,1500,13.85
2011-03-08,14.50,14.69,14.50,14.69,4900,13.71
2011-03-07,14.53,14.79,14.47,14.47,8200,13.51
2011-03-04,14.74,14.74,14.50,14.52,3200,13.55
2011-03-03,14.53,14.76,14.53,14.76,6300,13.78
2011-03-02,14.50,14.50,14.40,14.50,2900,13.54
2011-03-01,14.50,14.55,14.45,14.45,9300,13.49
2011-02-28,14.60,14.60,14.30,14.50,5000,13.54
2011-02-25,14.58,14.58,14.33,14.58,6300,13.61
2011-02-24,14.67,14.68,14.51,14.63,8800,13.61
2011-02-23,14.37,14.74,14.37,14.44,5300,13.43
2011-02-22,14.34,14.53,14.21,14.26,9800,13.27
2011-02-18,14.40,14.45,14.39,14.45,16300,13.44
2011-02-17,14.52,14.52,14.40,14.40,14100,13.40
2011-02-16,14.69,14.69,14.42,14.49,17200,13.48
2011-02-15,14.62,14.83,14.41,14.69,4600,13.67
2011-02-14,14.99,14.99,14.66,14.67,1100,13.65
2011-02-11,14.45,14.88,14.45,14.70,10600,13.68
2011-02-10,14.48,14.48,14.35,14.46,9300,13.45
2011-02-09,14.35,14.45,14.35,14.44,7200,13.43
2011-02-08,14.42,14.50,14.30,14.42,8800,13.42
2011-02-07,14.40,14.47,14.26,14.47,6500,13.46
2011-02-04,14.47,14.50,14.25,14.45,9100,13.44
2011-02-03,14.66,14.66,14.30,14.43,2000,13.42
2011-02-02,14.31,14.67,14.31,14.64,3200,13.62
2011-02-01,14.07,14.46,14.04,14.44,14700,13.43
2011-01-31,13.93,14.09,13.93,14.07,11700,13.09
2011-01-28,13.92,14.18,13.87,13.87,20900,12.90
2011-01-27,14.18,14.20,13.90,13.98,5300,13.01
2011-01-26,13.90,14.17,13.90,14.00,6300,13.02
2011-01-25,13.95,14.02,13.79,13.79,9300,12.83
2011-01-24,13.99,14.11,13.99,13.99,3700,13.02
2011-01-21,14.41,14.41,13.99,13.99,25300,13.02
2011-01-20,14.60,14.77,14.21,14.21,9600,13.22
2011-01-19,14.84,14.98,14.55,14.63,13900,13.61
2011-01-18,14.71,14.75,14.70,14.75,10200,13.72
2011-01-14,14.90,15.00,14.55,14.80,7100,13.77
2011-01-13,15.05,15.23,14.91,14.91,13400,13.87
2011-01-12,15.24,15.24,14.68,15.19,8400,14.13
2011-01-11,15.03,15.10,14.90,15.10,3800,14.05
2011-01-10,15.05,15.05,14.85,15.01,4000,13.96
2011-01-07,15.29,15.29,15.06,15.19,4400,14.13
2011-01-06,15.45,15.45,15.19,15.32,8200,14.25
2011-01-05,15.15,15.45,14.99,15.45,5700,14.37
2011-01-04,15.43,15.43,15.12,15.16,3800,14.10
2011-01-03,15.12,15.43,14.99,15.37,6100,14.30
2010-12-31,15.20,15.50,14.89,15.11,3700,14.06
2010-12-30,15.26,15.60,15.25,15.30,4900,14.23
2010-12-29,15.37,15.56,15.37,15.38,1800,14.31
2010-12-28,15.46,15.46,15.19,15.26,29300,14.20
2010-12-27,15.28,15.48,15.28,15.47,3200,14.39
2010-12-23,15.05,15.75,15.05,15.38,6200,14.31
2010-12-22,15.59,15.71,15.10,15.48,2200,14.40
2010-12-21,15.72,15.81,15.06,15.64,6300,14.55
2010-12-20,15.48,15.94,15.48,15.74,5100,14.64
2010-12-17,15.29,15.95,15.29,15.49,28700,14.41
2010-12-16,15.10,15.40,15.10,15.21,5900,14.15
2010-12-15,15.27,15.33,15.04,15.07,10600,14.02
2010-12-14,15.34,15.34,14.79,15.21,4800,14.15
2010-12-13,15.31,15.37,15.15,15.24,3800,14.18
2010-12-10,15.28,15.37,15.11,15.31,8600,14.24
2010-12-09,15.06,15.28,15.06,15.28,8900,14.22
2010-12-08,15.19,15.20,15.01,15.12,4000,14.07
2010-12-07,15.16,15.18,14.90,15.15,7600,14.09
2010-12-06,14.67,15.02,14.65,15.02,3100,13.97
2010-12-03,14.67,14.82,14.60,14.79,5400,13.76
2010-12-02,14.94,14.94,14.65,14.79,6700,13.76
2010-12-01,14.76,14.99,14.54,14.88,16500,13.84
2010-11-30,14.56,14.75,14.00,14.45,9400,13.44
2010-11-29,14.62,14.74,14.48,14.73,3700,13.70
2010-11-26,14.20,14.87,14.20,14.77,300,13.69
2010-11-24,14.72,14.97,14.44,14.97,5300,13.88
2010-11-23,14.67,14.81,14.07,14.57,12900,13.51
2010-11-22,14.70,14.83,14.64,14.83,2200,13.75
2010-11-19,14.71,14.84,14.70,14.84,6200,13.76
2010-11-18,14.71,14.84,14.50,14.65,6600,13.58
2010-11-17,14.75,14.86,14.70,14.79,1800,13.71
2010-11-16,14.87,14.87,14.62,14.62,5600,13.56
2010-11-15,15.07,15.07,15.00,15.02,500,13.93
2010-11-12,14.95,14.95,14.77,14.77,4000,13.69
2010-11-11,15.15,15.15,15.00,15.02,2900,13.93
2010-11-10,15.05,15.22,15.05,15.13,6000,14.03
2010-11-09,15.20,15.20,15.03,15.08,5600,13.98
2010-11-08,15.05,15.28,15.04,15.26,2000,14.15
2010-11-05,15.10,15.19,15.00,15.09,6100,13.99
2010-11-04,14.75,15.10,14.74,15.09,11000,13.99
2010-11-03,14.42,14.75,14.42,14.71,3500,13.64
2010-11-02,14.29,14.49,14.29,14.48,6700,13.43
2010-11-01,14.73,14.73,13.91,14.10,4200,13.07
2010-10-29,14.56,14.99,14.54,14.71,7000,13.64
2010-10-28,14.72,14.72,14.52,14.52,4000,13.46
2010-10-27,14.58,14.95,14.25,14.57,18800,13.51
2010-10-26,14.52,14.69,14.50,14.58,6700,13.52
2010-10-25,14.89,14.89,14.60,14.65,5400,13.58
2010-10-22,14.47,14.64,14.23,14.56,5100,13.50
2010-10-21,15.00,15.00,14.40,14.47,6200,13.42
2010-10-20,14.90,15.05,14.58,15.05,5600,13.95
2010-10-19,14.85,14.95,14.65,14.79,6700,13.71
2010-10-18,14.37,15.02,14.37,15.02,11200,13.93
2010-10-15,14.87,14.95,14.50,14.73,16400,13.66
2010-10-14,15.00,15.05,14.39,14.57,18000,13.51
2010-10-13,14.98,15.05,14.89,14.99,15700,13.90
2010-10-12,14.73,14.99,14.66,14.98,1300,13.89
2010-10-11,14.83,14.91,14.50,14.82,15400,13.74
2010-10-08,14.80,14.95,14.58,14.89,11100,13.81
2010-10-07,15.10,15.10,14.80,14.85,7900,13.77
2010-10-06,14.50,15.10,14.47,15.03,18300,13.94
2010-10-05,14.57,14.98,14.20,14.98,8800,13.89
2010-10-04,14.89,15.00,14.43,14.44,7800,13.39
2010-10-01,14.86,14.89,14.56,14.89,19800,13.81
2010-09-30,15.00,15.00,14.66,14.66,15500,13.59
2010-09-29,14.96,15.00,14.86,14.98,10800,13.89
2010-09-28,15.07,15.07,14.85,15.02,47200,13.93
2010-09-27,14.91,15.12,14.59,14.97,14900,13.88
2010-09-24,14.00,14.94,14.00,14.94,8800,13.85
2010-09-23,14.05,14.11,13.81,13.88,5300,12.87
2010-09-22,14.32,14.60,13.77,14.13,9300,13.10
2010-09-21,14.29,14.62,14.17,14.31,6300,13.27
2010-09-20,13.83,14.40,13.53,14.25,16500,13.21
2010-09-17,14.00,14.15,13.70,13.88,14600,12.87
2010-09-16,13.86,14.07,13.70,13.80,3200,12.80
2010-09-15,13.79,14.13,13.76,13.93,4200,12.92
2010-09-14,13.82,14.15,13.71,13.78,5400,12.78
2010-09-13,13.61,14.01,13.61,13.95,8500,12.93
2010-09-10,13.31,13.72,13.25,13.51,11600,12.53
2010-09-09,13.20,13.45,12.98,13.25,13100,12.29
2010-09-08,13.05,13.22,12.80,13.10,7400,12.15
2010-09-07,13.50,13.55,12.99,13.00,18000,12.05
2010-09-03,13.71,13.72,13.31,13.56,10300,12.57
2010-09-02,13.36,13.63,13.36,13.63,4400,12.64
2010-09-01,13.24,13.67,13.22,13.45,9300,12.47
2010-08-31,13.38,13.57,13.10,13.11,8400,12.16
2010-08-30,13.27,13.50,13.15,13.22,19700,12.26
2010-08-27,12.99,13.39,12.92,13.33,10800,12.31
2010-08-26,12.89,13.16,12.83,12.89,5000,11.91
2010-08-25,12.63,12.76,12.42,12.75,14500,11.78
2010-08-24,12.52,12.60,12.37,12.37,25000,11.43
2010-08-23,13.62,13.69,12.71,12.76,9400,11.79
2010-08-20,13.39,13.65,13.03,13.42,11200,12.40
2010-08-19,13.88,14.10,13.44,13.59,11900,12.55
2010-08-18,13.68,14.06,13.47,13.96,6200,12.90
2010-08-17,13.11,14.21,12.77,13.82,48600,12.77
2010-08-16,12.72,13.23,12.72,13.02,12500,12.03
2010-08-13,13.65,13.92,12.68,12.77,16100,11.80
2010-08-12,13.94,14.21,13.66,13.67,5300,12.63
2010-08-11,14.25,14.79,13.93,13.93,15200,12.87
2010-08-10,14.97,14.97,14.32,14.35,6700,13.26
2010-08-09,15.01,15.25,14.66,14.99,24200,13.85
2010-08-06,14.41,15.47,13.69,15.02,38800,13.87
2010-08-05,14.68,14.68,14.40,14.40,9400,13.30
2010-08-04,14.82,14.99,14.45,14.78,14700,13.65
2010-08-03,14.81,14.98,14.76,14.81,7300,13.68
2010-08-02,15.11,15.11,14.82,14.87,7300,13.74
2010-07-30,14.63,15.18,14.63,14.99,21400,13.85
2010-07-29,14.71,14.81,14.66,14.78,10000,13.65
2010-07-28,15.08,15.08,14.69,14.72,12500,13.60
2010-07-27,15.21,15.27,14.56,15.20,10100,14.04
2010-07-26,15.00,15.11,14.84,15.11,24800,13.96
2010-07-23,15.40,15.40,14.64,14.99,9600,13.85
2010-07-22,14.74,15.49,14.65,15.49,9100,14.31
2010-07-21,14.78,14.98,14.53,14.64,10300,13.52
2010-07-20,14.27,14.98,14.00,14.77,7800,13.64
2010-07-19,14.06,14.56,13.99,14.38,6200,13.28
2010-07-16,14.26,14.26,13.91,14.01,24900,12.94
2010-07-15,14.49,14.49,14.17,14.35,4200,13.26
2010-07-14,14.99,15.00,14.37,14.50,14400,13.39
2010-07-13,14.44,15.31,14.34,15.00,25400,13.86
2010-07-12,14.91,14.91,14.33,14.33,23800,13.24
2010-07-09,14.84,14.84,13.99,14.39,8800,13.29
2010-07-08,15.51,15.51,14.61,14.80,16900,13.67
2010-07-07,13.91,14.73,13.78,14.73,20000,13.61
2010-07-06,14.97,14.97,13.88,13.97,13200,12.90
2010-07-02,15.28,15.28,14.64,14.64,9000,13.52
2010-07-01,15.59,15.70,14.93,15.14,15900,13.99
2010-06-30,15.76,15.76,15.30,15.48,14900,14.30
2010-06-29,16.03,16.19,15.51,15.78,14900,14.58
2010-06-28,16.45,16.45,16.06,16.17,11000,14.94
2010-06-25,16.50,16.84,15.91,16.52,773400,15.26
2010-06-24,16.33,16.50,16.05,16.34,26000,15.09
2010-06-23,15.86,16.41,15.52,16.08,9800,14.85
2010-06-22,16.45,16.50,16.00,16.20,14300,14.96
2010-06-21,16.14,16.45,16.14,16.40,1400,15.15
2010-06-18,16.49,16.65,16.43,16.50,11200,15.24
2010-06-17,16.70,16.77,16.50,16.59,11900,15.32
2010-06-16,16.70,17.00,16.59,16.72,3700,15.44
2010-06-15,16.82,16.85,16.50,16.75,5400,15.47
2010-06-14,16.03,16.69,15.89,16.54,12500,15.28
2010-06-11,16.19,16.40,16.00,16.26,7800,15.02
2010-06-10,16.19,16.20,15.53,16.07,7200,14.84
2010-06-09,16.00,16.19,15.42,16.19,2600,14.96
2010-06-08,16.10,16.20,15.99,16.00,1400,14.78
2010-06-07,16.13,16.20,16.07,16.09,15900,14.86
2010-06-04,15.97,16.20,15.21,16.07,5900,14.84
2010-06-03,16.36,16.54,16.15,16.54,5000,15.28
2010-06-02,16.43,16.69,16.00,16.69,1900,15.42
2010-06-01,16.86,16.86,16.13,16.60,4300,15.33
2010-05-28,16.23,16.85,15.50,16.72,23200,15.44
2010-05-27,15.75,16.25,15.75,16.18,20200,14.95
2010-05-26,15.73,15.90,15.44,15.87,24300,14.61
2010-05-25,15.33,16.00,15.23,16.00,13600,14.73
2010-05-24,15.59,15.80,15.41,15.59,8400,14.36
2010-05-21,15.23,15.80,15.19,15.68,11300,14.44
2010-05-20,15.84,15.89,15.06,15.45,11300,14.23
2010-05-19,15.85,15.90,15.34,15.77,12200,14.52
2010-05-18,15.74,15.90,15.70,15.90,16600,14.64
2010-05-17,15.14,15.94,15.10,15.68,11000,14.44
2010-05-14,15.81,15.81,15.25,15.62,12600,14.38
2010-05-13,15.22,16.00,15.19,15.80,117300,14.55
2010-05-12,15.00,15.23,15.00,15.14,21000,13.94
2010-05-11,14.90,15.15,14.76,15.08,8800,13.89
2010-05-10,14.63,14.80,14.61,14.78,4000,13.61
2010-05-07,14.16,14.50,14.00,14.37,24400,13.23
2010-05-06,14.49,14.50,14.20,14.50,55400,13.35
2010-05-05,14.39,14.39,14.08,14.30,1500,13.17
2010-05-04,14.35,14.48,14.22,14.48,8000,13.33
2010-05-03,14.25,14.40,14.00,14.39,2100,13.25
2010-04-30,14.40,14.49,14.26,14.39,8200,13.25
2010-04-29,14.25,14.40,14.05,14.40,11500,13.26
2010-04-28,14.00,14.45,14.00,14.25,12100,13.12
2010-04-27,14.03,14.05,13.75,14.05,6500,12.94
2010-04-26,13.76,14.06,13.75,14.05,5500,12.94
2010-04-23,13.81,14.00,13.57,13.83,7100,12.73
2010-04-22,13.78,13.83,13.50,13.78,9000,12.69
2010-04-21,13.63,13.87,13.60,13.79,800,12.70
2010-04-20,13.75,13.85,13.53,13.85,37100,12.75
2010-04-19,13.75,13.75,13.60,13.75,800,12.66
2010-04-16,13.75,13.75,13.70,13.75,2500,12.66
2010-04-15,13.24,13.98,13.24,13.75,6800,12.66
2010-04-14,12.84,13.15,12.75,13.15,7400,12.11
2010-04-13,12.40,12.76,12.35,12.74,15300,11.73
2010-04-12,12.22,12.50,12.22,12.49,5900,11.50
2010-04-09,12.24,12.24,12.20,12.22,1600,11.25
2010-04-08,11.26,12.24,11.26,12.20,12200,11.23
2010-04-07,12.07,12.07,12.07,12.07,100,11.11
2010-04-06,12.08,12.25,12.06,12.19,8400,11.22
2010-04-05,12.25,12.25,12.05,12.15,2800,11.19
2010-04-01,11.97,12.20,11.95,12.17,2400,11.21
2010-03-31,11.60,11.79,11.51,11.79,6500,10.86
2010-03-30,11.65,11.65,11.60,11.60,4300,10.68
2010-03-29,11.60,11.60,11.58,11.58,2400,10.66
2010-03-26,11.60,11.75,11.60,11.67,1300,10.75
2010-03-25,11.60,11.60,11.60,11.60,000,10.68
2010-03-24,11.60,11.60,11.60,11.60,700,10.68
2010-03-23,11.60,11.60,11.60,11.60,200,10.68
2010-03-22,11.41,11.70,11.35,11.50,2700,10.59
2010-03-19,11.80,11.80,11.26,11.80,5700,10.87
2010-03-18,11.34,11.58,11.25,11.58,1600,10.66
2010-03-17,11.50,11.75,11.50,11.75,1400,10.82
2010-03-16,11.31,11.94,11.31,11.51,2200,10.60
2010-03-15,11.36,11.36,11.25,11.25,1600,10.36
2010-03-12,11.25,11.25,11.25,11.25,1400,10.36
2010-03-11,11.26,11.48,11.25,11.41,1200,10.51
2010-03-10,11.23,11.35,11.21,11.25,25500,10.36
2010-03-09,11.39,11.39,11.35,11.35,1400,10.45
2010-03-08,11.20,11.20,11.20,11.20,700,10.31
2010-03-05,11.07,11.15,11.07,11.15,200,10.27
2010-03-04,11.34,11.35,11.34,11.35,4300,10.45
2010-03-03,11.11,11.11,11.00,11.10,800,10.22
2010-03-02,11.25,11.25,11.25,11.25,000,10.36
2010-03-01,11.25,11.25,11.25,11.25,000,10.36
2010-02-26,11.25,11.25,11.23,11.25,7900,10.36
2010-02-25,11.35,11.35,11.10,11.12,3500,10.24
2010-02-24,11.20,11.49,11.20,11.45,5400,10.50
2010-02-23,11.26,11.26,11.24,11.24,1100,10.30
2010-02-22,10.91,11.40,10.91,11.40,2800,10.45
2010-02-19,10.80,10.80,10.63,10.63,3200,9.75
2010-02-18,10.87,11.02,10.75,11.00,2500,10.08
2010-02-17,10.59,10.89,10.21,10.61,6400,9.73
2010-02-16,10.49,10.78,10.19,10.60,9400,9.72
2010-02-12,10.30,10.74,10.30,10.40,11100,9.53
2010-02-11,9.94,10.11,9.94,10.10,12700,9.26
2010-02-10,9.83,10.10,9.55,10.09,12000,9.25
2010-02-09,9.73,9.89,9.45,9.89,5000,9.07
2010-02-08,9.59,9.75,9.40,9.45,9800,8.66
2010-02-05,9.41,9.42,9.30,9.30,2100,8.53
2010-02-04,9.20,9.20,9.20,9.20,2000,8.43
2010-02-03,9.30,9.50,9.25,9.40,4500,8.62
2010-02-02,9.49,9.50,9.49,9.50,500,8.71
2010-02-01,9.60,9.60,9.54,9.54,600,8.75
2010-01-29,9.50,9.51,9.50,9.50,1300,8.71
2010-01-28,9.58,9.58,9.45,9.50,1200,8.71
2010-01-27,9.49,9.55,9.26,9.35,7300,8.57
2010-01-26,9.12,9.12,9.10,9.10,1100,8.34
2010-01-25,9.26,9.26,9.26,9.26,000,8.49
2010-01-22,9.48,9.50,9.20,9.26,8300,8.49
2010-01-21,9.35,9.36,9.35,9.35,15700,8.57
2010-01-20,9.38,9.38,9.38,9.38,000,8.60
2010-01-19,9.17,9.38,9.00,9.38,5800,8.60
2010-01-15,8.99,8.99,8.99,8.99,1500,8.24
2010-01-14,8.50,9.10,8.50,9.10,9200,8.34
2010-01-13,8.80,8.80,8.76,8.76,2800,8.03
2010-01-12,8.61,8.79,8.61,8.79,7800,8.06
2010-01-11,8.85,8.85,8.68,8.68,3200,7.96
2010-01-08,8.49,8.60,8.46,8.60,4600,7.88
2010-01-07,8.49,8.49,8.49,8.49,000,7.78
2010-01-06,8.24,8.49,8.24,8.49,800,7.78
2010-01-05,8.10,8.47,7.70,8.09,9700,7.42
2010-01-04,7.90,8.92,7.90,8.66,11600,7.94
2009-12-31,8.01,8.75,8.01,8.74,7600,8.01
2009-12-30,8.19,8.35,8.17,8.35,900,7.66
2009-12-29,8.16,8.40,7.90,8.35,10300,7.66
2009-12-28,7.95,8.17,7.95,8.17,1300,7.49
2009-12-24,7.95,7.95,7.95,7.95,000,7.29
2009-12-23,7.82,8.00,7.82,7.95,9400,7.29
2009-12-22,7.82,8.00,7.82,7.90,6700,7.24
2009-12-21,7.76,8.00,7.76,7.84,3300,7.19
2009-12-18,7.70,7.95,7.70,7.95,10500,7.29
2009-12-17,7.57,7.84,7.57,7.84,4600,7.19
2009-12-16,7.99,8.00,7.80,7.80,3300,7.15
2009-12-15,7.98,7.98,7.80,7.81,1600,7.16
2009-12-14,7.81,7.81,7.81,7.81,000,7.16
2009-12-11,7.95,7.95,7.81,7.81,5700,7.16
2009-12-10,7.80,7.80,7.80,7.80,000,7.15
2009-12-09,7.79,7.81,7.79,7.80,3900,7.15
2009-12-08,7.84,7.84,7.84,7.84,000,7.19
2009-12-07,7.98,8.00,7.84,7.84,3100,7.19
2009-12-04,8.00,8.00,8.00,8.00,8900,7.33
2009-12-03,7.95,8.00,7.95,7.95,13600,7.29
2009-12-02,7.76,8.00,7.76,8.00,4700,7.33
2009-12-01,7.80,7.80,7.80,7.80,600,7.15
2009-11-30,7.98,7.98,7.98,7.98,200,7.32
2009-11-27,7.65,7.65,7.65,7.65,1700,7.01
2009-11-25,7.90,8.00,7.90,8.00,2600,7.29
2009-11-24,8.00,8.00,7.92,7.92,1600,7.22
2009-11-23,7.90,7.90,7.90,7.90,000,7.20
2009-11-20,8.05,8.05,7.90,7.90,2100,7.20
2009-11-19,8.05,8.05,8.05,8.05,000,7.33
2009-11-18,8.05,8.05,8.05,8.05,1000,7.33
