Date,Open,High,Low,Close,Volume,Adj Close
2014-11-18,9.63,9.70,9.63,9.68,31300,9.68
2014-11-17,9.65,9.65,9.63,9.63,17200,9.63
2014-11-14,9.63,9.65,9.63,9.65,21400,9.65
2014-11-13,9.63,9.63,9.60,9.63,88200,9.63
2014-11-12,9.63,9.63,9.60,9.62,18400,9.62
2014-11-11,9.64,9.64,9.62,9.63,18300,9.63
2014-11-10,9.62,9.66,9.60,9.61,34400,9.61
2014-11-07,9.60,9.63,9.60,9.60,8300,9.60
2014-11-06,9.68,9.69,9.60,9.60,1700,9.60
2014-11-05,9.55,9.70,9.55,9.65,26300,9.65
2014-11-04,9.50,9.62,9.50,9.50,9000,9.50
2014-11-03,9.49,9.50,9.49,9.50,7100,9.50
2014-10-31,9.37,9.50,9.37,9.49,30600,9.49
2014-10-30,9.48,9.48,9.48,9.48,100,9.48
2014-10-29,9.57,9.57,9.35,9.45,41900,9.45
2014-10-28,9.52,9.80,9.52,9.56,34700,9.56
2014-10-27,9.67,9.67,9.52,9.52,43500,9.52
2014-10-24,9.57,9.64,9.52,9.52,23700,9.52
2014-10-23,9.70,9.75,9.50,9.54,27000,9.54
2014-10-22,9.79,9.81,9.70,9.71,25800,9.71
2014-10-21,9.64,9.85,9.64,9.81,6300,9.81
2014-10-20,9.89,9.89,9.62,9.68,69100,9.68
2014-10-17,10.00,10.06,9.70,9.75,344900,9.75
2014-10-16,16.68,16.75,16.28,16.75,2600,10.17
2014-10-15,16.25,16.75,16.22,16.22,3500,9.85
2014-10-14,16.80,16.80,16.80,16.80,500,10.20
2014-10-13,15.08,16.77,15.08,16.22,4600,9.85
2014-10-10,16.75,16.75,16.75,16.75,1000,10.17
2014-10-09,16.72,16.77,16.72,16.77,2300,10.16
2014-10-08,16.79,16.79,16.15,16.71,2600,10.13
2014-10-07,16.47,16.80,16.46,16.80,4000,10.18
2014-10-06,16.47,16.47,16.10,16.10,300,9.76
2014-10-03,16.39,16.40,16.10,16.25,11500,9.85
2014-10-02,15.52,16.72,15.52,16.40,9200,9.94
2014-10-01,15.00,15.50,14.84,15.30,23600,9.27
2014-09-30,14.95,14.95,14.95,14.95,500,9.06
2014-09-29,14.99,14.99,14.99,14.99,000,9.09
2014-09-26,14.69,14.99,14.69,14.99,1600,9.09
2014-09-25,14.90,15.12,14.90,15.12,700,9.16
2014-09-24,15.18,15.18,15.18,15.18,000,9.20
2014-09-23,15.18,15.18,15.18,15.18,300,9.20
2014-09-22,15.14,15.14,15.14,15.14,200,9.18
2014-09-19,15.34,15.34,14.38,14.38,5100,8.72
2014-09-18,14.38,15.42,14.30,15.10,42500,9.15
2014-09-17,14.38,14.39,14.21,14.22,1800,8.62
2014-09-16,14.17,14.23,14.17,14.19,2500,8.60
2014-09-15,14.36,14.36,14.05,14.17,20800,8.59
2014-09-12,15.51,15.51,14.32,14.40,40400,8.73
2014-09-11,14.37,14.40,14.37,14.40,2800,8.73
2014-09-10,14.35,14.40,14.35,14.40,1500,8.73
2014-09-09,14.34,14.35,14.32,14.35,1300,8.70
2014-09-08,14.36,14.40,14.04,14.30,1800,8.67
2014-09-05,14.16,14.16,14.16,14.16,000,8.58
2014-09-04,14.16,14.16,14.16,14.16,000,8.58
2014-09-03,14.15,14.40,14.12,14.16,18600,8.58
2014-09-02,14.20,14.32,14.03,14.12,24500,8.56
2014-08-29,14.05,14.20,14.05,14.20,300,8.61
2014-08-28,14.22,14.25,14.06,14.14,11700,8.57
2014-08-27,14.18,14.18,14.15,14.17,2500,8.59
2014-08-26,14.34,14.38,14.04,14.38,22600,8.72
2014-08-25,14.25,14.35,14.15,14.15,2300,8.58
2014-08-22,14.38,14.38,14.11,14.21,1600,8.61
2014-08-21,14.20,14.20,14.17,14.17,700,8.59
2014-08-20,14.44,14.44,14.08,14.30,13300,8.67
2014-08-19,14.33,14.40,14.13,14.25,15600,8.64
2014-08-18,14.32,14.32,14.32,14.32,1000,8.68
2014-08-15,14.93,15.16,14.31,14.32,5400,8.68
2014-08-14,14.39,14.40,14.30,14.33,17300,8.69
2014-08-13,14.35,14.45,14.31,14.32,40500,8.68
2014-08-12,14.30,15.50,14.15,14.43,39500,8.75
2014-08-11,14.45,14.99,14.35,14.38,25400,8.72
2014-08-08,14.25,15.30,14.25,14.57,8100,8.83
2014-08-07,14.40,14.78,14.07,14.60,10200,8.85
2014-08-06,14.20,15.00,14.18,14.60,12200,8.85
2014-08-05,14.48,14.50,14.48,14.50,500,8.79
2014-08-04,14.45,14.50,14.45,14.50,300,8.79
2014-08-01,15.00,15.00,15.00,15.00,000,9.09
2014-07-31,15.00,15.00,15.00,15.00,000,9.09
2014-07-30,15.00,15.00,15.00,15.00,000,9.09
2014-07-29,15.00,15.00,15.00,15.00,000,9.09
2014-07-28,15.00,15.00,15.00,15.00,000,9.09
2014-07-25,15.00,15.00,15.00,15.00,000,9.09
2014-07-24,15.00,15.00,15.00,15.00,000,9.09
2014-07-23,15.00,15.00,14.05,15.00,4400,9.09
2014-07-22,15.00,15.00,15.00,15.00,500,9.09
2014-07-21,15.00,15.00,15.00,15.00,000,9.09
2014-07-18,15.00,15.00,15.00,15.00,000,9.09
2014-07-17,15.00,15.00,15.00,15.00,000,9.09
2014-07-16,14.00,15.00,14.00,15.00,300,9.09
2014-07-15,15.00,15.00,15.00,15.00,000,9.09
2014-07-14,15.00,15.00,15.00,15.00,000,9.09
2014-07-11,14.95,15.00,14.95,15.00,3500,9.09
2014-07-10,14.51,14.51,14.51,14.51,000,8.78
2014-07-09,14.51,14.51,14.51,14.51,000,8.78
2014-07-08,14.51,14.51,14.51,14.51,000,8.78
2014-07-07,14.51,14.51,14.51,14.51,000,8.78
2014-07-03,14.51,14.51,14.51,14.51,000,8.78
2014-07-02,14.51,14.51,14.51,14.51,000,8.78
2014-07-01,14.51,14.51,14.51,14.51,000,8.78
2014-06-30,14.51,14.51,14.51,14.51,500,8.78
2014-06-27,14.90,14.90,14.90,14.90,000,9.01
2014-06-26,14.90,14.90,14.90,14.90,000,9.01
2014-06-25,14.90,14.90,14.90,14.90,000,9.01
2014-06-24,14.90,14.90,14.90,14.90,2100,9.01
2014-06-23,14.96,14.96,14.96,14.96,000,9.05
2014-06-20,14.96,14.96,14.96,14.96,000,9.05
2014-06-19,14.97,14.97,14.96,14.96,700,9.05
2014-06-18,15.00,15.00,15.00,15.00,2500,9.07
2014-06-17,15.01,15.01,15.01,15.01,000,9.08
2014-06-16,15.01,15.01,15.01,15.01,500,9.08
2014-06-13,15.15,15.30,15.15,15.30,1500,9.25
2014-06-12,15.00,15.00,15.00,15.00,200,9.07
2014-06-11,15.00,15.00,15.00,15.00,000,9.07
2014-06-10,15.00,15.00,15.00,15.00,000,9.07
2014-06-09,15.00,15.00,15.00,15.00,000,9.07
2014-06-06,15.00,15.00,15.00,15.00,000,9.07
2014-06-05,15.00,15.00,15.00,15.00,3600,9.07
2014-06-04,15.00,15.00,15.00,15.00,1600,9.07
2014-06-03,15.00,15.00,15.00,15.00,000,9.07
2014-06-02,15.00,15.00,15.00,15.00,000,9.07
2014-05-30,15.00,15.00,15.00,15.00,000,9.07
2014-05-29,15.00,15.00,15.00,15.00,000,9.07
2014-05-28,15.00,15.00,15.00,15.00,200,9.07
2014-05-27,15.00,15.00,15.00,15.00,000,9.07
2014-05-23,15.00,15.00,15.00,15.00,000,9.07
2014-05-22,15.00,15.00,15.00,15.00,000,9.07
2014-05-21,14.99,15.00,14.99,15.00,1000,9.07
2014-05-20,14.90,14.90,14.90,14.90,000,9.01
2014-05-19,14.90,14.90,14.90,14.90,000,9.01
2014-05-16,14.90,14.91,14.90,14.90,3100,9.01
2014-05-15,15.00,15.00,15.00,15.00,300,9.07
2014-05-14,14.91,14.91,14.91,14.91,000,9.02
2014-05-13,14.91,14.91,14.91,14.91,000,9.02
2014-05-12,14.91,14.91,14.91,14.91,000,9.02
2014-05-09,14.91,14.91,14.91,14.91,000,9.02
2014-05-08,14.91,14.91,14.91,14.91,1600,9.02
2014-05-07,14.90,14.90,14.90,14.90,500,9.01
2014-05-06,15.00,15.00,14.99,15.00,6300,9.07
2014-05-05,14.99,14.99,14.99,14.99,3000,9.07
2014-05-02,14.77,14.99,14.77,14.99,1500,9.07
2014-05-01,14.82,14.82,14.82,14.82,300,8.96
2014-04-30,14.86,14.86,14.86,14.86,700,8.99
2014-04-29,15.00,15.00,14.98,15.00,6800,9.07
2014-04-28,15.00,15.00,14.83,15.00,6400,9.07
2014-04-25,15.00,15.00,15.00,15.00,1800,9.07
2014-04-24,15.00,15.00,15.00,15.00,3300,9.07
2014-04-23,14.96,14.96,14.86,14.86,4100,8.99
2014-04-22,15.00,15.00,14.96,14.96,11400,9.05
2014-04-21,15.00,15.00,14.99,14.99,4800,9.07
2014-04-17,15.00,15.00,14.97,15.00,6600,9.07
2014-04-16,14.90,14.90,14.90,14.90,000,9.01
2014-04-15,15.00,15.00,14.70,14.90,5600,9.01
2014-04-14,14.90,15.25,14.90,15.25,1300,9.22
2014-04-11,14.63,14.63,14.63,14.63,000,8.85
2014-04-10,15.25,15.25,14.61,14.63,8700,8.83
2014-04-09,15.19,15.25,15.19,15.25,4300,9.20
2014-04-08,14.45,14.45,14.45,14.45,000,8.72
2014-04-07,14.40,14.45,14.40,14.45,700,8.72
2014-04-04,15.22,15.22,14.45,14.45,2600,8.72
2014-04-03,14.41,14.41,14.41,14.41,000,8.70
2014-04-02,14.41,14.41,14.41,14.41,000,8.70
2014-04-01,14.41,14.41,14.41,14.41,000,8.70
2014-03-31,14.41,14.41,14.41,14.41,000,8.70
2014-03-28,14.41,14.41,14.41,14.41,000,8.70
2014-03-27,14.41,14.41,14.41,14.41,000,8.70
2014-03-26,14.41,14.41,14.41,14.41,000,8.70
2014-03-25,14.41,14.41,14.41,14.41,000,8.70
2014-03-24,14.41,14.41,14.41,14.41,000,8.70
2014-03-21,14.41,14.41,14.41,14.41,000,8.70
2014-03-20,14.41,14.41,14.41,14.41,000,8.70
2014-03-19,14.41,14.41,14.41,14.41,000,8.70
2014-03-18,14.41,14.41,14.41,14.41,000,8.70
2014-03-17,14.41,14.41,14.41,14.41,000,8.70
2014-03-14,14.41,14.41,14.41,14.41,000,8.70
2014-03-13,14.41,14.41,14.41,14.41,000,8.70
2014-03-12,14.41,14.41,14.41,14.41,000,8.70
2014-03-11,14.41,14.41,14.41,14.41,000,8.70
2014-03-10,14.41,14.41,14.41,14.41,000,8.70
2014-03-07,14.41,14.41,14.41,14.41,000,8.70
2014-03-06,14.41,14.41,14.41,14.41,000,8.70
2014-03-05,14.41,14.41,14.41,14.41,000,8.70
2014-03-04,14.41,14.41,14.41,14.41,000,8.70
2014-03-03,14.41,14.41,14.41,14.41,000,8.70
2014-02-28,14.41,14.41,14.41,14.41,000,8.70
2014-02-27,14.41,14.41,14.41,14.41,000,8.70
2014-02-26,14.41,14.41,14.41,14.41,000,8.70
2014-02-25,14.41,14.41,14.41,14.41,000,8.70
2014-02-24,14.41,14.41,14.41,14.41,000,8.70
2014-02-21,14.41,14.41,14.41,14.41,000,8.70
2014-02-20,14.41,14.41,14.41,14.41,000,8.70
2014-02-19,14.41,14.41,14.41,14.41,000,8.70
2014-02-18,14.41,14.41,14.41,14.41,000,8.70
2014-02-14,14.41,14.41,14.41,14.41,000,8.70
2014-02-13,14.41,14.41,14.41,14.41,000,8.70
2014-02-12,14.41,14.41,14.41,14.41,000,8.70
2014-02-11,14.41,14.41,14.41,14.41,000,8.70
2014-02-10,14.41,14.41,14.41,14.41,000,8.70
2014-02-07,14.41,14.41,14.41,14.41,000,8.70
2014-02-06,14.41,14.41,14.41,14.41,000,8.70
2014-02-05,14.41,14.41,14.41,14.41,000,8.70
2014-02-04,14.41,14.41,14.41,14.41,000,8.70
2014-02-03,14.41,14.41,14.41,14.41,000,8.70
2014-01-31,14.41,14.41,14.41,14.41,000,8.70
2014-01-30,14.41,14.41,14.41,14.41,200,8.70
2014-01-29,14.39,14.39,14.39,14.39,200,8.69
2014-01-28,13.50,13.50,13.50,13.50,000,8.15
2014-01-27,13.50,13.50,13.50,13.50,800,8.15
2014-01-24,14.43,14.43,14.43,14.43,000,8.71
2014-01-23,14.43,14.43,14.43,14.43,000,8.71
2014-01-22,14.43,14.43,14.43,14.43,500,8.71
2014-01-21,13.50,13.50,13.50,13.50,000,8.15
2014-01-17,13.50,13.50,13.50,13.50,000,8.15
2014-01-16,13.50,13.50,13.50,13.50,000,8.15
2014-01-15,13.50,13.50,13.50,13.50,000,8.15
2014-01-14,13.50,13.50,13.50,13.50,000,8.15
2014-01-13,13.50,13.50,13.50,13.50,000,8.15
2014-01-10,13.50,13.50,13.50,13.50,000,8.13
2014-01-09,13.50,13.50,13.50,13.50,000,8.13
2014-01-08,13.50,13.50,13.50,13.50,000,8.13
2014-01-07,13.50,13.50,13.50,13.50,000,8.13
2014-01-06,13.50,13.50,13.50,13.50,000,8.13
2014-01-03,13.50,13.50,13.50,13.50,000,8.13
2014-01-02,13.50,13.50,13.50,13.50,1000,8.13
2013-12-31,13.50,13.50,13.50,13.50,500,8.13
2013-12-30,14.01,14.01,14.01,14.01,300,8.44
2013-12-27,14.03,14.03,14.03,14.03,500,8.45
2013-12-26,13.60,13.60,13.60,13.60,000,8.19
2013-12-24,13.60,13.60,13.60,13.60,000,8.19
2013-12-23,13.60,13.60,13.60,13.60,000,8.19
2013-12-20,13.60,13.60,13.60,13.60,000,8.19
2013-12-19,13.60,13.60,13.60,13.60,000,8.19
2013-12-18,13.60,13.60,13.60,13.60,500,8.19
2013-12-17,14.00,14.00,14.00,14.00,000,8.43
2013-12-16,14.00,14.00,14.00,14.00,000,8.43
2013-12-13,14.00,14.00,14.00,14.00,000,8.43
2013-12-12,14.00,14.00,14.00,14.00,300,8.43
2013-12-11,13.75,13.75,13.75,13.75,000,8.28
2013-12-10,13.75,13.75,13.75,13.75,200,8.28
2013-12-09,13.75,13.75,13.75,13.75,000,8.28
2013-12-06,14.09,14.40,13.75,13.75,500,8.28
2013-12-05,14.30,14.30,13.52,13.52,800,8.14
2013-12-04,14.50,14.50,13.45,13.45,500,8.10
2013-12-03,13.50,13.50,13.50,13.50,200,8.13
2013-12-02,13.50,13.85,13.50,13.50,800,8.13
2013-11-29,12.78,14.74,12.78,12.78,300,7.70
2013-11-27,13.50,13.50,13.50,13.50,200,8.13
2013-11-26,13.59,13.59,13.50,13.50,500,8.13
2013-11-25,13.50,13.50,13.50,13.50,200,8.13
2013-11-22,13.50,13.50,13.50,13.50,200,8.13
2013-11-21,13.50,13.50,13.50,13.50,300,8.13
2013-11-20,13.50,13.50,13.50,13.50,300,8.13
2013-11-19,13.50,13.50,13.50,13.50,200,8.13
2013-11-18,13.50,13.50,13.50,13.50,200,8.13
2013-11-15,13.50,13.50,13.50,13.50,000,8.13
2013-11-14,13.50,13.50,13.50,13.50,000,8.13
2013-11-13,13.50,13.50,13.50,13.50,700,8.13
2013-11-12,13.50,13.50,13.50,13.50,200,8.13
2013-11-11,13.51,13.51,13.51,13.51,200,8.14
2013-11-08,13.50,13.50,13.50,13.50,300,8.13
2013-11-07,13.50,13.50,13.50,13.50,800,8.13
2013-11-06,13.76,13.76,13.50,13.50,300,8.13
2013-11-05,13.50,13.50,13.50,13.50,200,8.13
2013-11-04,13.50,13.50,13.50,13.50,200,8.13
2013-11-01,13.76,13.76,13.52,13.52,300,8.14
2013-10-31,13.52,13.52,13.52,13.52,300,8.14
2013-10-30,13.63,13.63,13.63,13.63,800,8.21
2013-10-29,13.50,13.50,13.50,13.50,200,8.13
2013-10-28,13.50,13.50,13.50,13.50,000,8.13
2013-10-25,13.50,13.50,13.50,13.50,000,8.13
2013-10-24,13.50,13.50,13.50,13.50,000,8.13
2013-10-23,13.50,13.50,13.50,13.50,000,8.13
2013-10-22,13.50,13.50,13.50,13.50,1000,8.13
2013-10-21,13.50,13.50,13.50,13.50,000,8.13
2013-10-18,13.50,13.50,13.50,13.50,200,8.13
2013-10-17,13.68,13.68,13.68,13.68,000,8.24
2013-10-16,13.68,13.68,13.68,13.68,200,8.24
2013-10-15,13.50,13.50,13.50,13.50,200,8.13
2013-10-14,13.50,13.50,13.50,13.50,000,8.13
2013-10-11,13.50,13.50,13.50,13.50,200,8.13
2013-10-10,13.50,13.50,13.50,13.50,200,8.13
2013-10-09,13.50,13.50,13.50,13.50,200,8.11
2013-10-08,13.50,13.50,13.50,13.50,68000,8.11
2013-10-07,13.27,13.50,13.25,13.50,18300,8.11
2013-10-04,13.71,13.71,13.71,13.71,200,8.24
2013-10-03,13.23,13.23,13.23,13.23,200,7.95
2013-10-02,12.90,12.90,12.90,12.90,000,7.75
2013-10-01,13.15,13.20,12.90,12.90,1800,7.75
2013-09-30,13.20,13.22,12.95,12.95,500,7.78
2013-09-27,13.25,13.25,13.25,13.25,000,7.96
2013-09-26,13.26,13.26,13.25,13.25,300,7.96
2013-09-25,13.12,13.25,12.96,12.97,3100,7.79
2013-09-24,12.91,13.34,12.91,13.34,300,8.02
2013-09-23,13.38,13.38,13.38,13.38,200,8.04
2013-09-20,12.95,13.20,12.95,13.20,3000,7.93
2013-09-19,13.00,13.00,12.97,12.97,500,7.79
2013-09-18,12.96,13.05,12.92,13.05,2600,7.84
2013-09-17,13.94,13.94,13.94,13.94,000,8.38
2013-09-16,13.94,13.94,13.94,13.94,000,8.38
2013-09-13,13.94,13.94,13.94,13.94,200,8.38
2013-09-12,13.94,13.99,13.94,13.99,300,8.41
2013-09-11,13.94,13.94,13.90,13.90,500,8.35
2013-09-10,14.12,14.18,14.09,14.18,1000,8.52
2013-09-09,14.00,14.00,14.00,14.00,000,8.41
2013-09-06,14.00,14.00,14.00,14.00,000,8.41
2013-09-05,14.00,14.00,14.00,14.00,000,8.41
2013-09-04,14.00,14.00,14.00,14.00,000,8.41
2013-09-03,14.00,14.00,14.00,14.00,000,8.41
2013-08-30,14.00,14.00,14.00,14.00,000,8.41
2013-08-29,14.00,14.00,14.00,14.00,000,8.41
2013-08-28,14.00,14.00,14.00,14.00,000,8.41
2013-08-27,14.66,14.66,14.00,14.00,500,8.41
2013-08-26,14.60,14.60,14.60,14.60,200,8.77
2013-08-23,13.33,13.33,13.33,13.33,000,8.01
2013-08-22,13.33,13.33,13.33,13.33,000,8.01
2013-08-21,13.33,13.33,13.33,13.33,500,8.01
2013-08-20,12.91,12.91,12.75,12.75,2300,7.66
2013-08-19,13.17,13.17,13.17,13.17,200,7.91
2013-08-16,12.93,13.01,12.93,13.01,300,7.82
2013-08-15,12.87,13.73,12.87,13.24,700,7.96
2013-08-14,13.11,13.11,13.11,13.11,200,7.88
2013-08-13,14.91,14.91,14.60,14.60,300,8.77
2013-08-12,14.99,14.99,14.99,14.99,000,9.01
2013-08-09,14.99,14.99,14.99,14.99,200,9.01
2013-08-08,12.83,15.00,12.47,15.00,2000,9.01
2013-08-07,14.58,14.62,14.50,14.50,1500,8.71
2013-08-06,15.92,15.92,15.92,15.92,000,9.57
2013-08-05,15.92,15.92,15.92,15.92,200,9.57
2013-08-02,16.00,16.00,16.00,16.00,000,9.61
2013-08-01,16.00,16.00,16.00,16.00,000,9.61
2013-07-31,16.00,16.00,16.00,16.00,500,9.61
2013-07-30,16.00,16.00,16.00,16.00,500,9.61
2013-07-29,15.96,15.96,15.96,15.96,000,9.59
2013-07-26,15.96,15.96,15.96,15.96,000,9.59
2013-07-25,15.96,15.96,15.96,15.96,200,9.59
2013-07-24,13.88,13.88,13.88,13.88,200,8.34
2013-07-23,15.77,15.77,15.77,15.77,000,9.48
2013-07-22,15.77,15.77,15.77,15.77,000,9.48
2013-07-19,15.77,15.77,15.77,15.77,000,9.48
2013-07-18,15.77,15.77,15.77,15.77,200,9.48
2013-07-17,15.98,15.98,15.54,15.54,1000,9.34
2013-07-16,15.97,15.97,15.97,15.97,200,9.60
2013-07-15,13.50,13.50,13.50,13.50,200,8.11
2013-07-12,12.49,12.52,12.47,12.47,1600,7.49
2013-07-11,13.15,13.15,13.15,13.15,000,7.90
2013-07-10,13.15,13.15,13.15,13.15,000,7.88
2013-07-09,13.15,13.15,13.15,13.15,000,7.88
2013-07-08,13.15,13.15,13.15,13.15,000,7.88
2013-07-05,13.15,13.15,13.15,13.15,000,7.88
2013-07-03,13.15,13.15,13.15,13.15,000,7.88
2013-07-02,13.15,13.15,13.15,13.15,000,7.88
2013-07-01,13.15,13.15,13.15,13.15,000,7.88
2013-06-28,13.15,13.15,13.15,13.15,000,7.88
2013-06-27,13.15,13.15,13.15,13.15,000,7.88
2013-06-26,13.15,13.15,13.15,13.15,000,7.88
2013-06-25,13.15,13.15,13.15,13.15,000,7.88
2013-06-24,13.15,13.15,13.15,13.15,000,7.88
2013-06-21,13.15,13.15,13.15,13.15,000,7.88
2013-06-20,13.15,13.15,13.15,13.15,000,7.88
2013-06-19,13.15,13.15,13.15,13.15,000,7.88
2013-06-18,13.15,13.15,13.15,13.15,000,7.88
2013-06-17,13.15,13.15,13.15,13.15,000,7.88
2013-06-14,13.15,13.15,13.15,13.15,000,7.88
2013-06-13,13.15,13.15,13.15,13.15,000,7.88
2013-06-12,13.15,13.15,13.15,13.15,000,7.88
2013-06-11,13.15,13.15,13.15,13.15,000,7.88
2013-06-10,13.15,13.15,13.15,13.15,000,7.88
2013-06-07,13.15,13.15,13.15,13.15,000,7.88
2013-06-06,13.15,13.15,13.15,13.15,000,7.88
2013-06-05,13.15,13.15,13.15,13.15,000,7.88
2013-06-04,13.15,13.15,13.15,13.15,000,7.88
2013-06-03,13.15,13.15,13.15,13.15,000,7.88
2013-05-31,13.15,13.15,13.15,13.15,000,7.88
2013-05-30,13.15,13.15,13.15,13.15,000,7.88
2013-05-29,13.15,13.15,13.15,13.15,000,7.88
2013-05-28,13.15,13.15,13.15,13.15,000,7.88
2013-05-24,13.15,13.15,13.15,13.15,000,7.88
2013-05-23,13.15,13.15,13.15,13.15,200,7.88
2013-05-22,12.24,12.24,12.24,12.24,000,7.34
2013-05-21,12.24,12.24,12.24,12.24,200,7.34
2013-05-20,11.76,12.63,11.76,12.47,3500,7.48
2013-05-17,11.77,11.77,11.77,11.77,000,7.06
2013-05-16,12.23,12.24,11.77,11.77,1800,7.06
2013-05-15,11.76,11.76,11.76,11.76,800,7.05
2013-05-14,12.03,12.03,12.00,12.00,800,7.19
2013-05-13,11.50,11.75,11.05,11.40,2500,6.83
2013-05-10,12.51,12.51,12.00,12.00,4000,7.19
2013-05-09,13.25,13.25,12.50,12.50,3000,7.49
2013-05-08,13.50,13.50,13.24,13.24,1500,7.94
2013-05-07,13.50,13.50,13.50,13.50,000,8.09
2013-05-06,13.50,13.50,13.50,13.50,500,8.09
2013-05-03,13.77,13.77,13.77,13.77,000,8.26
2013-05-02,13.77,13.77,13.77,13.77,000,8.26
2013-05-01,13.77,13.77,13.77,13.77,000,8.26
2013-04-30,14.06,14.06,13.77,13.77,500,8.26
2013-04-29,13.50,13.65,13.50,13.65,700,8.18
2013-04-26,14.00,14.25,13.89,13.89,1200,8.33
2013-04-25,13.56,13.56,13.56,13.56,200,8.13
2013-04-24,13.04,13.04,13.00,13.00,2500,7.79
2013-04-23,15.75,15.75,15.75,15.75,000,9.44
2013-04-22,15.75,15.75,15.75,15.75,000,9.44
2013-04-19,15.75,15.75,15.75,15.75,000,9.44
2013-04-18,15.75,15.75,15.75,15.75,000,9.44
2013-04-17,15.75,15.75,15.75,15.75,1500,9.44
2013-04-16,15.74,15.74,15.74,15.74,000,9.44
2013-04-15,15.43,15.74,15.43,15.74,700,9.44
2013-04-12,15.21,15.21,15.21,15.21,300,9.12
2013-04-11,13.47,13.47,13.47,13.47,000,8.08
2013-04-10,13.47,13.47,13.47,13.47,000,8.06
2013-04-09,16.50,16.50,13.00,13.47,4300,8.06
2013-04-08,13.00,13.00,13.00,13.00,000,7.78
2013-04-05,13.00,13.00,13.00,13.00,000,7.78
2013-04-04,13.00,13.00,13.00,13.00,000,7.78
2013-04-03,13.00,13.00,13.00,13.00,000,7.78
2013-04-02,13.00,13.00,13.00,13.00,300,7.78
2013-04-01,12.95,12.95,12.95,12.95,000,7.75
2013-03-28,12.95,12.95,12.95,12.95,000,7.75
2013-03-27,12.95,12.95,12.95,12.95,000,7.75
2013-03-26,12.95,12.95,12.95,12.95,000,7.75
2013-03-25,12.95,13.00,12.95,12.95,3800,7.75
2013-03-22,12.68,12.68,12.68,12.68,000,7.59
2013-03-21,12.65,12.68,12.65,12.68,1300,7.59
2013-03-20,12.65,12.65,12.65,12.65,000,7.57
2013-03-19,12.65,12.65,12.65,12.65,000,7.57
2013-03-18,11.70,12.65,11.70,12.65,800,7.57
2013-03-15,11.75,11.75,11.75,11.75,000,7.03
2013-03-14,11.75,11.75,11.75,11.75,000,7.03
2013-03-13,11.75,11.75,11.75,11.75,000,7.03
2013-03-12,11.75,11.75,11.75,11.75,000,7.03
2013-03-11,11.75,11.75,11.75,11.75,000,7.03
2013-03-08,11.75,11.75,11.75,11.75,000,7.03
2013-03-07,11.75,11.75,11.75,11.75,000,7.03
2013-03-06,11.75,11.75,11.75,11.75,000,7.03
2013-03-05,12.06,12.65,11.70,11.75,1300,7.03
2013-03-04,11.74,11.74,11.74,11.74,000,7.02
2013-03-01,11.74,11.74,11.74,11.74,000,7.02
2013-02-28,12.64,12.70,11.37,11.74,1300,7.02
2013-02-27,11.60,13.04,11.60,13.04,1800,7.80
2013-02-26,11.15,11.15,11.15,11.15,700,6.67
2013-02-25,11.15,11.15,11.15,11.15,000,6.67
2013-02-22,11.15,11.15,11.15,11.15,300,6.67
2013-02-21,11.15,11.15,11.15,11.15,000,6.67
2013-02-20,11.15,11.15,11.15,11.15,2100,6.67
2013-02-19,11.15,11.15,11.15,11.15,000,6.67
2013-02-15,11.15,11.15,11.15,11.15,800,6.67
2013-02-14,11.15,11.15,11.15,11.15,200,6.67
2013-02-13,10.60,10.60,10.60,10.60,700,6.34
2013-02-12,10.61,10.61,10.61,10.61,700,6.35
2013-02-11,10.65,11.13,10.65,11.13,300,6.66
2013-02-08,10.60,10.60,10.60,10.60,000,6.34
2013-02-07,10.60,10.60,10.60,10.60,000,6.34
2013-02-06,10.60,10.60,10.60,10.60,000,6.34
2013-02-05,10.60,10.60,10.60,10.60,000,6.34
2013-02-04,10.60,10.60,10.60,10.60,1800,6.34
2013-02-01,10.60,10.60,10.60,10.60,500,6.34
2013-01-31,10.50,10.50,10.50,10.50,500,6.28
2013-01-30,10.40,10.40,10.40,10.40,000,6.22
2013-01-29,10.40,10.40,10.40,10.40,000,6.22
2013-01-28,10.40,10.40,10.40,10.40,000,6.22
2013-01-25,10.40,10.40,10.40,10.40,300,6.22
2013-01-24,10.40,10.40,10.40,10.40,000,6.22
2013-01-23,10.40,10.40,10.40,10.40,000,6.22
2013-01-22,10.40,10.40,10.40,10.40,000,6.22
2013-01-18,10.40,10.40,10.40,10.40,000,6.22
2013-01-17,10.40,10.40,10.40,10.40,000,6.22
2013-01-16,10.40,10.40,10.40,10.40,000,6.22
2013-01-15,10.40,10.40,10.40,10.40,000,6.22
2013-01-14,10.40,10.40,10.40,10.40,000,6.22
2013-01-11,10.40,10.40,10.40,10.40,200,6.22
2013-01-10,10.30,10.30,10.30,10.30,000,6.16
2013-01-09,10.30,10.30,10.30,10.30,000,6.16
2013-01-08,10.30,10.30,10.30,10.30,000,6.14
2013-01-07,10.30,10.30,10.30,10.30,000,6.14
2013-01-04,10.30,10.30,10.30,10.30,000,6.14
2013-01-03,10.30,10.30,10.30,10.30,000,6.14
2013-01-02,10.30,10.30,10.30,10.30,000,6.14
2012-12-31,10.30,10.30,10.30,10.30,000,6.14
2012-12-28,10.30,10.30,10.30,10.30,200,6.14
2012-12-27,10.10,10.10,10.10,10.10,000,6.02
2012-12-26,10.10,10.10,10.10,10.10,000,6.02
2012-12-24,10.10,10.10,10.10,10.10,000,6.02
2012-12-21,10.10,10.10,10.10,10.10,000,6.02
2012-12-20,10.10,10.10,10.10,10.10,000,6.02
2012-12-19,10.10,10.10,10.10,10.10,000,6.02
2012-12-18,10.10,10.10,10.10,10.10,000,6.02
2012-12-17,10.10,10.10,10.10,10.10,000,6.02
2012-12-14,10.10,10.10,10.10,10.10,000,6.02
2012-12-13,10.10,10.10,10.10,10.10,000,6.02
2012-12-12,10.00,10.35,10.00,10.10,3600,6.02
2012-12-11,10.65,10.82,10.60,10.60,6100,6.32
2012-12-10,10.60,10.60,10.60,10.60,000,6.32
2012-12-07,10.60,10.60,10.60,10.60,000,6.32
2012-12-06,10.60,10.60,10.60,10.60,000,6.32
2012-12-05,10.60,10.60,10.60,10.60,000,6.32
2012-12-04,10.60,10.60,10.60,10.60,000,6.32
2012-12-03,10.60,10.60,10.60,10.60,000,6.32
2012-11-30,10.60,10.60,10.60,10.60,000,6.32
2012-11-29,10.60,10.60,10.60,10.60,000,6.32
2012-11-28,10.60,10.60,10.60,10.60,800,6.32
2012-11-27,10.80,10.80,10.80,10.80,000,6.44
2012-11-26,10.80,10.80,10.80,10.80,000,6.44
2012-11-23,10.80,10.80,10.80,10.80,000,6.44
2012-11-21,10.80,10.80,10.80,10.80,000,6.44
2012-11-20,10.80,10.80,10.80,10.80,000,6.44
2012-11-19,10.80,10.80,10.80,10.80,300,6.44
2012-11-16,10.40,10.40,10.40,10.40,000,6.20
2012-11-15,10.40,10.40,10.40,10.40,000,6.20
2012-11-14,10.40,10.40,10.40,10.40,000,6.20
2012-11-13,10.40,10.40,10.40,10.40,000,6.20
2012-11-12,10.40,10.40,10.40,10.40,000,6.20
2012-11-09,10.40,10.40,10.40,10.40,000,6.20
2012-11-08,10.40,10.40,10.40,10.40,000,6.20
2012-11-07,10.40,10.40,10.40,10.40,000,6.20
2012-11-06,10.40,10.40,10.40,10.40,000,6.20
2012-11-05,10.40,10.40,10.40,10.40,000,6.20
2012-11-02,10.40,10.40,10.40,10.40,000,6.20
2012-11-01,10.40,10.40,10.40,10.40,000,6.20
2012-10-31,10.40,10.40,10.40,10.40,000,6.20
2012-10-26,10.40,10.40,10.40,10.40,000,6.20
2012-10-25,10.40,10.40,10.40,10.40,500,6.20
2012-10-24,10.11,10.11,10.11,10.11,500,6.03
2012-10-23,10.00,10.00,10.00,10.00,000,5.96
2012-10-22,10.00,10.00,10.00,10.00,000,5.96
2012-10-19,10.00,10.00,10.00,10.00,000,5.96
2012-10-18,10.00,10.00,10.00,10.00,200,5.96
2012-10-17,10.35,10.35,10.35,10.35,000,6.17
2012-10-16,10.35,10.35,10.35,10.35,000,6.17
2012-10-15,10.35,10.35,10.35,10.35,000,6.17
2012-10-12,10.35,10.35,10.35,10.35,000,6.17
2012-10-11,10.35,10.35,10.35,10.35,300,6.17
2012-10-10,10.92,10.92,10.92,10.92,000,6.51
2012-10-09,10.92,10.92,10.92,10.92,300,6.50
2012-10-08,10.35,10.35,10.35,10.35,500,6.16
2012-10-05,11.00,11.00,11.00,11.00,200,6.54
2012-10-04,10.65,10.65,10.65,10.65,000,6.33
2012-10-03,10.65,10.65,10.65,10.65,000,6.33
2012-10-02,10.65,10.65,10.65,10.65,000,6.33
2012-10-01,10.65,10.65,10.65,10.65,500,6.33
2012-09-28,10.65,10.65,10.65,10.65,200,6.33
2012-09-27,10.65,10.65,10.65,10.65,300,6.33
2012-09-26,10.01,10.01,10.01,10.01,000,5.95
2012-09-25,10.00,10.01,10.00,10.01,700,5.95
2012-09-24,10.01,10.01,10.01,10.01,000,5.95
2012-09-21,10.01,10.01,10.01,10.01,200,5.95
2012-09-20,10.34,10.34,10.34,10.34,000,6.15
2012-09-19,10.34,10.34,10.34,10.34,000,6.15
2012-09-18,10.31,10.34,10.31,10.34,500,6.15
2012-09-17,10.26,10.26,10.26,10.26,000,6.10
2012-09-14,10.26,10.26,10.26,10.26,000,6.10
2012-09-13,10.01,10.26,10.01,10.26,800,6.10
2012-09-12,10.22,10.22,10.22,10.22,000,6.08
2012-09-11,10.22,10.22,10.22,10.22,700,6.08
2012-09-10,10.50,10.50,10.50,10.50,000,6.25
2012-09-07,10.38,10.50,10.38,10.50,2500,6.25
2012-09-06,10.30,10.30,10.30,10.30,000,6.13
2012-09-05,10.30,10.30,10.30,10.30,000,6.13
2012-09-04,10.30,10.30,10.30,10.30,000,6.13
2012-08-31,10.20,10.30,10.20,10.30,3300,6.13
2012-08-30,10.15,10.15,10.15,10.15,000,6.04
2012-08-29,10.15,10.15,10.15,10.15,000,6.04
2012-08-28,10.15,10.15,10.15,10.15,000,6.04
2012-08-27,10.15,10.15,10.15,10.15,000,6.04
2012-08-24,10.15,10.15,10.15,10.15,000,6.04
2012-08-23,10.15,10.15,10.15,10.15,000,6.04
2012-08-22,10.15,10.15,10.15,10.15,000,6.04
2012-08-21,10.15,10.15,10.15,10.15,000,6.04
2012-08-20,10.15,10.15,10.15,10.15,000,6.04
2012-08-17,10.15,10.15,10.15,10.15,000,6.04
2012-08-16,10.15,10.15,10.15,10.15,000,6.04
2012-08-15,10.15,10.15,10.15,10.15,200,6.04
2012-08-14,10.15,10.15,10.15,10.15,000,6.04
2012-08-13,10.15,10.15,10.15,10.15,000,6.04
2012-08-10,10.15,10.15,10.15,10.15,000,6.04
2012-08-09,10.00,10.25,10.00,10.15,1600,6.04
2012-08-08,10.25,10.25,10.25,10.25,000,6.10
2012-08-07,10.25,10.25,10.25,10.25,000,6.10
2012-08-06,10.25,10.25,10.25,10.25,000,6.10
2012-08-03,10.24,10.25,10.22,10.25,2300,6.10
2012-08-02,10.06,10.06,10.06,10.06,000,5.98
2012-08-01,10.06,10.06,10.06,10.06,000,5.98
2012-07-31,10.06,10.06,10.06,10.06,000,5.98
2012-07-30,10.06,10.06,10.06,10.06,200,5.98
2012-07-27,10.00,10.00,10.00,10.00,000,5.95
2012-07-26,10.00,10.00,10.00,10.00,300,5.95
2012-07-25,10.00,10.00,10.00,10.00,000,5.95
2012-07-24,10.00,10.00,10.00,10.00,000,5.95
2012-07-23,10.00,10.01,10.00,10.00,7700,5.95
2012-07-20,10.00,10.00,10.00,10.00,300,5.95
2012-07-19,9.25,9.25,9.25,9.25,000,5.50
2012-07-18,9.25,9.25,9.25,9.25,000,5.50
2012-07-17,9.25,9.25,9.25,9.25,000,5.50
2012-07-16,9.25,9.25,9.25,9.25,000,5.50
2012-07-13,9.25,9.25,9.25,9.25,000,5.50
2012-07-12,9.25,9.25,9.25,9.25,000,5.50
2012-07-11,9.25,9.25,9.25,9.25,000,5.50
2012-07-10,9.25,9.25,9.25,9.25,000,5.48
2012-07-09,9.25,9.25,9.25,9.25,000,5.48
2012-07-06,9.25,9.25,9.25,9.25,000,5.48
2012-07-05,9.25,9.25,9.25,9.25,200,5.48
2012-07-03,9.00,9.00,9.00,9.00,000,5.34
2012-07-02,9.00,9.00,9.00,9.00,000,5.34
2012-06-29,9.00,9.00,9.00,9.00,000,5.34
2012-06-28,9.00,9.00,9.00,9.00,000,5.34
2012-06-27,9.00,9.00,9.00,9.00,000,5.34
2012-06-26,9.00,9.00,9.00,9.00,000,5.34
2012-06-25,9.00,9.00,9.00,9.00,000,5.34
2012-06-22,9.00,9.00,9.00,9.00,000,5.34
2012-06-21,9.00,9.00,9.00,9.00,000,5.34
2012-06-20,9.00,9.00,9.00,9.00,000,5.34
2012-06-19,9.00,9.00,9.00,9.00,000,5.34
2012-06-18,9.00,9.00,9.00,9.00,000,5.34
2012-06-15,9.00,9.00,9.00,9.00,000,5.34
2012-06-14,9.00,9.00,9.00,9.00,000,5.34
2012-06-13,9.00,9.00,9.00,9.00,000,5.34
2012-06-12,9.00,9.00,9.00,9.00,000,5.34
2012-06-11,9.00,9.00,9.00,9.00,000,5.34
2012-06-08,9.00,9.00,9.00,9.00,000,5.34
2012-06-07,9.00,9.00,9.00,9.00,000,5.34
2012-06-06,9.00,9.00,9.00,9.00,000,5.34
2012-06-05,9.00,9.00,9.00,9.00,000,5.34
2012-06-04,9.00,9.00,9.00,9.00,000,5.34
2012-06-01,9.00,9.00,9.00,9.00,000,5.34
2012-05-31,9.00,9.00,9.00,9.00,000,5.34
2012-05-30,9.00,9.00,9.00,9.00,000,5.34
2012-05-29,9.00,9.00,9.00,9.00,000,5.34
2012-05-25,9.00,9.00,9.00,9.00,000,5.34
2012-05-24,9.00,9.00,9.00,9.00,000,5.34
2012-05-23,9.00,9.00,9.00,9.00,000,5.34
2012-05-22,9.00,9.00,9.00,9.00,000,5.34
2012-05-21,9.00,9.00,9.00,9.00,000,5.34
2012-05-18,9.00,9.00,9.00,9.00,000,5.34
2012-05-17,9.00,9.00,9.00,9.00,500,5.34
2012-05-16,9.05,9.05,8.80,8.80,2000,5.22
2012-05-15,10.00,10.00,10.00,10.00,300,5.93
2012-05-14,9.05,9.05,9.05,9.05,000,5.37
2012-05-11,9.05,9.05,9.05,9.05,000,5.37
2012-05-10,9.05,9.05,9.05,9.05,000,5.37
2012-05-09,9.05,9.05,9.05,9.05,000,5.37
2012-05-08,9.05,9.05,9.05,9.05,4900,5.37
2012-05-07,9.45,9.45,9.45,9.45,000,5.60
2012-05-04,9.50,9.50,9.45,9.45,2100,5.60
2012-05-03,9.45,9.45,9.45,9.45,000,5.60
2012-05-02,9.45,9.45,9.45,9.45,000,5.60
2012-05-01,9.45,9.45,9.45,9.45,000,5.60
2012-04-30,9.45,9.45,9.45,9.45,000,5.60
2012-04-27,9.45,9.45,9.45,9.45,000,5.60
2012-04-26,9.45,9.45,9.45,9.45,000,5.60
2012-04-25,9.45,9.45,9.45,9.45,000,5.60
2012-04-24,9.45,9.45,9.45,9.45,000,5.60
2012-04-23,9.45,9.45,9.45,9.45,000,5.60
2012-04-20,9.45,9.45,9.45,9.45,000,5.60
2012-04-19,9.45,9.45,9.45,9.45,300,5.60
2012-04-18,8.97,8.97,8.97,8.97,000,5.32
2012-04-17,8.97,8.97,8.97,8.97,000,5.32
2012-04-16,9.24,9.57,8.97,8.97,2500,5.32
2012-04-13,9.47,9.47,9.47,9.47,000,5.61
2012-04-12,9.47,9.47,9.47,9.47,000,5.61
2012-04-11,9.47,9.47,9.47,9.47,000,5.61
2012-04-10,9.47,9.47,9.47,9.47,000,5.60
2012-04-09,9.47,9.47,9.47,9.47,000,5.60
2012-04-05,9.47,9.47,9.47,9.47,000,5.60
2012-04-04,9.47,9.47,9.47,9.47,300,5.60
2012-04-03,9.50,9.50,9.43,9.48,1200,5.60
2012-04-02,9.75,9.75,9.75,9.75,000,5.76
2012-03-30,9.75,9.75,9.75,9.75,000,5.76
2012-03-29,10.25,10.25,9.75,9.75,1000,5.76
2012-03-28,9.50,9.65,9.50,9.65,1800,5.70
2012-03-27,9.50,9.50,9.50,9.50,000,5.61
2012-03-26,9.50,9.50,9.50,9.50,000,5.61
2012-03-23,9.50,9.50,9.50,9.50,000,5.61
2012-03-22,9.50,9.50,9.50,9.50,000,5.61
2012-03-21,9.50,9.50,9.50,9.50,000,5.61
2012-03-20,9.50,9.50,9.50,9.50,000,5.61
2012-03-19,9.50,9.50,9.50,9.50,000,5.61
2012-03-16,9.50,9.50,9.50,9.50,000,5.61
2012-03-15,9.50,9.50,9.50,9.50,000,5.61
2012-03-14,9.49,9.54,9.49,9.50,71600,5.61
2012-03-13,9.10,9.10,9.10,9.10,000,5.38
2012-03-12,9.10,9.10,9.10,9.10,000,5.38
2012-03-09,9.10,9.10,9.10,9.10,000,5.38
2012-03-08,9.10,9.10,9.10,9.10,000,5.38
2012-03-07,9.10,9.10,9.10,9.10,000,5.38
2012-03-06,9.01,9.10,9.01,9.10,300,5.38
2012-03-05,9.15,9.15,9.15,9.15,000,5.41
2012-03-02,9.15,9.15,9.15,9.15,000,5.41
2012-03-01,9.15,9.15,9.15,9.15,000,5.41
2012-02-29,9.15,9.15,9.15,9.15,000,5.41
2012-02-28,9.15,9.15,9.15,9.15,000,5.41
2012-02-27,9.15,9.15,9.15,9.15,000,5.41
2012-02-24,9.12,9.15,9.12,9.15,3300,5.41
2012-02-23,9.25,9.25,9.25,9.25,1800,5.47
2012-02-22,8.85,8.85,8.85,8.85,000,5.23
2012-02-21,8.85,8.85,8.85,8.85,000,5.23
2012-02-17,8.83,8.85,8.83,8.85,1000,5.23
2012-02-16,9.25,9.25,8.83,8.83,4100,5.22
2012-02-15,9.06,9.06,9.06,9.06,000,5.35
2012-02-14,9.00,9.10,9.00,9.06,700,5.35
2012-02-13,9.27,9.27,9.27,9.27,000,5.48
2012-02-10,9.75,9.75,9.27,9.27,1000,5.48
2012-02-09,9.59,9.59,9.59,9.59,000,5.67
2012-02-08,9.59,9.59,9.59,9.59,000,5.67
2012-02-07,9.21,9.79,9.21,9.59,3500,5.67
2012-02-06,9.22,9.22,9.22,9.22,000,5.45
2012-02-03,9.22,9.22,9.22,9.22,300,5.45
2012-02-02,9.22,9.22,9.22,9.22,000,5.45
2012-02-01,9.22,9.22,9.22,9.22,000,5.45
2012-01-31,9.22,9.22,9.22,9.22,000,5.45
2012-01-30,9.22,9.22,9.22,9.22,000,5.45
2012-01-27,9.22,9.22,9.22,9.22,000,5.45
2012-01-26,9.22,9.22,9.22,9.22,000,5.45
2012-01-25,9.22,9.22,9.22,9.22,000,5.45
2012-01-24,9.22,9.22,9.22,9.22,000,5.45
2012-01-23,9.22,9.22,9.22,9.22,000,5.45
2012-01-20,9.22,9.22,9.22,9.22,000,5.45
2012-01-19,9.22,9.22,9.22,9.22,000,5.45
2012-01-18,9.22,9.22,9.22,9.22,000,5.45
2012-01-17,9.22,9.22,9.22,9.22,000,5.45
2012-01-13,9.22,9.22,9.22,9.22,000,5.45
2012-01-12,9.22,9.22,9.22,9.22,000,5.45
2012-01-11,9.20,9.22,9.20,9.22,300,5.45
2012-01-10,9.00,9.00,9.00,9.00,000,5.30
2012-01-09,9.00,9.00,9.00,9.00,300,5.30
2012-01-06,9.19,9.19,9.19,9.19,300,5.41
2012-01-05,9.20,9.20,9.20,9.20,000,5.42
2012-01-04,9.20,9.20,9.20,9.20,000,5.42
2012-01-03,9.27,9.27,9.20,9.20,300,5.42
2011-12-30,8.90,8.91,8.90,8.91,300,5.25
2011-12-29,9.10,9.10,9.10,9.10,200,5.36
2011-12-28,8.86,8.86,8.86,8.86,000,5.22
2011-12-27,8.86,8.86,8.86,8.86,000,5.22
2011-12-23,9.25,9.25,8.86,8.86,800,5.22
2011-12-22,9.00,9.00,9.00,9.00,000,5.30
2011-12-21,9.00,9.00,9.00,9.00,000,5.30
2011-12-20,8.92,9.00,8.92,9.00,300,5.30
2011-12-19,8.85,8.85,8.85,8.85,000,5.21
2011-12-16,8.85,8.85,8.85,8.85,000,5.21
2011-12-15,9.01,9.20,8.85,8.85,800,5.21
2011-12-14,9.86,9.86,9.86,9.86,000,5.81
2011-12-13,9.86,9.86,9.86,9.86,000,5.81
2011-12-12,9.86,9.86,9.86,9.86,000,5.81
2011-12-09,9.86,9.86,9.86,9.86,000,5.81
2011-12-08,9.86,9.86,9.86,9.86,300,5.81
2011-12-07,9.90,9.90,9.90,9.90,000,5.83
2011-12-06,9.90,9.90,9.90,9.90,1600,5.83
2011-12-05,9.87,9.90,9.87,9.90,2300,5.83
2011-12-02,9.52,9.52,9.52,9.52,000,5.61
2011-12-01,9.52,9.52,9.52,9.52,000,5.61
2011-11-30,9.52,9.52,9.52,9.52,000,5.61
2011-11-29,9.82,9.82,9.52,9.52,300,5.61
2011-11-28,9.73,9.73,9.73,9.73,000,5.73
2011-11-25,9.73,9.73,9.73,9.73,000,5.73
2011-11-23,9.73,9.73,9.73,9.73,000,5.73
2011-11-22,9.73,9.73,9.73,9.73,200,5.73
2011-11-21,8.50,8.50,8.50,8.50,000,5.01
2011-11-18,8.50,8.50,8.50,8.50,000,5.01
2011-11-17,8.50,8.50,8.50,8.50,000,5.01
2011-11-16,8.50,8.50,8.50,8.50,000,5.01
2011-11-15,8.50,8.52,8.50,8.50,2500,5.01
2011-11-14,8.50,8.50,8.50,8.50,1000,5.01
2011-11-11,8.55,8.55,8.50,8.50,800,5.01
2011-11-10,9.00,9.00,9.00,9.00,000,5.30
2011-11-09,9.00,9.00,9.00,9.00,000,5.30
2011-11-08,9.00,9.00,9.00,9.00,000,5.30
2011-11-07,9.00,9.00,9.00,9.00,000,5.30
2011-11-04,9.00,9.00,9.00,9.00,1500,5.30
2011-11-03,10.20,10.20,10.20,10.20,200,6.01
2011-11-02,9.00,9.00,9.00,9.00,000,5.30
2011-11-01,9.00,9.00,9.00,9.00,1000,5.30
2011-10-31,8.50,8.50,8.50,8.50,000,5.01
2011-10-28,8.50,8.50,8.50,8.50,000,5.01
2011-10-27,8.45,8.50,8.45,8.50,3100,5.01
2011-10-26,8.03,8.03,8.03,8.03,000,4.73
2011-10-25,8.03,8.03,8.03,8.03,000,4.73
2011-10-24,8.03,8.03,8.03,8.03,000,4.73
2011-10-21,8.03,8.03,8.03,8.03,000,4.73
2011-10-20,8.03,8.03,8.03,8.03,700,4.73
2011-10-19,8.01,8.01,8.01,8.01,000,4.72
2011-10-18,8.01,8.01,8.01,8.01,000,4.72
2011-10-17,8.01,8.06,8.01,8.01,700,4.72
2011-10-14,8.77,8.77,8.06,8.11,4400,4.78
2011-10-13,8.06,8.06,8.06,8.06,1300,4.75
2011-10-12,8.99,8.99,8.99,8.99,000,5.30
2011-10-11,8.99,8.99,8.99,8.99,000,5.28
2011-10-10,9.50,9.64,8.99,8.99,2600,5.28
2011-10-07,8.47,9.60,8.47,9.53,2000,5.59
2011-10-06,8.10,8.10,8.10,8.10,000,4.76
2011-10-05,8.06,8.11,8.02,8.10,6300,4.76
2011-10-04,8.50,8.50,8.25,8.26,6100,4.85
2011-10-03,8.57,8.57,8.57,8.57,000,5.03
2011-09-30,8.57,8.57,8.57,8.57,000,5.03
2011-09-29,8.50,8.57,8.50,8.57,8400,5.03
2011-09-28,8.33,8.50,8.33,8.48,4600,4.98
2011-09-27,8.38,8.60,8.38,8.60,800,5.05
2011-09-26,8.60,8.60,8.60,8.60,000,5.05
2011-09-23,8.36,8.60,8.36,8.60,300,5.05
2011-09-22,8.55,8.55,8.55,8.55,000,5.02
2011-09-21,8.55,8.55,8.55,8.55,20600,5.02
2011-09-20,8.75,8.75,8.75,8.75,000,5.14
2011-09-19,8.75,8.75,8.75,8.75,000,5.14
2011-09-16,8.90,8.90,8.75,8.75,1300,5.14
2011-09-15,8.80,8.80,8.80,8.80,000,5.17
2011-09-14,8.80,8.80,8.80,8.80,500,5.17
2011-09-13,8.75,8.75,8.75,8.75,5900,5.14
2011-09-12,9.00,9.00,9.00,9.00,000,5.28
2011-09-09,9.10,9.10,9.00,9.00,1000,5.28
2011-09-08,9.10,9.10,9.10,9.10,000,5.34
2011-09-07,9.10,9.10,9.10,9.10,000,5.34
2011-09-06,9.10,9.10,9.10,9.10,000,5.34
2011-09-02,9.10,9.10,9.10,9.10,000,5.34
2011-09-01,9.10,9.10,9.10,9.10,300,5.34
2011-08-31,9.11,9.11,9.11,9.11,000,5.35
2011-08-30,9.86,9.86,9.11,9.11,2300,5.35
2011-08-29,9.55,9.55,9.55,9.55,1000,5.61
2011-08-26,10.00,10.08,10.00,10.08,2000,5.92
2011-08-25,9.10,9.10,9.10,9.10,300,5.34
2011-08-24,9.07,9.07,9.07,9.07,000,5.32
2011-08-23,9.07,9.07,9.07,9.07,000,5.32
2011-08-22,9.25,9.25,9.07,9.07,3100,5.32
2011-08-19,9.15,9.15,9.15,9.15,300,5.37
2011-08-18,9.15,9.15,9.15,9.15,8900,5.37
2011-08-17,9.25,9.25,9.25,9.25,12700,5.43
2011-08-16,9.24,9.24,9.24,9.24,200,5.42
2011-08-15,9.26,9.26,9.26,9.26,000,5.44
2011-08-12,9.26,9.26,9.26,9.26,000,5.44
2011-08-11,9.26,9.26,9.26,9.26,000,5.44
2011-08-10,9.26,9.26,9.26,9.26,000,5.44
2011-08-09,9.26,9.26,9.26,9.26,000,5.44
2011-08-08,9.25,9.28,9.25,9.26,7600,5.44
2011-08-05,9.80,9.80,9.80,9.80,000,5.75
2011-08-04,9.80,9.80,9.80,9.80,000,5.75
2011-08-03,9.80,9.80,9.80,9.80,000,5.75
2011-08-02,9.80,9.80,9.80,9.80,200,5.75
2011-08-01,9.90,9.90,9.90,9.90,200,5.81
2011-07-29,9.99,9.99,9.99,9.99,000,5.86
2011-07-28,9.99,9.99,9.99,9.99,000,5.86
2011-07-27,9.99,9.99,9.99,9.99,000,5.86
2011-07-26,9.99,9.99,9.99,9.99,000,5.86
2011-07-25,9.99,9.99,9.99,9.99,000,5.86
2011-07-22,9.99,9.99,9.99,9.99,500,5.86
2011-07-21,8.81,8.81,8.81,8.81,000,5.17
2011-07-20,8.81,8.81,8.81,8.81,000,5.17
2011-07-19,8.81,8.81,8.81,8.81,000,5.17
2011-07-18,8.81,8.81,8.81,8.81,000,5.17
2011-07-15,8.81,8.81,8.81,8.81,000,5.17
2011-07-14,8.81,8.81,8.81,8.81,000,5.17
2011-07-13,8.81,8.81,8.81,8.81,000,5.17
2011-07-12,8.81,8.81,8.81,8.81,000,5.15
2011-07-11,8.81,8.81,8.81,8.81,000,5.15
2011-07-08,8.53,8.81,8.53,8.81,300,5.15
2011-07-07,8.50,8.50,8.50,8.50,7900,4.97
2011-07-06,8.33,8.33,8.33,8.33,200,4.87
2011-07-05,8.87,8.87,8.87,8.87,000,5.19
2011-07-01,8.87,8.87,8.87,8.87,000,5.19
2011-06-30,8.87,8.87,8.87,8.87,000,5.19
2011-06-29,9.25,9.25,8.87,8.87,1800,5.19
2011-06-28,9.00,9.00,9.00,9.00,000,5.27
2011-06-27,9.00,9.00,9.00,9.00,000,5.27
2011-06-24,9.00,9.00,9.00,9.00,000,5.27
2011-06-23,9.00,9.00,9.00,9.00,000,5.27
2011-06-22,9.40,9.44,8.96,9.00,5900,5.27
2011-06-21,9.44,9.51,9.42,9.51,800,5.56
2011-06-20,9.55,9.55,9.55,9.55,000,5.59
2011-06-17,9.55,9.55,9.55,9.55,000,5.59
2011-06-16,9.55,9.55,9.55,9.55,000,5.59
2011-06-15,9.55,9.55,9.55,9.55,000,5.59
2011-06-14,9.55,9.55,9.55,9.55,000,5.59
2011-06-13,9.56,9.56,9.55,9.55,500,5.59
2011-06-10,10.00,10.00,10.00,10.00,000,5.85
2011-06-09,10.00,10.00,10.00,10.00,200,5.85
2011-06-08,9.55,9.55,9.55,9.55,000,5.59
2011-06-07,9.55,9.55,9.55,9.55,000,5.59
2011-06-06,9.58,9.58,9.55,9.55,1500,5.59
2011-06-03,10.00,10.00,10.00,10.00,000,5.85
2011-06-02,9.99,10.00,9.99,10.00,500,5.85
2011-06-01,9.50,9.50,9.50,9.50,000,5.56
2011-05-31,9.50,9.50,9.50,9.50,000,5.56
2011-05-27,9.50,9.50,9.50,9.50,000,5.56
2011-05-26,9.50,9.50,9.50,9.50,000,5.56
2011-05-25,9.50,9.50,9.50,9.50,000,5.56
2011-05-24,9.50,9.50,9.50,9.50,000,5.56
2011-05-23,9.50,9.50,9.50,9.50,3100,5.56
2011-05-20,9.22,9.22,9.22,9.22,000,5.39
2011-05-19,9.22,9.22,9.22,9.22,000,5.39
2011-05-18,9.22,9.22,9.22,9.22,000,5.39
2011-05-17,9.22,9.22,9.22,9.22,000,5.39
2011-05-16,9.22,9.22,9.22,9.22,000,5.39
2011-05-13,9.22,9.22,9.22,9.22,000,5.39
2011-05-12,9.22,9.22,9.22,9.22,000,5.39
2011-05-11,9.22,9.22,9.22,9.22,300,5.39
2011-05-10,9.90,9.90,9.90,9.90,000,5.79
2011-05-09,9.90,9.90,9.90,9.90,300,5.79
2011-05-06,10.23,10.23,10.23,10.23,000,5.99
2011-05-05,10.23,10.23,10.23,10.23,200,5.99
2011-05-04,9.87,9.87,9.87,9.87,000,5.77
2011-05-03,9.87,9.87,9.87,9.87,000,5.77
2011-05-02,9.87,9.87,9.87,9.87,000,5.77
2011-04-29,9.86,9.88,9.86,9.87,1300,5.77
2011-04-28,9.58,10.02,9.58,9.95,1000,5.82
2011-04-27,9.60,9.60,9.60,9.60,000,5.62
2011-04-26,9.60,9.60,9.60,9.60,000,5.62
2011-04-25,9.60,9.60,9.60,9.60,000,5.62
2011-04-21,9.60,9.60,9.60,9.60,000,5.62
2011-04-20,9.60,9.60,9.60,9.60,000,5.62
2011-04-19,9.60,9.60,9.60,9.60,000,5.62
2011-04-18,9.60,9.60,9.60,9.60,000,5.62
2011-04-15,9.60,9.60,9.60,9.60,000,5.62
2011-04-14,9.60,9.60,9.60,9.60,000,5.62
2011-04-13,9.60,9.60,9.60,9.60,2000,5.62
2011-04-12,10.20,10.20,10.20,10.20,000,5.97
2011-04-11,10.20,10.20,10.20,10.20,000,5.95
2011-04-08,10.20,10.20,10.20,10.20,000,5.95
2011-04-07,10.22,10.25,10.17,10.20,13000,5.95
2011-04-06,10.15,10.15,10.15,10.15,000,5.92
2011-04-05,10.15,10.15,10.15,10.15,000,5.92
2011-04-04,10.15,10.15,10.15,10.15,000,5.92
2011-04-01,10.15,10.15,10.15,10.15,000,5.92
2011-03-31,9.25,10.15,9.25,10.15,1800,5.92
2011-03-30,10.15,10.15,10.15,10.15,000,5.92
2011-03-29,10.15,10.15,10.15,10.15,000,5.92
2011-03-28,10.15,10.15,10.15,10.15,000,5.92
2011-03-25,10.15,10.15,10.15,10.15,000,5.92
2011-03-24,10.15,10.15,10.15,10.15,000,5.92
2011-03-23,10.15,10.15,10.15,10.15,000,5.92
2011-03-22,10.15,10.15,10.15,10.15,000,5.92
2011-03-21,10.15,10.15,10.15,10.15,000,5.92
2011-03-18,10.15,10.15,10.15,10.15,000,5.92
2011-03-17,10.15,10.15,10.15,10.15,000,5.92
2011-03-16,10.15,10.15,10.15,10.15,000,5.92
2011-03-15,10.15,10.15,10.15,10.15,000,5.92
2011-03-14,10.15,10.15,10.15,10.15,000,5.92
2011-03-11,10.15,10.15,10.15,10.15,000,5.92
2011-03-10,10.15,10.15,10.15,10.15,000,5.92
2011-03-09,9.50,10.15,9.50,10.15,1800,5.92
2011-03-08,9.50,9.50,9.50,9.50,300,5.54
2011-03-07,9.30,9.30,9.30,9.30,000,5.43
2011-03-04,9.30,9.30,9.30,9.30,200,5.43
2011-03-03,9.25,9.25,9.25,9.25,800,5.40
2011-03-02,9.10,9.10,9.10,9.10,000,5.31
2011-03-01,9.05,9.10,9.05,9.10,4800,5.31
2011-02-28,8.99,8.99,8.99,8.99,000,5.24
2011-02-25,8.99,8.99,8.99,8.99,300,5.24
2011-02-24,9.00,9.00,9.00,9.00,000,5.25
2011-02-23,9.00,9.00,9.00,9.00,000,5.25
2011-02-22,8.75,9.00,8.75,9.00,1800,5.25
2011-02-18,8.75,8.75,8.75,8.75,000,5.10
2011-02-17,8.80,8.95,8.75,8.75,27800,5.10
2011-02-16,8.80,8.80,8.80,8.80,000,5.13
2011-02-15,8.80,8.80,8.80,8.80,000,5.13
2011-02-14,8.59,8.80,8.59,8.80,8900,5.13
2011-02-11,8.60,8.60,8.60,8.60,000,5.02
2011-02-10,8.60,8.60,8.60,8.60,700,5.02
2011-02-09,8.55,8.55,8.55,8.55,000,4.99
2011-02-08,8.49,8.55,8.49,8.55,4800,4.99
2011-02-07,8.18,8.18,8.18,8.18,000,4.77
2011-02-04,8.18,8.18,8.18,8.18,000,4.77
2011-02-03,8.18,8.18,8.18,8.18,000,4.77
2011-02-02,8.27,8.27,8.18,8.18,1600,4.77
2011-02-01,8.40,8.40,8.40,8.40,000,4.90
2011-01-31,8.40,8.40,8.40,8.40,000,4.90
2011-01-28,8.40,8.40,8.40,8.40,000,4.90
2011-01-27,8.35,8.40,8.27,8.40,3800,4.90
2011-01-26,8.49,8.49,8.49,8.49,000,4.95
2011-01-25,8.49,8.49,8.49,8.49,000,4.95
2011-01-24,8.49,8.49,8.49,8.49,000,4.95
2011-01-21,8.49,8.49,8.49,8.49,000,4.95
2011-01-20,8.49,8.49,8.49,8.49,000,4.95
2011-01-19,8.49,8.49,8.49,8.49,000,4.95
2011-01-18,8.49,8.49,8.49,8.49,000,4.95
2011-01-14,8.49,8.49,8.49,8.49,200,4.95
2011-01-13,8.49,8.49,8.49,8.49,000,4.95
2011-01-12,8.49,8.49,8.49,8.49,200,4.95
2011-01-11,8.30,8.30,8.30,8.30,000,4.82
2011-01-10,8.30,8.30,8.30,8.30,000,4.82
2011-01-07,8.35,8.49,8.30,8.30,1600,4.82
2011-01-06,8.35,8.35,8.30,8.30,1000,4.82
2011-01-05,8.50,8.50,8.50,8.50,000,4.94
2011-01-04,8.50,8.50,8.50,8.50,300,4.94
2011-01-03,8.50,8.50,8.50,8.50,000,4.94
2010-12-31,8.50,8.50,8.50,8.50,200,4.94
2010-12-30,8.50,8.50,8.50,8.50,000,4.94
2010-12-29,8.50,8.50,8.50,8.50,000,4.94
2010-12-28,8.50,8.50,8.50,8.50,000,4.94
2010-12-27,8.50,8.50,8.50,8.50,000,4.94
2010-12-23,8.50,8.50,8.50,8.50,300,4.94
2010-12-22,8.50,8.50,8.50,8.50,1600,4.94
2010-12-21,8.50,8.50,8.50,8.50,2300,4.94
2010-12-20,8.30,8.50,7.96,7.96,2100,4.63
2010-12-17,8.30,8.30,8.30,8.30,000,4.82
2010-12-16,8.30,8.30,8.30,8.30,000,4.82
2010-12-15,8.30,8.30,8.30,8.30,1000,4.82
2010-12-14,8.00,8.25,8.00,8.25,4000,4.80
2010-12-13,7.75,7.75,7.75,7.75,000,4.50
2010-12-10,7.75,7.75,7.75,7.75,000,4.50
2010-12-09,7.75,7.75,7.75,7.75,000,4.50
2010-12-08,7.75,7.75,7.75,7.75,700,4.50
2010-12-07,7.99,7.99,7.99,7.99,000,4.64
2010-12-06,7.99,7.99,7.99,7.99,000,4.64
2010-12-03,7.99,7.99,7.99,7.99,200,4.64
2010-12-02,8.10,8.10,8.10,8.10,000,4.71
2010-12-01,8.10,8.10,8.10,8.10,300,4.71
2010-11-30,8.10,8.10,8.10,8.10,000,4.71
2010-11-29,8.10,8.10,8.10,8.10,000,4.71
2010-11-26,7.50,8.10,7.50,8.10,1300,4.71
2010-11-24,7.97,7.97,7.97,7.97,000,4.63
2010-11-23,7.97,7.97,7.97,7.97,000,4.63
2010-11-22,7.97,7.97,7.97,7.97,000,4.63
2010-11-19,7.97,7.97,7.97,7.97,000,4.63
2010-11-18,7.90,7.99,7.90,7.97,500,4.63
2010-11-17,6.86,6.86,6.86,6.86,000,3.99
2010-11-16,6.86,6.86,6.86,6.86,000,3.99
2010-11-15,6.86,6.86,6.86,6.86,000,3.99
2010-11-12,6.86,6.86,6.86,6.86,000,3.99
2010-11-11,6.73,6.86,6.73,6.86,300,3.99
2010-11-10,6.72,7.14,6.72,6.84,2600,3.98
2010-11-09,7.95,8.00,7.90,8.00,4600,4.65
2010-11-08,7.25,8.00,7.10,8.00,4300,4.65
2010-11-05,7.15,7.15,7.15,7.15,1800,4.16
2010-11-04,6.84,6.84,6.84,6.84,000,3.98
2010-11-03,6.84,6.84,6.84,6.84,000,3.98
2010-11-02,6.84,6.84,6.84,6.84,000,3.98
2010-11-01,6.84,6.84,6.84,6.84,000,3.98
2010-10-29,6.84,6.84,6.84,6.84,000,3.98
2010-10-28,6.84,6.84,6.84,6.84,000,3.98
2010-10-27,6.84,6.84,6.84,6.84,000,3.98
2010-10-26,6.84,6.84,6.84,6.84,000,3.98
2010-10-25,6.84,6.84,6.84,6.84,000,3.98
2010-10-22,7.67,7.67,6.84,6.84,300,3.98
2010-10-21,6.13,6.61,6.13,6.47,2000,3.76
2010-10-20,7.98,8.00,6.81,7.41,3800,4.31
2010-10-19,7.59,7.60,7.59,7.60,1600,4.42
2010-10-18,7.64,7.64,7.29,7.34,1800,4.27
2010-10-15,7.67,7.67,7.67,7.67,000,4.46
2010-10-14,8.00,8.00,7.34,7.67,3800,4.46
2010-10-13,7.99,7.99,7.99,7.99,000,4.64
2010-10-12,7.99,7.99,7.99,7.99,000,4.63
2010-10-11,7.99,8.00,7.99,7.99,2000,4.63
2010-10-08,8.14,8.14,8.14,8.14,000,4.71
2010-10-07,8.14,8.14,8.14,8.14,000,4.71
2010-10-06,8.14,8.14,8.14,8.14,000,4.71
2010-10-05,8.25,8.25,8.14,8.14,2000,4.71
2010-10-04,8.20,8.20,8.20,8.20,000,4.75
2010-10-01,8.00,8.20,8.00,8.20,5400,4.75
2010-09-30,7.85,8.00,7.85,8.00,2300,4.63
2010-09-29,7.70,7.70,7.70,7.70,000,4.46
2010-09-28,7.70,7.70,7.70,7.70,000,4.46
2010-09-27,7.70,7.70,7.70,7.70,000,4.46
2010-09-24,7.42,7.85,7.25,7.70,9100,4.46
2010-09-23,7.20,7.20,7.20,7.20,000,4.17
2010-09-22,7.31,7.55,7.20,7.20,8600,4.17
2010-09-21,7.24,7.24,7.24,7.24,000,4.19
2010-09-20,7.24,7.24,7.24,7.24,200,4.19
2010-09-17,7.24,7.24,7.24,7.24,000,4.19
2010-09-16,7.24,7.24,7.24,7.24,000,4.19
2010-09-15,7.24,7.24,7.24,7.24,000,4.19
2010-09-14,7.24,7.24,7.24,7.24,000,4.19
2010-09-13,6.70,7.24,6.70,7.24,2100,4.19
2010-09-10,6.74,6.74,6.74,6.74,500,3.90
2010-09-09,6.03,6.03,6.03,6.03,2000,3.49
2010-09-08,6.74,6.74,6.74,6.74,000,3.90
2010-09-07,6.74,6.74,6.74,6.74,200,3.90
2010-09-03,6.74,6.74,6.74,6.74,8200,3.90
2010-09-02,6.62,6.74,6.62,6.74,1600,3.90
2010-09-01,6.00,6.00,6.00,6.00,000,3.47
2010-08-31,6.00,6.00,6.00,6.00,000,3.47
2010-08-30,6.00,6.00,6.00,6.00,000,3.47
2010-08-27,6.00,6.00,6.00,6.00,000,3.47
2010-08-26,6.00,6.00,6.00,6.00,000,3.47
2010-08-25,6.05,6.39,6.00,6.00,1500,3.47
2010-08-24,6.30,6.30,6.30,6.30,000,3.65
2010-08-23,6.30,6.30,6.30,6.30,000,3.65
2010-08-20,6.30,6.30,6.30,6.30,000,3.65
2010-08-19,6.30,6.30,6.30,6.30,000,3.65
2010-08-18,6.30,6.30,6.30,6.30,000,3.65
2010-08-17,6.30,6.30,6.30,6.30,000,3.65
2010-08-16,6.30,6.30,6.30,6.30,000,3.65
2010-08-13,6.30,6.30,6.30,6.30,4100,3.65
2010-08-12,6.30,6.30,6.00,6.00,800,3.47
2010-08-11,6.30,6.30,6.30,6.30,000,3.65
2010-08-10,6.30,6.30,6.30,6.30,000,3.65
2010-08-09,6.30,6.30,6.30,6.30,000,3.65
2010-08-06,6.30,6.30,6.30,6.30,300,3.65
2010-08-05,6.03,6.21,6.00,6.16,2800,3.57
2010-08-04,6.18,6.18,6.14,6.14,300,3.56
2010-08-03,6.00,6.00,6.00,6.00,000,3.47
2010-08-02,6.00,6.00,6.00,6.00,000,3.47
2010-07-30,6.00,6.00,6.00,6.00,000,3.47
2010-07-29,6.00,6.00,6.00,6.00,000,3.47
2010-07-28,6.00,6.00,6.00,6.00,000,3.47
2010-07-27,6.00,6.00,6.00,6.00,000,3.47
2010-07-26,6.00,6.00,6.00,6.00,000,3.47
2010-07-23,6.00,6.00,6.00,6.00,000,3.47
2010-07-22,6.00,6.00,6.00,6.00,000,3.47
2010-07-21,6.00,6.00,6.00,6.00,000,3.47
2010-07-20,6.00,6.00,6.00,6.00,000,3.47
2010-07-19,6.00,6.00,6.00,6.00,000,3.47
2010-07-16,6.00,6.00,6.00,6.00,000,3.47
2010-07-15,6.00,6.00,6.00,6.00,000,3.47
2010-07-14,6.00,6.00,6.00,6.00,000,3.47
2010-07-13,6.00,6.00,6.00,6.00,000,3.47
2010-07-12,6.00,6.00,6.00,6.00,000,3.46
2010-07-09,6.00,6.00,6.00,6.00,000,3.46
2010-07-08,6.00,6.00,6.00,6.00,000,3.46
2010-07-07,6.03,6.15,6.00,6.00,500,3.46
2010-07-06,6.04,6.04,6.00,6.00,3000,3.46
2010-07-02,6.04,6.04,6.04,6.04,000,3.48
2010-07-01,6.04,6.04,6.04,6.04,200,3.48
2010-06-30,6.00,6.00,6.00,6.00,000,3.46
2010-06-29,6.25,6.25,6.00,6.00,2000,3.46
2010-06-28,6.69,6.69,6.65,6.65,300,3.83
2010-06-25,6.30,6.30,6.30,6.30,000,3.63
2010-06-24,6.30,6.30,6.30,6.30,000,3.63
2010-06-23,6.30,6.30,6.30,6.30,000,3.63
2010-06-22,6.30,6.30,6.30,6.30,000,3.63
2010-06-21,6.30,6.30,6.30,6.30,000,3.63
2010-06-18,6.30,6.30,6.30,6.30,000,3.63
2010-06-17,6.30,6.30,6.30,6.30,000,3.63
2010-06-16,6.30,6.30,6.30,6.30,000,3.63
2010-06-15,6.30,6.30,6.30,6.30,000,3.63
2010-06-14,6.30,6.30,6.30,6.30,000,3.63
2010-06-11,6.30,6.30,6.30,6.30,000,3.63
2010-06-10,6.30,6.30,6.30,6.30,1500,3.63
2010-06-09,6.30,6.30,6.30,6.30,000,3.63
2010-06-08,6.30,6.30,6.30,6.30,000,3.63
2010-06-07,6.30,6.30,6.30,6.30,000,3.63
2010-06-04,6.30,6.30,6.30,6.30,000,3.63
2010-06-03,6.30,6.30,6.30,6.30,000,3.63
2010-06-02,6.30,6.30,6.30,6.30,000,3.63
2010-06-01,6.30,6.30,6.30,6.30,000,3.63
2010-05-28,6.30,6.30,6.30,6.30,000,3.63
2010-05-27,6.28,6.30,6.28,6.30,300,3.63
2010-05-26,6.73,6.73,6.73,6.73,000,3.88
2010-05-25,6.73,6.73,6.73,6.73,200,3.88
2010-05-24,6.50,6.50,6.50,6.50,000,3.75
2010-05-21,6.50,6.50,6.50,6.50,000,3.75
2010-05-20,6.35,6.50,6.32,6.50,1200,3.75
2010-05-19,6.30,6.30,6.28,6.28,3300,3.62
2010-05-18,6.81,6.81,6.81,6.81,000,3.92
2010-05-17,6.81,6.81,6.74,6.81,800,3.92
2010-05-14,6.74,6.74,6.74,6.74,000,3.88
2010-05-13,6.74,6.74,6.74,6.74,000,3.88
2010-05-12,6.74,6.74,6.74,6.74,000,3.88
2010-05-11,6.74,6.74,6.74,6.74,300,3.88
2010-05-10,6.74,6.74,6.74,6.74,000,3.88
2010-05-07,6.77,6.77,6.74,6.74,1000,3.88
2010-05-06,6.74,6.74,6.74,6.74,1000,3.88
2010-05-05,6.52,6.75,6.51,6.75,500,3.89
2010-05-04,7.08,7.08,7.08,7.08,200,4.08
2010-05-03,7.00,7.00,6.86,6.86,500,3.95
2010-04-30,7.00,7.00,7.00,7.00,000,4.03
2010-04-29,6.89,7.25,6.89,7.00,1600,4.03
2010-04-28,6.60,6.92,6.27,6.50,2500,3.75
2010-04-27,6.30,6.30,6.30,6.30,000,3.63
2010-04-26,6.34,6.35,6.30,6.30,2800,3.63
2010-04-23,6.89,6.89,6.26,6.26,8900,3.61
2010-04-22,6.82,6.84,6.25,6.25,8200,3.60
2010-04-21,6.80,6.80,6.80,6.80,000,3.92
2010-04-20,6.87,6.87,6.80,6.80,700,3.92
2010-04-19,7.02,7.15,6.91,7.08,1500,4.08
2010-04-16,6.96,6.96,6.96,6.96,000,4.01
2010-04-15,7.61,7.61,6.80,6.96,1000,4.01
2010-04-14,7.85,7.85,7.85,7.85,000,4.52
2010-04-13,7.85,7.85,7.85,7.85,000,4.52
2010-04-12,7.85,7.85,7.85,7.85,000,4.51
2010-04-09,7.85,7.85,7.85,7.85,000,4.51
2010-04-08,7.85,7.85,7.85,7.85,000,4.51
2010-04-07,7.85,7.85,7.85,7.85,000,4.51
2010-04-06,7.85,7.85,7.85,7.85,000,4.51
2010-04-05,7.85,7.85,7.85,7.85,000,4.51
2010-04-01,7.85,7.85,7.85,7.85,000,4.51
2010-03-31,7.85,7.85,7.85,7.85,000,4.51
2010-03-30,7.85,7.85,7.85,7.85,000,4.51
2010-03-29,7.85,7.85,7.85,7.85,000,4.51
2010-03-26,7.85,7.85,7.85,7.85,000,4.51
2010-03-25,7.85,7.85,7.85,7.85,000,4.51
2010-03-24,7.78,7.85,7.78,7.85,300,4.51
2010-03-23,7.98,7.98,7.98,7.98,000,4.58
2010-03-22,7.98,7.98,7.98,7.98,000,4.58
2010-03-19,7.98,7.98,7.98,7.98,000,4.58
2010-03-18,7.98,7.98,7.98,7.98,000,4.58
2010-03-17,7.51,7.98,6.26,7.98,8600,4.58
2010-03-16,7.95,7.95,7.91,7.91,700,4.54
2010-03-15,7.23,8.00,7.14,7.94,6900,4.56
2010-03-12,7.00,7.00,7.00,7.00,000,4.02
2010-03-11,7.00,7.00,7.00,7.00,000,4.02
2010-03-10,6.81,7.00,6.61,7.00,1800,4.02
2010-03-09,5.60,7.87,5.60,7.87,2800,4.52
2010-03-08,5.80,5.80,5.80,5.80,000,3.33
2010-03-05,5.80,5.80,5.80,5.80,000,3.33
2010-03-04,5.82,5.82,5.80,5.80,300,3.33
2010-03-03,5.75,5.75,5.75,5.75,000,3.30
2010-03-02,5.75,5.75,5.75,5.75,000,3.30
2010-03-01,5.75,5.75,5.75,5.75,2300,3.30
2010-02-26,5.50,5.50,5.50,5.50,000,3.16
2010-02-25,5.50,5.50,5.50,5.50,000,3.16
2010-02-24,5.50,5.50,5.50,5.50,000,3.16
2010-02-23,5.50,5.50,5.50,5.50,000,3.16
2010-02-22,5.50,5.50,5.50,5.50,000,3.16
2010-02-19,5.50,5.50,5.50,5.50,000,3.16
2010-02-18,5.50,5.50,5.50,5.50,200,3.16
2010-02-17,5.35,5.35,5.35,5.35,000,3.07
2010-02-16,5.35,5.35,5.35,5.35,800,3.07
2010-02-12,5.50,5.50,5.50,5.50,000,3.16
2010-02-11,5.50,5.50,5.50,5.50,000,3.16
2010-02-10,5.50,5.50,5.50,5.50,000,3.16
2010-02-09,5.50,5.50,5.50,5.50,000,3.16
2010-02-08,5.50,5.50,5.50,5.50,000,3.16
2010-02-05,5.50,5.50,5.50,5.50,000,3.16
2010-02-04,5.50,5.50,5.50,5.50,000,3.16
2010-02-03,5.50,5.50,5.50,5.50,000,3.16
2010-02-02,6.32,6.32,5.50,5.50,1800,3.16
2010-02-01,5.11,5.11,5.11,5.11,300,2.93
2010-01-29,6.56,6.56,6.56,6.56,1300,3.77
2010-01-28,6.62,6.62,6.62,6.62,000,3.80
2010-01-27,6.62,6.62,6.62,6.62,000,3.80
2010-01-26,6.62,6.62,6.62,6.62,000,3.80
2010-01-25,6.62,6.62,6.62,6.62,300,3.80
2010-01-22,6.38,6.38,6.38,6.38,000,3.66
2010-01-21,6.38,6.38,6.38,6.38,000,3.66
2010-01-20,6.38,6.38,6.38,6.38,000,3.66
2010-01-19,6.38,6.38,6.38,6.38,000,3.66
2010-01-15,6.38,6.38,6.38,6.38,000,3.66
2010-01-14,6.38,6.38,6.38,6.38,000,3.66
2010-01-13,6.38,6.38,6.38,6.38,000,3.66
2010-01-12,6.38,6.38,6.38,6.38,000,3.66
2010-01-11,6.38,6.38,6.38,6.38,000,3.64
2010-01-08,6.38,6.38,6.38,6.38,3300,3.64
2010-01-07,6.00,6.00,6.00,6.00,000,3.43
2010-01-06,6.00,6.00,6.00,6.00,200,3.43
2010-01-05,5.60,5.60,5.60,5.60,000,3.20
2010-01-04,5.60,5.60,5.60,5.60,000,3.20
2009-12-31,5.60,5.60,5.60,5.60,000,3.20
2009-12-30,5.58,5.60,5.55,5.60,1500,3.20
2009-12-29,5.60,5.60,5.60,5.60,000,3.20
2009-12-28,5.60,5.60,5.60,5.60,000,3.20
2009-12-24,5.60,5.60,5.60,5.60,000,3.20
2009-12-23,5.60,5.60,5.60,5.60,000,3.20
2009-12-22,5.60,5.60,5.60,5.60,500,3.20
2009-12-21,5.57,5.57,5.57,5.57,000,3.18
2009-12-18,5.57,5.57,5.57,5.57,300,3.18
2009-12-17,5.59,5.59,5.59,5.59,500,3.19
2009-12-16,6.00,6.00,6.00,6.00,500,3.43
2009-12-15,6.00,6.00,6.00,6.00,000,3.43
2009-12-14,6.00,6.00,6.00,6.00,000,3.43
2009-12-11,6.00,6.00,6.00,6.00,000,3.43
2009-12-10,6.00,6.00,6.00,6.00,000,3.43
2009-12-09,6.00,6.00,6.00,6.00,200,3.43
2009-12-08,6.00,6.00,6.00,6.00,000,3.43
2009-12-07,6.00,6.00,6.00,6.00,000,3.43
2009-12-04,6.00,6.00,6.00,6.00,000,3.43
2009-12-03,6.00,6.00,6.00,6.00,000,3.43
2009-12-02,6.00,6.00,6.00,6.00,000,3.43
2009-12-01,6.00,6.00,6.00,6.00,000,3.43
2009-11-30,6.00,6.00,6.00,6.00,300,3.43
2009-11-27,6.10,6.10,6.00,6.00,500,3.43
2009-11-25,6.00,6.00,6.00,6.00,000,3.43
2009-11-24,6.00,6.00,6.00,6.00,000,3.43
2009-11-23,6.00,6.00,6.00,6.00,000,3.43
2009-11-20,6.00,6.00,6.00,6.00,500,3.43
2009-11-19,5.57,5.57,5.57,5.57,000,3.18
2009-11-18,5.57,5.57,5.57,5.57,000,3.18
