Date,Open,High,Low,Close,Volume,Adj Close
2014-11-18,0.69,0.69,0.62,0.62,10900,0.62
2014-11-17,0.70,0.70,0.70,0.70,000,0.70
2014-11-14,0.70,0.70,0.70,0.70,000,0.70
2014-11-13,0.70,0.70,0.70,0.70,000,0.70
2014-11-12,0.70,0.70,0.70,0.70,000,0.70
2014-11-11,0.70,0.70,0.70,0.70,000,0.70
2014-11-10,0.70,0.70,0.70,0.70,000,0.70
2014-11-07,0.70,0.70,0.70,0.70,100,0.70
2014-11-06,0.70,0.70,0.70,0.70,000,0.70
2014-11-05,0.69,0.70,0.69,0.70,3300,0.70
2014-11-04,0.70,0.71,0.69,0.69,15800,0.69
2014-11-03,0.70,0.70,0.70,0.70,6000,0.70
2014-10-31,0.75,0.75,0.69,0.70,11400,0.70
2014-10-30,0.73,0.82,0.73,0.74,16400,0.74
2014-10-29,0.74,0.74,0.74,0.74,000,0.74
2014-10-28,0.74,0.74,0.74,0.74,200,0.74
2014-10-27,0.73,0.76,0.73,0.75,22500,0.75
2014-10-24,0.71,0.72,0.71,0.72,700,0.72
2014-10-23,0.68,0.71,0.68,0.71,18300,0.71
2014-10-22,0.67,0.67,0.67,0.67,000,0.67
2014-10-21,0.69,0.69,0.61,0.67,11200,0.67
2014-10-20,0.70,0.70,0.70,0.70,000,0.70
2014-10-17,0.70,0.70,0.70,0.70,000,0.70
2014-10-16,0.70,0.70,0.70,0.70,000,0.70
2014-10-15,0.70,0.70,0.70,0.70,000,0.70
2014-10-14,0.72,0.72,0.70,0.70,5900,0.70
2014-10-13,0.65,0.75,0.64,0.73,11200,0.73
2014-10-10,0.76,0.76,0.60,0.64,10300,0.64
2014-10-09,0.77,0.77,0.77,0.77,000,0.77
2014-10-08,0.79,0.79,0.77,0.77,1500,0.77
2014-10-07,0.80,0.80,0.80,0.80,1100,0.80
2014-10-06,0.81,0.81,0.81,0.81,000,0.81
2014-10-03,0.81,0.81,0.81,0.81,500,0.81
2014-10-02,0.78,0.81,0.78,0.81,5500,0.81
2014-10-01,0.77,0.79,0.77,0.79,7100,0.79
2014-09-30,0.76,0.76,0.76,0.76,1000,0.76
2014-09-29,0.75,0.75,0.75,0.75,10000,0.75
2014-09-26,0.75,0.75,0.75,0.75,200,0.75
2014-09-25,0.73,0.76,0.71,0.76,12300,0.76
2014-09-24,0.76,0.76,0.74,0.74,5000,0.74
2014-09-23,0.80,0.80,0.76,0.77,2000,0.77
2014-09-22,0.79,0.80,0.79,0.80,500,0.80
2014-09-19,0.76,0.79,0.76,0.79,2700,0.79
2014-09-18,0.76,0.76,0.76,0.76,000,0.76
2014-09-17,0.77,0.77,0.75,0.76,2100,0.76
2014-09-16,0.77,0.77,0.77,0.77,400,0.77
2014-09-15,0.75,0.82,0.75,0.78,6900,0.78
2014-09-12,0.79,0.83,0.74,0.74,7300,0.74
2014-09-11,0.80,0.80,0.80,0.80,100,0.80
2014-09-10,0.81,0.81,0.81,0.81,300,0.81
2014-09-09,0.84,0.84,0.82,0.82,600,0.82
2014-09-08,0.83,0.85,0.83,0.84,8400,0.84
2014-09-05,0.85,0.85,0.85,0.85,000,0.85
2014-09-04,0.84,0.85,0.83,0.85,18100,0.85
2014-09-03,0.81,0.85,0.77,0.85,8400,0.85
2014-09-02,0.80,0.80,0.80,0.80,200,0.80
2014-08-29,0.80,0.80,0.80,0.80,000,0.80
2014-08-28,0.80,0.80,0.80,0.80,000,0.80
2014-08-27,0.80,0.80,0.80,0.80,000,0.80
2014-08-26,0.82,0.82,0.80,0.80,1100,0.80
2014-08-25,0.80,0.80,0.80,0.80,3500,0.80
2014-08-22,0.80,0.80,0.80,0.80,000,0.80
2014-08-21,0.80,0.80,0.80,0.80,4700,0.80
2014-08-20,0.79,0.79,0.79,0.79,3700,0.79
2014-08-19,0.83,0.83,0.75,0.78,19900,0.78
2014-08-18,0.85,0.85,0.85,0.85,000,0.85
2014-08-15,0.86,0.86,0.85,0.85,1400,0.85
2014-08-14,0.85,0.88,0.79,0.88,6100,0.88
2014-08-13,0.87,0.87,0.85,0.85,400,0.85
2014-08-12,0.85,0.85,0.85,0.85,000,0.85
2014-08-11,0.88,0.88,0.85,0.85,10500,0.85
2014-08-08,0.88,0.88,0.87,0.87,1200,0.87
2014-08-07,0.89,0.89,0.89,0.89,000,0.89
2014-08-06,0.89,0.89,0.89,0.89,000,0.89
2014-08-05,0.88,0.92,0.88,0.89,3500,0.89
2014-08-04,0.85,0.86,0.85,0.86,600,0.86
2014-08-01,0.87,0.87,0.87,0.87,000,0.87
2014-07-31,0.87,0.87,0.87,0.87,000,0.87
2014-07-30,0.87,0.87,0.87,0.87,000,0.87
2014-07-29,0.85,0.87,0.85,0.87,900,0.87
2014-07-28,0.89,0.91,0.85,0.91,21500,0.91
2014-07-25,0.87,0.87,0.87,0.87,000,0.87
2014-07-24,0.82,0.91,0.80,0.87,10700,0.87
2014-07-23,0.85,0.95,0.76,0.80,31200,0.80
2014-07-22,0.78,0.87,0.75,0.84,25800,0.84
2014-07-21,0.78,0.86,0.74,0.74,33000,0.74
2014-07-18,0.80,0.80,0.80,0.80,400,0.80
2014-07-17,0.80,0.80,0.80,0.80,000,0.80
2014-07-16,0.80,0.80,0.80,0.80,000,0.80
2014-07-15,0.80,0.80,0.80,0.80,4000,0.80
2014-07-14,0.78,0.85,0.76,0.76,13400,0.76
2014-07-11,0.80,0.82,0.75,0.75,4800,0.75
2014-07-10,0.79,0.79,0.79,0.79,300,0.79
2014-07-09,0.78,0.78,0.78,0.78,3600,0.78
2014-07-08,0.78,0.78,0.78,0.78,3800,0.78
2014-07-07,0.79,0.79,0.79,0.79,000,0.79
2014-07-03,0.79,0.79,0.79,0.79,000,0.79
2014-07-02,0.79,0.79,0.79,0.79,1500,0.79
2014-07-01,0.80,0.81,0.80,0.80,1600,0.80
2014-06-30,0.79,0.80,0.79,0.79,700,0.79
2014-06-27,0.78,0.78,0.78,0.78,000,0.78
2014-06-26,0.78,0.78,0.78,0.78,000,0.78
2014-06-25,0.78,0.78,0.78,0.78,000,0.78
2014-06-24,0.78,0.78,0.78,0.78,200,0.78
2014-06-23,0.80,0.80,0.80,0.80,000,0.80
2014-06-20,0.82,0.82,0.78,0.80,7300,0.80
2014-06-19,0.82,0.82,0.82,0.82,2100,0.82
2014-06-18,0.82,0.82,0.82,0.82,100,0.82
2014-06-17,0.82,0.83,0.82,0.83,5400,0.83
2014-06-16,0.81,0.82,0.81,0.82,1200,0.82
2014-06-13,0.82,0.83,0.82,0.82,13200,0.82
2014-06-12,0.82,0.82,0.82,0.82,000,0.82
2014-06-11,0.82,0.82,0.82,0.82,1000,0.82
2014-06-10,0.85,0.85,0.80,0.81,11100,0.81
2014-06-09,0.86,0.86,0.84,0.84,4300,0.84
2014-06-06,0.86,0.86,0.85,0.85,6700,0.85
2014-06-05,0.86,0.86,0.86,0.86,100,0.86
2014-06-04,0.86,0.86,0.86,0.86,100,0.86
2014-06-03,0.85,0.85,0.85,0.85,800,0.85
2014-06-02,0.86,0.86,0.86,0.86,000,0.86
2014-05-30,0.85,0.86,0.84,0.86,2900,0.86
2014-05-29,0.86,0.86,0.86,0.86,000,0.86
2014-05-28,0.85,0.86,0.85,0.86,300,0.86
2014-05-27,0.86,0.86,0.86,0.86,100,0.86
2014-05-23,0.85,0.85,0.85,0.85,000,0.85
2014-05-22,0.85,0.85,0.85,0.85,100,0.85
2014-05-21,0.85,0.85,0.85,0.85,100,0.85
2014-05-20,0.87,0.87,0.87,0.87,200,0.87
2014-05-19,0.86,0.86,0.86,0.86,100,0.86
2014-05-16,0.86,0.86,0.85,0.85,1200,0.85
2014-05-15,0.85,0.85,0.85,0.85,100,0.85
2014-05-14,0.85,0.85,0.85,0.85,100,0.85
2014-05-13,0.84,0.85,0.84,0.85,700,0.85
2014-05-12,0.87,0.87,0.86,0.86,3500,0.86
2014-05-09,0.87,0.87,0.87,0.87,100,0.87
2014-05-08,0.87,0.87,0.87,0.87,100,0.87
2014-05-07,0.87,0.87,0.87,0.87,200,0.87
2014-05-06,0.87,0.87,0.87,0.87,400,0.87
2014-05-05,0.86,0.86,0.86,0.86,100,0.86
2014-05-02,0.86,0.87,0.86,0.87,500,0.87
2014-05-01,0.86,0.86,0.86,0.86,500,0.86
2014-04-30,0.86,0.86,0.86,0.86,100,0.86
2014-04-29,0.83,0.85,0.83,0.85,10800,0.85
2014-04-28,0.86,0.86,0.84,0.85,3100,0.85
2014-04-25,0.87,0.87,0.87,0.87,100,0.87
2014-04-24,0.88,0.88,0.88,0.88,000,0.88
2014-04-23,0.84,0.88,0.83,0.88,3100,0.88
2014-04-22,0.89,0.89,0.89,0.89,000,0.89
2014-04-21,0.89,0.89,0.89,0.89,000,0.89
2014-04-17,0.89,0.89,0.89,0.89,000,0.89
2014-04-16,0.89,0.89,0.89,0.89,000,0.89
2014-04-15,0.89,0.89,0.89,0.89,000,0.89
2014-04-14,0.89,0.89,0.89,0.89,1000,0.89
2014-04-11,0.87,0.87,0.87,0.87,500,0.87
2014-04-10,0.82,0.87,0.82,0.87,500,0.87
2014-04-09,0.81,0.81,0.81,0.81,000,0.81
2014-04-08,0.82,0.82,0.81,0.81,400,0.81
2014-04-07,0.83,0.83,0.83,0.83,000,0.83
2014-04-04,0.80,0.83,0.80,0.83,1100,0.83
2014-04-03,0.75,0.80,0.75,0.80,5100,0.80
2014-04-02,0.75,0.75,0.75,0.75,6800,0.75
2014-04-01,0.75,0.75,0.75,0.75,1600,0.75
2014-03-31,0.85,0.85,0.66,0.74,15100,0.74
2014-03-28,0.85,0.85,0.85,0.85,200,0.85
2014-03-27,0.85,0.85,0.84,0.84,2200,0.84
2014-03-26,0.86,0.86,0.86,0.86,000,0.86
2014-03-25,0.86,0.86,0.86,0.86,000,0.86
2014-03-24,0.86,0.86,0.86,0.86,000,0.86
2014-03-21,0.86,0.86,0.86,0.86,000,0.86
2014-03-20,0.86,0.86,0.86,0.86,1000,0.86
2014-03-19,0.83,0.85,0.83,0.85,900,0.85
2014-03-18,0.87,0.87,0.84,0.85,6100,0.85
2014-03-17,0.87,0.87,0.87,0.87,300,0.87
2014-03-14,0.89,0.89,0.89,0.89,1100,0.89
2014-03-13,0.89,0.89,0.89,0.89,000,0.89
2014-03-12,0.89,0.89,0.89,0.89,200,0.89
2014-03-11,0.90,0.90,0.90,0.90,000,0.90
2014-03-10,0.90,0.90,0.90,0.90,000,0.90
2014-03-07,0.90,0.90,0.90,0.90,000,0.90
2014-03-06,0.90,0.90,0.90,0.90,000,0.90
2014-03-05,0.90,0.90,0.90,0.90,000,0.90
2014-03-04,0.90,0.90,0.90,0.90,2100,0.90
2014-03-03,0.88,0.89,0.88,0.89,1000,0.89
2014-02-28,0.89,0.89,0.89,0.89,000,0.89
2014-02-27,0.89,0.89,0.89,0.89,000,0.89
2014-02-26,0.89,0.89,0.89,0.89,2500,0.89
2014-02-25,0.89,0.89,0.89,0.89,2100,0.89
2014-02-24,0.91,0.91,0.90,0.90,3900,0.90
2014-02-21,0.90,0.90,0.90,0.90,300,0.90
2014-02-20,0.89,0.89,0.89,0.89,000,0.89
2014-02-19,0.94,0.94,0.89,0.89,400,0.89
2014-02-18,0.91,0.91,0.88,0.90,5700,0.90
2014-02-14,0.91,0.91,0.91,0.91,000,0.91
2014-02-13,0.91,0.91,0.91,0.91,000,0.91
2014-02-12,0.91,0.91,0.91,0.91,200,0.91
2014-02-11,0.92,0.92,0.91,0.91,800,0.91
2014-02-10,0.92,0.92,0.92,0.92,400,0.92
2014-02-07,0.92,0.93,0.92,0.92,9200,0.92
2014-02-06,0.92,0.92,0.92,0.92,000,0.92
2014-02-05,0.92,0.92,0.92,0.92,000,0.92
2014-02-04,0.92,0.92,0.92,0.92,1500,0.92
2014-02-03,0.92,0.92,0.92,0.92,000,0.92
2014-01-31,0.92,0.92,0.92,0.92,000,0.92
2014-01-30,0.92,0.92,0.92,0.92,400,0.92
2014-01-29,0.92,0.92,0.92,0.92,000,0.92
2014-01-28,0.92,0.92,0.92,0.92,000,0.92
2014-01-27,0.92,0.92,0.92,0.92,100,0.92
2014-01-24,0.93,0.93,0.93,0.93,600,0.93
2014-01-23,0.93,0.95,0.93,0.93,3100,0.93
2014-01-22,0.93,0.93,0.93,0.93,300,0.93
2014-01-21,0.94,0.94,0.93,0.93,1400,0.93
2014-01-17,0.88,0.88,0.88,0.88,1000,0.88
2014-01-16,0.94,0.96,0.94,0.95,500,0.95
2014-01-15,0.95,0.95,0.95,0.95,200,0.95
2014-01-14,0.91,0.91,0.91,0.91,100,0.91
2014-01-13,0.88,0.93,0.88,0.93,3900,0.93
2014-01-10,0.96,0.96,0.88,0.90,5200,0.90
2014-01-09,0.98,0.98,0.98,0.98,1100,0.98
2014-01-08,0.98,0.98,0.98,0.98,000,0.98
2014-01-07,0.91,0.98,0.91,0.98,1600,0.98
2014-01-06,0.90,0.90,0.90,0.90,000,0.90
2014-01-03,0.90,0.90,0.90,0.90,000,0.90
2014-01-02,0.90,0.90,0.90,0.90,000,0.90
2013-12-31,0.93,0.93,0.82,0.90,35800,0.90
2013-12-30,0.97,0.97,0.97,0.97,13700,0.97
2013-12-27,0.96,0.96,0.96,0.96,700,0.96
2013-12-26,0.99,1.00,0.99,1.00,73100,1.00
2013-12-24,0.96,1.00,0.96,1.00,14100,1.00
2013-12-23,0.94,0.95,0.94,0.95,2400,0.95
2013-12-20,1.00,1.00,1.00,1.00,2300,1.00
2013-12-19,0.95,0.95,0.95,0.95,200,0.95
2013-12-18,0.94,0.94,0.94,0.94,1700,0.94
2013-12-17,0.97,0.98,0.94,0.94,9500,0.94
2013-12-16,0.96,0.96,0.96,0.96,6000,0.96
2013-12-13,0.97,0.99,0.95,0.95,2000,0.95
2013-12-12,1.02,1.02,0.97,1.00,11300,1.00
2013-12-11,0.92,1.02,0.92,1.01,37400,1.01
2013-12-10,0.99,1.00,0.95,0.95,1400,0.95
2013-12-09,0.95,1.00,0.95,1.00,23900,1.00
2013-12-06,0.98,0.98,0.98,0.98,000,0.98
2013-12-05,0.96,0.98,0.96,0.98,7400,0.98
2013-12-04,0.98,0.98,0.96,0.96,1200,0.96
2013-12-03,0.98,0.98,0.98,0.98,2200,0.98
2013-12-02,0.96,0.98,0.96,0.98,9700,0.98
2013-11-29,0.98,0.98,0.98,0.98,000,0.98
2013-11-27,0.98,0.98,0.98,0.98,500,0.98
2013-11-26,0.99,0.99,0.99,0.99,1000,0.99
2013-11-25,1.02,1.02,1.02,1.02,2900,1.02
2013-11-22,0.99,0.99,0.99,0.99,1000,0.99
2013-11-21,1.00,1.00,1.00,1.00,13400,1.00
2013-11-20,0.99,1.00,0.99,1.00,29600,1.00
2013-11-19,1.00,1.00,1.00,1.00,3500,1.00
2013-11-18,0.96,0.96,0.96,0.96,000,0.96
2013-11-15,0.96,0.96,0.96,0.96,000,0.96
2013-11-14,1.00,1.00,0.96,0.96,300,0.96
2013-11-13,0.97,0.97,0.97,0.97,000,0.97
2013-11-12,0.97,0.97,0.97,0.97,500,0.97
2013-11-11,1.00,1.00,1.00,1.00,000,1.00
2013-11-08,0.95,1.00,0.95,1.00,10800,1.00
2013-11-07,0.93,0.93,0.93,0.93,000,0.93
2013-11-06,0.93,0.93,0.93,0.93,4100,0.93
2013-11-05,0.94,0.94,0.94,0.94,000,0.94
2013-11-04,0.96,0.96,0.89,0.94,1200,0.94
2013-11-01,1.03,1.03,1.01,1.01,22000,1.01
2013-10-31,1.05,1.05,1.05,1.05,1900,1.05
2013-10-30,1.05,1.05,1.05,1.05,1300,1.05
2013-10-29,1.08,1.08,1.08,1.08,100,1.08
2013-10-28,1.10,1.10,1.10,1.10,000,1.10
2013-10-25,1.09,1.15,1.05,1.10,2900,1.10
2013-10-24,1.00,1.10,1.00,1.05,8600,1.05
2013-10-23,1.03,1.03,1.03,1.03,000,1.03
2013-10-22,1.03,1.08,1.03,1.03,700,1.03
2013-10-21,1.00,1.00,1.00,1.00,2400,1.00
2013-10-18,1.00,1.00,0.89,1.00,23800,1.00
2013-10-17,1.01,1.08,1.01,1.06,16700,1.06
2013-10-16,0.85,0.98,0.85,0.97,19900,0.97
2013-10-15,0.82,0.82,0.82,0.82,300,0.82
2013-10-14,0.84,0.84,0.81,0.81,7600,0.81
2013-10-11,0.84,0.84,0.84,0.84,14300,0.84
2013-10-10,0.84,0.84,0.84,0.84,000,0.84
2013-10-09,0.83,0.84,0.82,0.84,2500,0.84
2013-10-08,0.84,0.84,0.82,0.82,600,0.82
2013-10-07,0.81,0.81,0.81,0.81,4000,0.81
2013-10-04,0.81,0.81,0.81,0.81,100,0.81
2013-10-03,0.88,0.92,0.84,0.84,3500,0.84
2013-10-02,0.81,0.86,0.81,0.84,4300,0.84
2013-10-01,0.92,0.92,0.92,0.92,000,0.92
2013-09-30,0.92,0.92,0.92,0.92,000,0.92
2013-09-27,0.88,0.92,0.88,0.92,1100,0.92
2013-09-26,0.86,0.89,0.81,0.89,17600,0.89
2013-09-25,0.85,0.85,0.85,0.85,200,0.85
2013-09-24,0.91,0.91,0.91,0.91,000,0.91
2013-09-23,0.91,0.91,0.91,0.91,600,0.91
2013-09-20,0.90,0.90,0.90,0.90,200,0.90
2013-09-19,0.87,0.92,0.87,0.92,9100,0.92
2013-09-18,0.86,0.86,0.86,0.86,000,0.86
2013-09-17,0.94,0.94,0.86,0.86,26000,0.86
2013-09-16,0.92,0.92,0.92,0.92,200,0.92
2013-09-13,0.94,0.94,0.94,0.94,000,0.94
2013-09-12,0.94,0.94,0.94,0.94,000,0.94
2013-09-11,0.97,0.98,0.94,0.94,1900,0.94
2013-09-10,0.93,0.93,0.93,0.93,500,0.93
2013-09-09,0.95,0.95,0.95,0.95,200,0.95
2013-09-06,1.02,1.02,1.02,1.02,200,1.02
2013-09-05,0.98,1.00,0.96,1.00,1400,1.00
2013-09-04,1.05,1.07,1.05,1.06,5600,1.06
2013-09-03,1.10,1.10,0.95,1.03,7200,1.03
2013-08-30,0.96,1.05,0.96,1.04,5800,1.04
2013-08-29,1.10,1.10,0.92,0.92,5000,0.92
2013-08-28,0.92,1.01,0.90,1.00,19900,1.00
2013-08-27,1.00,1.00,0.93,0.96,1800,0.96
2013-08-26,1.03,1.03,0.99,1.00,9300,1.00
2013-08-23,0.96,0.96,0.92,0.93,11000,0.93
2013-08-22,1.05,1.05,0.96,0.96,2400,0.96
2013-08-21,1.00,1.00,1.00,1.00,1200,1.00
2013-08-20,1.00,1.14,0.97,1.01,14200,1.01
2013-08-19,1.00,1.13,0.97,1.00,28700,1.00
2013-08-16,1.01,1.01,1.01,1.01,000,1.01
2013-08-15,1.08,1.09,1.01,1.01,8300,1.01
2013-08-14,1.09,1.09,1.04,1.04,6800,1.04
2013-08-13,1.02,1.09,0.96,1.09,3000,1.09
2013-08-12,1.02,1.02,1.02,1.02,000,1.02
2013-08-09,1.02,1.07,1.02,1.02,800,1.02
2013-08-08,1.10,1.10,1.08,1.10,4100,1.10
2013-08-07,1.09,1.09,1.09,1.09,9500,1.09
2013-08-06,1.09,1.09,1.09,1.09,1000,1.09
2013-08-05,1.08,1.08,1.08,1.08,000,1.08
2013-08-02,1.08,1.08,1.08,1.08,900,1.08
2013-08-01,1.08,1.08,1.08,1.08,000,1.08
2013-07-31,1.08,1.08,1.08,1.08,000,1.08
2013-07-30,1.08,1.08,1.08,1.08,000,1.08
2013-07-29,1.08,1.08,1.08,1.08,000,1.08
2013-07-26,1.08,1.08,1.08,1.08,200,1.08
2013-07-25,1.16,1.16,1.16,1.16,000,1.16
2013-07-24,1.12,1.16,1.08,1.16,2800,1.16
2013-07-23,1.17,1.17,1.17,1.17,1100,1.17
2013-07-22,1.14,1.14,1.14,1.14,000,1.14
2013-07-19,1.14,1.14,1.14,1.14,000,1.14
2013-07-18,1.15,1.15,1.14,1.14,3900,1.14
2013-07-17,1.15,1.15,1.15,1.15,2000,1.15
2013-07-16,1.12,1.12,1.12,1.12,100,1.12
2013-07-15,1.18,1.18,1.18,1.18,000,1.18
2013-07-12,1.18,1.18,1.18,1.18,100,1.18
2013-07-11,1.20,1.20,1.10,1.10,600,1.10
2013-07-10,1.10,1.20,1.06,1.19,5000,1.19
2013-07-09,1.20,1.20,1.16,1.16,300,1.16
2013-07-08,1.25,1.25,1.25,1.25,000,1.25
2013-07-05,1.25,1.25,1.25,1.25,400,1.25
2013-07-03,1.26,1.26,1.26,1.26,000,1.26
2013-07-02,1.26,1.26,1.26,1.26,000,1.26
2013-07-01,1.13,1.34,1.13,1.26,4100,1.26
2013-06-28,1.07,1.07,1.07,1.07,100,1.07
2013-06-27,1.06,1.06,1.06,1.06,1900,1.06
2013-06-26,1.12,1.12,1.12,1.12,000,1.12
2013-06-25,1.11,1.12,1.10,1.12,2100,1.12
2013-06-24,1.11,1.11,1.11,1.11,000,1.11
2013-06-21,1.11,1.11,1.11,1.11,000,1.11
2013-06-20,1.18,1.18,1.06,1.11,14300,1.11
2013-06-19,1.19,1.19,1.19,1.19,000,1.19
2013-06-18,1.18,1.19,1.18,1.19,200,1.19
2013-06-17,1.24,1.24,1.19,1.22,3500,1.22
2013-06-14,1.23,1.23,1.23,1.23,000,1.23
2013-06-13,1.23,1.23,1.23,1.23,000,1.23
2013-06-12,1.23,1.23,1.23,1.23,000,1.23
2013-06-11,1.23,1.23,1.23,1.23,000,1.23
2013-06-10,1.23,1.23,1.23,1.23,400,1.23
2013-06-07,1.23,1.23,1.15,1.15,500,1.15
2013-06-06,1.23,1.23,1.23,1.23,000,1.23
2013-06-05,1.23,1.23,1.23,1.23,100,1.23
2013-06-04,1.18,1.23,1.18,1.23,400,1.23
2013-06-03,1.24,1.24,1.18,1.18,500,1.18
2013-05-31,1.25,1.25,1.25,1.25,000,1.25
2013-05-30,1.19,1.25,1.19,1.25,400,1.25
2013-05-29,1.20,1.20,1.20,1.20,000,1.20
2013-05-28,1.21,1.40,1.07,1.20,21700,1.20
2013-05-24,1.25,1.31,1.13,1.31,4900,1.31
2013-05-23,1.35,1.35,1.35,1.35,000,1.35
2013-05-22,1.35,1.35,1.35,1.35,000,1.35
2013-05-21,1.35,1.35,1.35,1.35,4000,1.35
2013-05-20,1.32,1.37,1.19,1.37,4900,1.37
2013-05-17,1.20,1.36,1.16,1.36,15100,1.36
2013-05-16,1.25,1.35,1.25,1.35,3000,1.35
2013-05-15,1.17,1.17,1.17,1.17,200,1.17
2013-05-14,1.17,1.20,1.10,1.20,4900,1.20
2013-05-13,1.22,1.22,1.22,1.22,200,1.22
2013-05-10,1.23,1.23,1.23,1.23,000,1.23
2013-05-09,1.25,1.25,1.23,1.23,400,1.23
2013-05-08,1.22,1.25,1.22,1.25,5000,1.25
2013-05-07,1.23,1.23,1.23,1.23,300,1.23
2013-05-06,1.23,1.23,1.23,1.23,000,1.23
2013-05-03,1.23,1.23,1.23,1.23,300,1.23
2013-05-02,1.23,1.23,1.23,1.23,600,1.23
2013-05-01,1.26,1.26,1.26,1.26,000,1.26
2013-04-30,1.26,1.26,1.26,1.26,300,1.26
2013-04-29,1.26,1.26,1.26,1.26,300,1.26
2013-04-26,1.24,1.26,1.24,1.26,500,1.26
2013-04-25,1.24,1.27,1.24,1.27,300,1.27
2013-04-24,1.24,1.24,1.24,1.24,000,1.24
2013-04-23,1.24,1.24,1.24,1.24,2000,1.24
2013-04-22,1.24,1.24,1.24,1.24,200,1.24
2013-04-19,1.24,1.29,1.24,1.29,2000,1.29
2013-04-18,1.29,1.29,1.29,1.29,000,1.29
2013-04-17,1.29,1.29,1.29,1.29,000,1.29
2013-04-16,1.29,1.29,1.29,1.29,000,1.29
2013-04-15,1.29,1.29,1.29,1.29,300,1.29
2013-04-12,1.33,1.34,1.33,1.34,200,1.34
2013-04-11,1.33,1.33,1.33,1.33,000,1.33
2013-04-10,1.33,1.33,1.33,1.33,200,1.33
2013-04-09,1.26,1.32,1.20,1.31,1000,1.31
2013-04-08,1.28,1.28,1.28,1.28,400,1.28
2013-04-05,1.33,1.33,1.26,1.33,2200,1.33
2013-04-04,1.34,1.34,1.34,1.34,000,1.34
2013-04-03,1.34,1.34,1.34,1.34,000,1.34
2013-04-02,1.34,1.34,1.34,1.34,000,1.34
2013-04-01,1.34,1.34,1.34,1.34,000,1.34
2013-03-28,1.34,1.34,1.34,1.34,000,1.34
2013-03-27,1.34,1.34,1.34,1.34,100,1.34
2013-03-26,1.34,1.34,1.34,1.34,900,1.34
2013-03-25,1.34,1.34,1.34,1.34,000,1.34
2013-03-22,1.34,1.34,1.34,1.34,100,1.34
2013-03-21,1.35,1.35,1.35,1.35,100,1.35
2013-03-20,1.35,1.35,1.35,1.35,100,1.35
2013-03-19,1.35,1.35,1.35,1.35,000,1.35
2013-03-18,1.35,1.35,1.35,1.35,000,1.35
2013-03-15,1.35,1.35,1.35,1.35,000,1.35
2013-03-14,1.35,1.35,1.35,1.35,000,1.35
2013-03-13,1.35,1.35,1.35,1.35,100,1.35
2013-03-12,1.35,1.35,1.35,1.35,100,1.35
2013-03-11,1.34,1.35,1.34,1.35,3300,1.35
2013-03-08,1.35,1.35,1.35,1.35,100,1.35
2013-03-07,1.34,1.34,1.34,1.34,000,1.34
2013-03-06,1.34,1.34,1.34,1.34,400,1.34
2013-03-05,1.27,1.27,1.27,1.27,000,1.27
2013-03-04,1.27,1.27,1.27,1.27,000,1.27
2013-03-01,1.27,1.27,1.27,1.27,000,1.27
2013-02-28,1.27,1.33,1.26,1.27,13900,1.27
2013-02-27,1.26,1.26,1.26,1.26,100,1.26
2013-02-26,1.27,1.27,1.27,1.27,000,1.27
2013-02-25,1.27,1.27,1.27,1.27,000,1.27
2013-02-22,1.27,1.27,1.27,1.27,000,1.27
2013-02-21,1.27,1.27,1.27,1.27,2600,1.27
2013-02-20,1.29,1.29,1.28,1.29,10600,1.29
2013-02-19,1.27,1.27,1.27,1.27,300,1.27
2013-02-15,1.28,1.28,1.28,1.28,000,1.28
2013-02-14,1.28,1.28,1.28,1.28,000,1.28
2013-02-13,1.28,1.28,1.28,1.28,000,1.28
2013-02-12,1.28,1.28,1.28,1.28,000,1.28
2013-02-11,1.27,1.28,1.27,1.28,1500,1.28
2013-02-08,1.36,1.36,1.36,1.36,000,1.36
2013-02-07,1.36,1.36,1.36,1.36,100,1.36
2013-02-06,1.28,1.40,1.28,1.34,2500,1.34
2013-02-05,1.33,1.33,1.32,1.33,2900,1.33
2013-02-04,1.32,1.32,1.32,1.32,1300,1.32
2013-02-01,1.32,1.32,1.32,1.32,500,1.32
2013-01-31,1.33,1.33,1.33,1.33,2400,1.33
2013-01-30,1.32,1.32,1.32,1.32,100,1.32
2013-01-29,1.30,1.33,1.25,1.30,2100,1.30
2013-01-28,1.25,1.30,1.24,1.30,700,1.30
2013-01-25,1.29,1.29,1.29,1.29,100,1.29
2013-01-24,1.33,1.33,1.33,1.33,200,1.33
2013-01-23,1.20,1.24,1.18,1.24,25500,1.24
2013-01-22,1.24,1.27,1.24,1.27,17400,1.27
2013-01-18,1.24,1.24,1.24,1.24,000,1.24
2013-01-17,1.24,1.24,1.24,1.24,000,1.24
2013-01-16,1.22,1.26,1.22,1.24,4400,1.24
2013-01-15,1.22,1.25,1.21,1.22,2100,1.22
2013-01-14,1.21,1.21,1.21,1.21,200,1.21
2013-01-11,1.22,1.25,1.22,1.25,3200,1.25
2013-01-10,1.13,1.13,1.13,1.13,200,1.13
2013-01-09,1.12,1.12,1.12,1.12,000,1.12
2013-01-08,1.12,1.12,1.12,1.12,1200,1.12
2013-01-07,1.12,1.12,1.12,1.12,000,1.12
2013-01-04,1.12,1.12,1.12,1.12,1500,1.12
2013-01-03,1.15,1.15,1.15,1.15,000,1.15
2013-01-02,1.18,1.18,1.15,1.15,300,1.15
2012-12-31,1.12,1.17,1.12,1.17,9200,1.17
2012-12-28,1.15,1.18,1.15,1.17,1800,1.17
2012-12-27,1.15,1.24,1.11,1.24,1900,1.24
2012-12-26,1.15,1.15,1.15,1.15,1700,1.15
2012-12-24,1.18,1.18,1.15,1.15,700,1.15
2012-12-21,1.15,1.23,1.15,1.22,5000,1.22
2012-12-20,1.21,1.21,1.16,1.16,15900,1.16
2012-12-19,1.23,1.25,1.20,1.20,19000,1.20
2012-12-18,1.23,1.23,1.23,1.23,000,1.23
2012-12-17,1.23,1.23,1.23,1.23,900,1.23
2012-12-14,1.23,1.23,1.23,1.23,000,1.23
2012-12-13,1.23,1.23,1.23,1.23,000,1.23
2012-12-12,1.23,1.23,1.23,1.23,200,1.23
2012-12-11,1.26,1.26,1.25,1.25,1900,1.25
2012-12-10,1.23,1.23,1.23,1.23,000,1.23
2012-12-07,1.23,1.23,1.23,1.23,000,1.23
2012-12-06,1.23,1.23,1.23,1.23,000,1.23
2012-12-05,1.27,1.27,1.23,1.23,2000,1.23
2012-12-04,1.28,1.28,1.23,1.25,900,1.25
2012-12-03,1.23,1.30,1.23,1.30,700,1.30
2012-11-30,1.21,1.21,1.21,1.21,000,1.21
2012-11-29,1.21,1.21,1.21,1.21,5600,1.21
2012-11-28,1.23,1.23,1.23,1.23,000,1.23
2012-11-27,1.22,1.23,1.22,1.23,10200,1.23
2012-11-26,1.30,1.30,1.30,1.30,000,1.30
2012-11-23,1.30,1.30,1.30,1.30,000,1.30
2012-11-21,1.30,1.30,1.30,1.30,100,1.30
2012-11-20,1.25,1.25,1.25,1.25,000,1.25
2012-11-19,1.21,1.25,1.21,1.25,400,1.25
2012-11-16,1.34,1.34,1.34,1.34,000,1.34
2012-11-15,1.34,1.34,1.34,1.34,000,1.34
2012-11-14,1.27,1.34,1.27,1.34,300,1.34
2012-11-13,1.25,1.25,1.25,1.25,000,1.25
2012-11-12,1.35,1.35,1.23,1.25,5200,1.25
2012-11-09,1.37,1.37,1.37,1.37,4000,1.37
2012-11-08,1.33,1.33,1.33,1.33,000,1.33
2012-11-07,1.25,1.38,1.25,1.33,10100,1.33
2012-11-06,1.34,1.37,1.15,1.37,5700,1.37
2012-11-05,1.33,1.38,1.33,1.37,18300,1.37
2012-11-02,1.30,1.31,1.27,1.27,700,1.27
2012-11-01,1.22,1.22,1.11,1.22,2800,1.22
2012-10-31,1.30,1.31,1.29,1.29,800,1.29
2012-10-26,1.22,1.22,1.22,1.22,000,1.22
2012-10-25,1.22,1.22,1.22,1.22,300,1.22
2012-10-24,1.24,1.24,1.22,1.22,500,1.22
2012-10-23,1.28,1.28,1.28,1.28,1000,1.28
2012-10-22,1.28,1.28,1.28,1.28,000,1.28
2012-10-19,1.26,1.28,1.26,1.28,2800,1.28
2012-10-18,1.29,1.29,1.26,1.26,2300,1.26
2012-10-17,1.31,1.31,1.31,1.31,000,1.31
2012-10-16,1.31,1.31,1.31,1.31,000,1.31
2012-10-15,1.31,1.31,1.31,1.31,000,1.31
2012-10-12,1.33,1.33,1.31,1.31,700,1.31
2012-10-11,1.33,1.33,1.33,1.33,400,1.33
2012-10-10,1.38,1.38,1.38,1.38,200,1.38
2012-10-09,1.33,1.33,1.33,1.33,000,1.33
2012-10-08,1.33,1.33,1.33,1.33,300,1.33
2012-10-05,1.30,1.37,1.30,1.37,600,1.37
2012-10-04,1.34,1.38,1.33,1.34,1800,1.34
2012-10-03,1.39,1.39,1.34,1.34,500,1.34
2012-10-02,1.40,1.40,1.35,1.35,500,1.35
2012-10-01,1.34,1.34,1.33,1.33,5400,1.33
2012-09-28,1.46,1.46,1.36,1.36,1200,1.36
2012-09-27,1.45,1.47,1.45,1.47,300,1.47
2012-09-26,1.45,1.45,1.45,1.45,100,1.45
2012-09-25,1.46,1.46,1.46,1.46,000,1.46
2012-09-24,1.32,1.46,1.32,1.46,2100,1.46
2012-09-21,1.43,1.49,1.32,1.42,14700,1.42
2012-09-20,1.42,1.42,1.42,1.42,1900,1.42
2012-09-19,1.50,1.50,1.43,1.43,4000,1.43
2012-09-18,1.58,1.60,1.50,1.50,5800,1.50
2012-09-17,1.60,1.60,1.60,1.60,000,1.60
2012-09-14,1.60,1.60,1.60,1.60,100,1.60
2012-09-13,1.62,1.62,1.62,1.62,000,1.62
2012-09-12,1.48,1.62,1.40,1.62,8900,1.62
2012-09-11,1.47,1.54,1.47,1.47,2300,1.47
2012-09-10,1.38,1.38,1.38,1.38,1500,1.38
2012-09-07,1.38,1.45,1.38,1.45,1400,1.45
2012-09-06,1.39,1.40,1.38,1.39,1800,1.39
2012-09-05,1.45,1.45,1.38,1.38,700,1.38
2012-09-04,1.38,1.54,1.38,1.52,4800,1.52
2012-08-31,1.37,1.37,1.37,1.37,200,1.37
2012-08-30,1.51,1.51,1.37,1.37,6600,1.37
2012-08-29,1.55,1.55,1.55,1.55,000,1.55
2012-08-28,1.57,1.57,1.55,1.55,1300,1.55
2012-08-27,1.47,1.62,1.47,1.54,1600,1.54
2012-08-24,1.34,1.34,1.34,1.34,000,1.34
2012-08-23,1.34,1.34,1.34,1.34,000,1.34
2012-08-22,1.34,1.34,1.34,1.34,000,1.34
2012-08-21,1.38,1.38,1.34,1.34,500,1.34
2012-08-20,1.47,1.50,1.47,1.47,3400,1.47
2012-08-17,1.45,1.45,1.45,1.45,100,1.45
2012-08-16,1.44,1.44,1.44,1.44,000,1.44
2012-08-15,1.35,1.44,1.34,1.44,700,1.44
2012-08-14,1.37,1.37,1.37,1.37,100,1.37
2012-08-13,1.48,1.48,1.48,1.48,900,1.48
2012-08-10,1.42,1.42,1.30,1.41,2400,1.41
2012-08-09,1.46,1.46,1.46,1.46,000,1.46
2012-08-08,1.46,1.46,1.46,1.46,000,1.46
2012-08-07,1.46,1.46,1.46,1.46,000,1.46
2012-08-06,1.46,1.46,1.46,1.46,000,1.46
2012-08-03,1.46,1.46,1.46,1.46,400,1.46
2012-08-02,1.35,1.46,1.35,1.46,700,1.46
2012-08-01,1.40,1.46,1.40,1.46,3300,1.46
2012-07-31,1.45,1.46,1.41,1.41,1100,1.41
2012-07-30,1.34,1.34,1.32,1.32,700,1.32
2012-07-27,1.38,1.38,1.38,1.38,100,1.38
2012-07-26,1.36,1.36,1.36,1.36,000,1.36
2012-07-25,1.50,1.66,1.30,1.36,8000,1.36
2012-07-24,1.50,1.50,1.43,1.43,1900,1.43
2012-07-23,1.43,1.43,1.43,1.43,200,1.43
2012-07-20,1.43,1.43,1.43,1.43,000,1.43
2012-07-19,1.43,1.43,1.43,1.43,000,1.43
2012-07-18,1.43,1.43,1.43,1.43,100,1.43
2012-07-17,1.43,1.43,1.43,1.43,000,1.43
2012-07-16,1.43,1.43,1.43,1.43,2000,1.43
2012-07-13,1.42,1.43,1.42,1.43,10400,1.43
2012-07-12,1.38,1.38,1.38,1.38,300,1.38
2012-07-11,1.39,1.39,1.39,1.39,500,1.39
2012-07-10,1.45,1.45,1.45,1.45,000,1.45
2012-07-09,1.45,1.45,1.45,1.45,000,1.45
2012-07-06,1.33,1.45,1.32,1.45,1100,1.45
2012-07-05,1.43,1.43,1.42,1.43,12100,1.43
2012-07-03,1.43,1.43,1.43,1.43,300,1.43
2012-07-02,1.49,1.49,1.42,1.42,8000,1.42
2012-06-29,1.42,1.45,1.38,1.38,600,1.38
2012-06-28,1.32,1.32,1.32,1.32,300,1.32
2012-06-27,1.30,1.38,1.30,1.38,3000,1.38
2012-06-26,1.40,1.40,1.39,1.39,1000,1.39
2012-06-25,1.32,1.38,1.32,1.38,500,1.38
2012-06-22,1.31,1.32,1.31,1.32,900,1.32
2012-06-21,1.25,1.31,1.25,1.31,700,1.31
2012-06-20,1.26,1.32,1.25,1.32,1700,1.32
2012-06-19,1.36,1.36,1.36,1.36,000,1.36
2012-06-18,1.31,1.36,1.30,1.36,900,1.36
2012-06-15,1.40,1.40,1.40,1.40,000,1.40
2012-06-14,1.40,1.40,1.40,1.40,000,1.40
2012-06-13,1.44,1.44,1.40,1.40,600,1.40
2012-06-12,1.37,1.37,1.37,1.37,100,1.37
2012-06-11,1.27,1.34,1.25,1.27,700,1.27
2012-06-08,1.37,1.37,1.37,1.37,000,1.37
2012-06-07,1.37,1.37,1.37,1.37,000,1.37
2012-06-06,1.34,1.44,1.34,1.37,800,1.37
2012-06-05,1.34,1.34,1.34,1.34,000,1.34
2012-06-04,1.30,1.34,1.30,1.34,200,1.34
2012-06-01,1.37,1.37,1.37,1.37,000,1.37
2012-05-31,1.37,1.37,1.37,1.37,000,1.37
2012-05-30,1.30,1.37,1.27,1.37,900,1.37
2012-05-29,1.42,1.42,1.41,1.41,600,1.41
2012-05-25,1.44,1.44,1.32,1.39,1100,1.39
2012-05-24,1.36,1.40,1.25,1.37,4400,1.37
2012-05-23,1.31,1.37,1.27,1.37,500,1.37
2012-05-22,1.37,1.43,1.35,1.38,900,1.38
2012-05-21,1.34,1.38,1.25,1.38,4200,1.38
2012-05-18,1.37,1.37,1.37,1.37,000,1.37
2012-05-17,1.37,1.37,1.37,1.37,000,1.37
2012-05-16,1.37,1.37,1.37,1.37,000,1.37
2012-05-15,1.37,1.37,1.37,1.37,000,1.37
2012-05-14,1.37,1.37,1.37,1.37,100,1.37
2012-05-11,1.34,1.34,1.34,1.34,000,1.34
2012-05-10,1.35,1.35,1.25,1.34,5800,1.34
2012-05-09,1.30,1.30,1.30,1.30,1700,1.30
2012-05-08,1.41,1.41,1.25,1.27,30800,1.27
2012-05-07,1.53,1.53,1.41,1.41,1200,1.41
2012-05-04,1.53,1.53,1.53,1.53,000,1.53
2012-05-03,1.53,1.53,1.53,1.53,000,1.53
2012-05-02,1.40,1.53,1.40,1.53,1100,1.53
2012-05-01,1.32,1.45,1.32,1.43,2400,1.43
2012-04-30,1.39,1.39,1.33,1.33,4100,1.33
2012-04-27,1.37,1.37,1.33,1.33,3300,1.33
2012-04-26,1.37,1.37,1.34,1.37,4100,1.37
2012-04-25,1.32,1.39,1.32,1.39,2100,1.39
2012-04-24,1.33,1.39,1.33,1.39,200,1.39
2012-04-23,1.43,1.43,1.43,1.43,200,1.43
2012-04-20,1.32,1.32,1.32,1.32,1200,1.32
2012-04-19,1.37,1.37,1.37,1.37,000,1.37
2012-04-18,1.35,1.37,1.32,1.37,4600,1.37
2012-04-17,1.48,1.48,1.48,1.48,000,1.48
2012-04-16,1.45,1.48,1.45,1.48,300,1.48
2012-04-13,1.35,1.35,1.35,1.35,000,1.35
2012-04-12,1.35,1.35,1.35,1.35,000,1.35
2012-04-11,1.35,1.35,1.35,1.35,200,1.35
2012-04-10,1.41,1.41,1.35,1.36,4000,1.36
2012-04-09,1.40,1.54,1.40,1.54,400,1.54
2012-04-05,1.50,1.50,1.50,1.50,000,1.50
2012-04-04,1.50,1.50,1.50,1.50,000,1.50
2012-04-03,1.51,1.51,1.32,1.50,1400,1.50
2012-04-02,1.51,1.51,1.44,1.44,800,1.44
2012-03-30,1.49,1.49,1.49,1.49,900,1.49
2012-03-29,1.44,1.53,1.44,1.49,1600,1.49
2012-03-28,1.46,1.46,1.45,1.45,2300,1.45
2012-03-27,1.49,1.49,1.49,1.49,300,1.49
2012-03-26,1.37,1.47,1.37,1.47,1000,1.47
2012-03-23,1.37,1.37,1.37,1.37,000,1.37
2012-03-22,1.37,1.37,1.37,1.37,000,1.37
2012-03-21,1.37,1.37,1.37,1.37,000,1.37
2012-03-20,1.37,1.37,1.37,1.37,000,1.37
2012-03-19,1.30,1.37,1.30,1.37,6800,1.37
2012-03-16,1.32,1.32,1.32,1.32,000,1.32
2012-03-15,1.32,1.32,1.32,1.32,1600,1.32
2012-03-14,1.42,1.42,1.42,1.42,000,1.42
2012-03-13,1.42,1.42,1.42,1.42,000,1.42
2012-03-12,1.42,1.42,1.42,1.42,000,1.42
2012-03-09,1.42,1.42,1.42,1.42,000,1.42
2012-03-08,1.42,1.42,1.42,1.42,000,1.42
2012-03-07,1.42,1.42,1.42,1.42,000,1.42
2012-03-06,1.42,1.42,1.42,1.42,000,1.42
2012-03-05,1.41,1.42,1.41,1.42,500,1.42
2012-03-02,1.38,1.38,1.38,1.38,000,1.38
2012-03-01,1.38,1.38,1.38,1.38,000,1.38
2012-02-29,1.38,1.38,1.38,1.38,000,1.38
2012-02-28,1.38,1.38,1.38,1.38,200,1.38
2012-02-27,1.33,1.49,1.33,1.38,4900,1.38
2012-02-24,1.38,1.45,1.38,1.45,700,1.45
2012-02-23,1.51,1.51,1.51,1.51,000,1.51
2012-02-22,1.51,1.51,1.51,1.51,000,1.51
2012-02-21,1.43,1.51,1.40,1.51,900,1.51
2012-02-17,1.50,1.50,1.50,1.50,200,1.50
2012-02-16,1.50,1.50,1.50,1.50,300,1.50
2012-02-15,1.60,1.60,1.60,1.60,000,1.60
2012-02-14,1.50,1.60,1.40,1.60,1600,1.60
2012-02-13,1.44,1.62,1.40,1.62,6000,1.62
2012-02-10,1.44,1.44,1.44,1.44,000,1.44
2012-02-09,1.44,1.44,1.44,1.44,100,1.44
2012-02-08,1.56,1.58,1.32,1.45,11600,1.45
2012-02-07,1.60,1.60,1.60,1.60,000,1.60
2012-02-06,1.60,1.60,1.60,1.60,4300,1.60
2012-02-03,1.57,1.65,1.57,1.64,5200,1.64
2012-02-02,1.59,1.59,1.59,1.59,100,1.59
2012-02-01,1.55,1.55,1.55,1.55,000,1.55
2012-01-31,1.54,1.60,1.36,1.55,27300,1.55
2012-01-30,1.65,1.65,1.65,1.65,000,1.65
2012-01-27,1.65,1.65,1.65,1.65,000,1.65
2012-01-26,1.71,1.71,1.65,1.65,2300,1.65
2012-01-25,1.71,1.71,1.71,1.71,900,1.71
2012-01-24,1.71,1.71,1.71,1.71,100,1.71
2012-01-23,1.71,1.71,1.71,1.71,200,1.71
2012-01-20,1.62,1.62,1.62,1.62,000,1.62
2012-01-19,1.71,1.71,1.62,1.62,2100,1.62
2012-01-18,1.69,1.71,1.69,1.71,1200,1.71
2012-01-17,1.52,1.52,1.52,1.52,200,1.52
2012-01-13,1.71,1.71,1.71,1.71,1200,1.71
2012-01-12,1.77,1.77,1.77,1.77,200,1.77
2012-01-11,1.53,1.70,1.53,1.70,600,1.70
2012-01-10,1.54,1.61,1.54,1.59,700,1.59
2012-01-09,1.50,1.53,1.48,1.53,600,1.53
2012-01-06,1.49,1.49,1.49,1.49,300,1.49
2012-01-05,1.53,1.53,1.53,1.53,000,1.53
2012-01-04,1.40,1.53,1.40,1.53,700,1.53
2012-01-03,1.28,1.28,1.28,1.28,500,1.28
2011-12-30,1.27,1.28,1.27,1.28,200,1.28
2011-12-29,1.28,1.28,1.28,1.28,8600,1.28
2011-12-28,1.28,1.28,1.28,1.28,5000,1.28
2011-12-27,1.29,1.29,1.29,1.29,000,1.29
2011-12-23,1.29,1.29,1.29,1.29,200,1.29
2011-12-22,1.28,1.28,1.25,1.28,11500,1.28
2011-12-21,1.28,1.28,1.28,1.28,3500,1.28
2011-12-20,1.35,1.35,1.28,1.28,4500,1.28
2011-12-19,1.27,1.44,1.27,1.36,4000,1.36
2011-12-16,1.28,1.29,1.27,1.27,22700,1.27
2011-12-15,1.29,1.33,1.27,1.27,7600,1.27
2011-12-14,1.35,1.35,1.35,1.35,000,1.35
2011-12-13,1.38,1.38,1.35,1.35,2400,1.35
2011-12-12,1.38,1.38,1.38,1.38,800,1.38
2011-12-09,1.49,1.49,1.49,1.49,000,1.49
2011-12-08,1.45,1.49,1.31,1.49,5700,1.49
2011-12-07,1.60,1.60,1.45,1.52,1000,1.52
2011-12-06,1.64,1.64,1.64,1.64,000,1.64
2011-12-05,1.64,1.64,1.64,1.64,000,1.64
2011-12-02,1.64,1.64,1.64,1.64,000,1.64
2011-12-01,1.48,1.80,1.48,1.64,7100,1.64
2011-11-30,1.45,1.45,1.45,1.45,000,1.45
2011-11-29,1.45,1.45,1.45,1.45,1200,1.45
2011-11-28,1.51,1.51,1.51,1.51,000,1.51
2011-11-25,1.51,1.51,1.51,1.51,000,1.51
2011-11-23,1.51,1.51,1.51,1.51,000,1.51
2011-11-22,1.51,1.51,1.51,1.51,000,1.51
2011-11-21,1.51,1.51,1.51,1.51,300,1.51
2011-11-18,1.51,1.51,1.51,1.51,100,1.51
2011-11-17,1.51,1.51,1.51,1.51,000,1.51
2011-11-16,1.51,1.51,1.51,1.51,000,1.51
2011-11-15,1.63,1.63,1.51,1.51,1300,1.51
2011-11-14,1.65,1.65,1.65,1.65,200,1.65
2011-11-11,1.68,1.68,1.68,1.68,000,1.68
2011-11-10,1.68,1.68,1.68,1.68,300,1.68
2011-11-09,1.72,1.72,1.72,1.72,000,1.72
2011-11-08,1.72,1.72,1.72,1.72,100,1.72
2011-11-07,1.61,1.65,1.61,1.65,800,1.65
2011-11-04,1.63,1.63,1.63,1.63,000,1.63
2011-11-03,1.63,1.63,1.63,1.63,000,1.63
2011-11-02,1.63,1.63,1.63,1.63,000,1.63
2011-11-01,1.63,1.63,1.63,1.63,000,1.63
2011-10-31,1.63,1.63,1.60,1.63,7000,1.63
2011-10-28,1.60,1.60,1.60,1.60,000,1.60
2011-10-27,1.60,1.60,1.60,1.60,000,1.60
2011-10-26,1.60,1.60,1.60,1.60,000,1.60
2011-10-25,1.60,1.60,1.60,1.60,000,1.60
2011-10-24,1.60,1.60,1.60,1.60,200,1.60
2011-10-21,1.60,1.60,1.60,1.60,200,1.60
2011-10-20,1.60,1.60,1.60,1.60,3400,1.60
2011-10-19,1.60,1.60,1.60,1.60,000,1.60
2011-10-18,1.60,1.60,1.60,1.60,000,1.60
2011-10-17,1.60,1.60,1.60,1.60,000,1.60
2011-10-14,1.60,1.60,1.60,1.60,000,1.60
2011-10-13,1.60,1.60,1.60,1.60,100,1.60
2011-10-12,1.60,1.60,1.60,1.60,5700,1.60
2011-10-11,1.58,1.58,1.58,1.58,000,1.58
2011-10-10,1.57,1.58,1.57,1.58,200,1.58
2011-10-07,1.67,1.67,1.67,1.67,000,1.67
2011-10-06,1.67,1.67,1.67,1.67,000,1.67
2011-10-05,1.67,1.67,1.67,1.67,000,1.67
2011-10-04,1.68,1.68,1.67,1.67,200,1.67
2011-10-03,1.67,1.67,1.67,1.67,300,1.67
2011-09-30,1.57,1.57,1.57,1.57,000,1.57
2011-09-29,1.57,1.60,1.54,1.57,11300,1.57
2011-09-28,1.74,1.74,1.52,1.62,10400,1.62
2011-09-27,1.85,1.85,1.85,1.85,000,1.85
2011-09-26,1.85,1.85,1.85,1.85,000,1.85
2011-09-23,1.85,1.85,1.85,1.85,200,1.85
2011-09-22,1.96,1.96,1.87,1.92,1200,1.92
2011-09-21,2.05,2.10,2.03,2.03,1300,2.03
2011-09-20,2.03,2.03,2.03,2.03,000,2.03
2011-09-19,2.03,2.03,2.03,2.03,000,2.03
2011-09-16,2.03,2.03,2.03,2.03,000,2.03
2011-09-15,2.03,2.03,2.03,2.03,000,2.03
2011-09-14,2.03,2.03,2.03,2.03,100,2.03
2011-09-13,1.90,1.90,1.90,1.90,000,1.90
2011-09-12,1.90,1.90,1.90,1.90,1200,1.90
2011-09-09,1.90,1.90,1.90,1.90,000,1.90
2011-09-08,1.90,1.90,1.90,1.90,000,1.90
2011-09-07,1.86,1.90,1.86,1.90,400,1.90
2011-09-06,1.93,1.93,1.93,1.93,300,1.93
2011-09-02,2.00,2.00,2.00,2.00,000,2.00
2011-09-01,2.00,2.00,2.00,2.00,11400,2.00
2011-08-31,1.90,2.10,1.90,1.98,10500,1.98
2011-08-30,1.90,1.90,1.90,1.90,000,1.90
2011-08-29,1.90,1.90,1.90,1.90,000,1.90
2011-08-26,1.90,1.90,1.90,1.90,000,1.90
2011-08-25,1.90,1.90,1.90,1.90,000,1.90
2011-08-24,1.90,1.90,1.90,1.90,000,1.90
2011-08-23,1.90,1.90,1.90,1.90,000,1.90
2011-08-22,1.82,1.90,1.82,1.90,700,1.90
2011-08-19,1.70,1.70,1.70,1.70,300,1.70
2011-08-18,1.76,1.76,1.70,1.70,2000,1.70
2011-08-17,1.76,1.76,1.76,1.76,000,1.76
2011-08-16,1.76,1.76,1.76,1.76,000,1.76
2011-08-15,1.75,1.76,1.75,1.76,500,1.76
2011-08-12,1.80,1.80,1.80,1.80,000,1.80
2011-08-11,1.80,1.80,1.80,1.80,000,1.80
2011-08-10,1.80,1.80,1.80,1.80,000,1.80
2011-08-09,1.80,1.80,1.80,1.80,000,1.80
2011-08-08,1.82,1.82,1.80,1.80,1900,1.80
2011-08-05,1.95,1.95,1.79,1.94,23600,1.94
2011-08-04,2.05,2.05,1.95,2.04,57500,2.04
2011-08-03,2.05,2.05,2.05,2.05,800,2.05
2011-08-02,2.06,2.06,2.06,2.06,9000,2.06
2011-08-01,2.10,2.10,2.06,2.06,600,2.06
2011-07-29,2.10,2.17,2.06,2.10,900,2.10
2011-07-28,2.23,2.23,2.10,2.10,7800,2.10
2011-07-27,2.24,2.24,2.15,2.22,1100,2.22
2011-07-26,2.27,2.27,2.25,2.25,700,2.25
2011-07-25,2.41,2.44,2.26,2.26,7600,2.26
2011-07-22,2.26,2.26,2.26,2.26,3000,2.26
2011-07-21,2.10,2.26,2.10,2.26,40500,2.26
2011-07-20,2.07,2.07,2.07,2.07,10000,2.07
2011-07-19,2.03,2.03,2.00,2.03,8600,2.03
2011-07-18,2.10,2.10,2.05,2.05,1300,2.05
2011-07-15,2.02,2.07,2.02,2.07,1000,2.07
2011-07-14,2.05,2.10,2.05,2.10,300,2.10
2011-07-13,2.05,2.06,2.05,2.06,25000,2.06
2011-07-12,2.11,2.11,2.11,2.11,000,2.11
2011-07-11,2.10,2.16,2.10,2.11,11200,2.11
2011-07-08,2.05,2.27,2.05,2.16,4200,2.16
2011-07-07,2.07,2.07,2.07,2.07,000,2.07
2011-07-06,2.15,2.19,2.07,2.07,10500,2.07
2011-07-05,2.30,2.30,2.15,2.23,57200,2.23
2011-07-01,1.90,2.24,1.90,2.10,69700,2.10
2011-06-30,1.85,1.85,1.85,1.85,000,1.85
2011-06-29,1.85,1.85,1.85,1.85,000,1.85
2011-06-28,1.85,1.85,1.85,1.85,000,1.85
2011-06-27,1.85,1.85,1.85,1.85,000,1.85
2011-06-24,1.85,1.85,1.85,1.85,000,1.85
2011-06-23,1.90,1.90,1.85,1.85,400,1.85
2011-06-22,1.87,1.87,1.87,1.87,58900,1.87
2011-06-21,1.90,1.90,1.85,1.89,2400,1.89
2011-06-20,1.91,1.91,1.91,1.91,2000,1.91
2011-06-17,1.95,1.95,1.95,1.95,400,1.95
2011-06-16,1.92,1.95,1.92,1.95,300,1.95
2011-06-15,1.91,1.91,1.91,1.91,300,1.91
2011-06-14,1.91,1.93,1.86,1.91,4200,1.91
2011-06-13,1.90,1.91,1.90,1.91,900,1.91
2011-06-10,1.91,1.95,1.91,1.91,5300,1.91
2011-06-09,1.92,1.92,1.92,1.92,000,1.92
2011-06-08,1.92,1.92,1.92,1.92,200,1.92
2011-06-07,2.00,2.00,2.00,2.00,000,2.00
2011-06-06,2.00,2.00,2.00,2.00,000,2.00
2011-06-03,1.95,2.00,1.95,2.00,900,2.00
2011-06-02,1.95,1.95,1.95,1.95,500,1.95
2011-06-01,2.01,2.01,1.95,1.95,5300,1.95
2011-05-31,1.95,1.95,1.95,1.95,000,1.95
2011-05-27,1.95,1.95,1.95,1.95,000,1.95
2011-05-26,1.95,1.95,1.95,1.95,000,1.95
2011-05-25,1.95,1.95,1.95,1.95,000,1.95
2011-05-24,1.95,1.95,1.95,1.95,200,1.95
2011-05-23,2.05,2.05,2.05,2.05,000,2.05
2011-05-20,2.05,2.05,2.05,2.05,000,2.05
2011-05-19,2.05,2.05,2.05,2.05,200,2.05
2011-05-18,2.05,2.05,2.05,2.05,000,2.05
2011-05-17,1.95,2.05,1.95,2.05,2900,2.05
2011-05-16,2.00,2.00,2.00,2.00,300,2.00
2011-05-13,1.96,1.96,1.96,1.96,200,1.96
2011-05-12,1.96,1.96,1.96,1.96,000,1.96
2011-05-11,2.04,2.04,1.96,1.96,2300,1.96
2011-05-10,2.03,2.03,2.03,2.03,700,2.03
2011-05-09,2.05,2.05,2.05,2.05,500,2.05
2011-05-06,1.95,1.95,1.95,1.95,1400,1.95
2011-05-05,1.95,1.95,1.95,1.95,100,1.95
2011-05-04,2.03,2.03,2.00,2.00,10000,2.00
2011-05-03,2.05,2.05,2.05,2.05,000,2.05
2011-05-02,1.87,2.05,1.87,2.05,15000,2.05
2011-04-29,1.87,1.87,1.87,1.87,400,1.87
2011-04-28,1.87,1.87,1.87,1.87,400,1.87
2011-04-27,1.87,1.88,1.87,1.88,500,1.88
2011-04-26,1.98,1.98,1.87,1.87,8000,1.87
2011-04-25,2.00,2.40,1.91,2.00,25400,2.00
2011-04-21,1.91,1.91,1.91,1.91,000,1.91
2011-04-20,1.91,1.91,1.91,1.91,3000,1.91
2011-04-19,1.81,1.87,1.81,1.87,2200,1.87
2011-04-18,1.80,1.80,1.80,1.80,000,1.80
2011-04-15,1.86,1.87,1.66,1.80,12300,1.80
2011-04-14,1.90,1.90,1.90,1.90,000,1.90
2011-04-13,1.90,1.90,1.90,1.90,000,1.90
2011-04-12,1.90,1.90,1.90,1.90,000,1.90
2011-04-11,1.90,1.90,1.90,1.90,000,1.90
2011-04-08,1.90,1.90,1.90,1.90,100,1.90
2011-04-07,1.90,1.90,1.90,1.90,100,1.90
2011-04-06,1.90,1.90,1.90,1.90,000,1.90
2011-04-05,1.92,1.92,1.90,1.90,1300,1.90
2011-04-04,1.92,1.92,1.92,1.92,700,1.92
2011-04-01,1.92,1.92,1.92,1.92,300,1.92
2011-03-31,1.93,1.93,1.93,1.93,000,1.93
2011-03-30,1.92,1.93,1.92,1.93,200,1.93
2011-03-29,1.92,1.93,1.92,1.93,1900,1.93
2011-03-28,2.05,2.05,1.92,1.94,10500,1.94
2011-03-25,2.07,2.08,2.07,2.07,1400,2.07
2011-03-24,2.00,2.05,2.00,2.05,3400,2.05
2011-03-23,1.92,1.92,1.92,1.92,000,1.92
2011-03-22,1.99,1.99,1.92,1.92,2700,1.92
2011-03-21,1.92,1.92,1.92,1.92,200,1.92
2011-03-18,2.01,2.01,2.01,2.01,000,2.01
2011-03-17,2.01,2.01,2.01,2.01,000,2.01
2011-03-16,2.10,2.10,2.01,2.01,2200,2.01
2011-03-15,2.02,2.02,2.02,2.02,000,2.02
2011-03-14,2.02,2.02,2.02,2.02,300,2.02
2011-03-11,2.01,2.01,2.01,2.01,000,2.01
2011-03-10,2.05,2.05,2.01,2.01,3300,2.01
2011-03-09,2.01,2.01,2.01,2.01,000,2.01
2011-03-08,2.01,2.01,2.01,2.01,600,2.01
2011-03-07,2.05,2.05,2.05,2.05,14500,2.05
2011-03-04,2.04,2.05,2.04,2.05,18500,2.05
2011-03-03,2.05,2.05,2.00,2.00,1200,2.00
2011-03-02,2.07,2.20,2.05,2.07,3300,2.07
2011-03-01,2.05,2.14,2.05,2.14,2400,2.14
2011-02-28,2.00,2.00,1.97,1.97,800,1.97
2011-02-25,2.05,2.05,2.00,2.00,400,2.00
2011-02-24,1.96,1.96,1.96,1.96,000,1.96
2011-02-23,1.90,2.00,1.90,1.96,14700,1.96
2011-02-22,1.90,1.90,1.90,1.90,000,1.90
2011-02-18,1.90,1.93,1.90,1.90,1600,1.90
2011-02-17,1.94,1.94,1.94,1.94,000,1.94
2011-02-16,1.94,1.94,1.94,1.94,000,1.94
2011-02-15,1.94,1.94,1.94,1.94,000,1.94
2011-02-14,1.90,1.94,1.90,1.94,1400,1.94
2011-02-11,1.91,1.92,1.90,1.90,900,1.90
2011-02-10,1.81,1.97,1.81,1.97,1400,1.97
2011-02-09,1.70,2.01,1.70,1.90,23700,1.90
2011-02-08,1.65,1.71,1.65,1.71,7000,1.71
2011-02-07,1.60,1.60,1.60,1.60,000,1.60
2011-02-04,1.60,1.60,1.60,1.60,000,1.60
2011-02-03,1.65,1.65,1.60,1.60,800,1.60
2011-02-02,1.60,1.60,1.60,1.60,000,1.60
2011-02-01,1.60,1.60,1.60,1.60,100,1.60
2011-01-31,1.70,1.70,1.70,1.70,000,1.70
2011-01-28,1.56,1.70,1.56,1.70,3700,1.70
2011-01-27,1.62,1.62,1.62,1.62,000,1.62
2011-01-26,1.56,1.62,1.56,1.62,600,1.62
2011-01-25,1.57,1.57,1.57,1.57,100,1.57
2011-01-24,1.62,1.62,1.62,1.62,000,1.62
2011-01-21,1.62,1.62,1.62,1.62,000,1.62
2011-01-20,1.62,1.62,1.62,1.62,000,1.62
2011-01-19,1.61,1.62,1.56,1.62,1600,1.62
2011-01-18,1.46,1.60,1.46,1.57,4600,1.57
2011-01-14,1.52,1.52,1.52,1.52,000,1.52
2011-01-13,1.53,1.53,1.48,1.52,1600,1.52
2011-01-12,1.60,1.65,1.46,1.57,52100,1.57
2011-01-11,1.60,1.60,1.60,1.60,000,1.60
2011-01-10,1.60,1.60,1.44,1.60,2800,1.60
2011-01-07,1.60,1.60,1.60,1.60,000,1.60
2011-01-06,1.60,1.60,1.60,1.60,200,1.60
2011-01-05,1.58,1.60,1.55,1.55,1100,1.55
2011-01-04,1.43,1.60,1.43,1.60,5300,1.60
2011-01-03,1.43,1.43,1.43,1.43,300,1.43
2010-12-31,1.46,1.46,1.46,1.46,000,1.46
2010-12-30,1.46,1.46,1.46,1.46,400,1.46
2010-12-29,1.43,1.43,1.43,1.43,2900,1.43
2010-12-28,1.43,1.44,1.43,1.44,3300,1.44
2010-12-27,1.43,1.46,1.43,1.46,200,1.46
2010-12-23,1.43,1.43,1.43,1.43,1700,1.43
2010-12-22,1.43,1.43,1.43,1.43,200,1.43
2010-12-21,1.43,1.43,1.43,1.43,000,1.43
2010-12-20,1.43,1.43,1.43,1.43,8600,1.43
2010-12-17,1.43,1.43,1.43,1.43,000,1.43
2010-12-16,1.43,1.43,1.43,1.43,1900,1.43
2010-12-15,1.43,1.44,1.43,1.44,200,1.44
2010-12-14,1.43,1.43,1.43,1.43,000,1.43
2010-12-13,1.43,1.43,1.43,1.43,700,1.43
2010-12-10,1.43,1.46,1.43,1.43,2100,1.43
2010-12-09,1.43,1.43,1.43,1.43,000,1.43
2010-12-08,1.43,1.43,1.43,1.43,1300,1.43
2010-12-07,1.45,1.45,1.45,1.45,1800,1.45
2010-12-06,1.43,1.43,1.43,1.43,500,1.43
2010-12-03,1.43,1.46,1.43,1.46,2200,1.46
2010-12-02,1.43,1.46,1.43,1.43,6000,1.43
2010-12-01,1.43,1.44,1.43,1.43,9300,1.43
2010-11-30,1.43,1.43,1.43,1.43,800,1.43
2010-11-29,1.46,1.46,1.46,1.46,000,1.46
2010-11-26,1.46,1.46,1.46,1.46,000,1.46
2010-11-24,1.46,1.46,1.46,1.46,200,1.46
2010-11-23,1.43,1.43,1.43,1.43,000,1.43
2010-11-22,1.43,1.43,1.43,1.43,000,1.43
2010-11-19,1.43,1.43,1.43,1.43,3200,1.43
2010-11-18,1.45,1.45,1.45,1.45,000,1.45
2010-11-17,1.45,1.45,1.45,1.45,71300,1.45
2010-11-16,1.46,1.46,1.46,1.46,300,1.46
2010-11-15,1.43,1.43,1.43,1.43,600,1.43
2010-11-12,1.39,1.43,1.39,1.43,200,1.43
2010-11-11,1.43,1.43,1.43,1.43,000,1.43
2010-11-10,1.43,1.43,1.43,1.43,000,1.43
2010-11-09,1.44,1.44,1.43,1.43,5700,1.43
2010-11-08,1.46,1.46,1.46,1.46,200,1.46
2010-11-05,1.45,1.45,1.45,1.45,900,1.45
2010-11-04,1.49,1.49,1.44,1.44,1400,1.44
2010-11-03,1.50,1.50,1.50,1.50,000,1.50
2010-11-02,1.50,1.50,1.50,1.50,000,1.50
2010-11-01,1.42,1.50,1.42,1.50,1700,1.50
2010-10-29,1.45,1.45,1.45,1.45,1500,1.45
2010-10-28,1.46,1.46,1.46,1.46,000,1.46
2010-10-27,1.50,1.50,1.46,1.46,1300,1.46
2010-10-26,1.50,1.50,1.50,1.50,300,1.50
2010-10-25,1.49,1.50,1.49,1.50,3700,1.50
2010-10-22,1.44,1.44,1.43,1.43,300,1.43
2010-10-21,1.51,1.51,1.46,1.46,1800,1.46
2010-10-20,1.51,1.51,1.51,1.51,000,1.51
2010-10-19,1.50,1.51,1.50,1.51,800,1.51
2010-10-18,1.45,1.45,1.45,1.45,000,1.45
2010-10-15,1.45,1.45,1.45,1.45,2200,1.45
2010-10-14,1.45,1.50,1.45,1.45,1800,1.45
2010-10-13,1.46,1.49,1.45,1.45,3000,1.45
2010-10-12,1.46,1.46,1.45,1.45,300,1.45
2010-10-11,1.45,1.46,1.45,1.46,3400,1.46
2010-10-08,1.47,1.48,1.47,1.48,800,1.48
2010-10-07,1.46,1.50,1.46,1.50,800,1.50
2010-10-06,1.52,1.52,1.52,1.52,000,1.52
2010-10-05,1.49,1.52,1.49,1.52,2100,1.52
2010-10-04,1.25,1.48,1.25,1.48,8600,1.48
2010-10-01,1.52,1.55,1.49,1.49,54100,1.49
2010-09-30,1.53,1.53,1.53,1.53,100,1.53
2010-09-29,1.52,1.53,1.52,1.52,2900,1.52
2010-09-28,1.52,1.52,1.51,1.51,5900,1.51
2010-09-27,1.44,1.54,1.44,1.54,6500,1.54
2010-09-24,1.52,1.52,1.52,1.52,500,1.52
2010-09-23,1.45,1.46,1.45,1.46,200,1.46
2010-09-22,1.45,1.45,1.45,1.45,000,1.45
2010-09-21,1.46,1.46,1.45,1.45,2900,1.45
2010-09-20,1.52,1.52,1.45,1.45,2000,1.45
2010-09-17,1.45,1.53,1.45,1.53,300,1.53
2010-09-16,1.59,1.59,1.43,1.43,900,1.43
2010-09-15,1.45,1.65,1.45,1.58,2600,1.58
2010-09-14,1.49,1.49,1.49,1.49,000,1.49
2010-09-13,1.43,1.49,1.41,1.49,2400,1.49
2010-09-10,1.48,1.48,1.40,1.40,8300,1.40
2010-09-09,1.48,1.48,1.48,1.48,500,1.48
2010-09-08,1.48,1.48,1.48,1.48,000,1.48
2010-09-07,1.66,1.66,1.48,1.48,900,1.48
2010-09-03,1.52,1.60,1.52,1.57,1600,1.57
2010-09-02,1.54,1.59,1.47,1.48,3000,1.48
2010-09-01,1.48,1.48,1.48,1.48,1500,1.48
2010-08-31,1.51,1.52,1.51,1.52,1000,1.52
2010-08-30,1.48,1.48,1.48,1.48,200,1.48
2010-08-27,1.48,1.48,1.48,1.48,000,1.48
2010-08-26,1.48,1.48,1.48,1.48,300,1.48
2010-08-25,1.48,1.48,1.48,1.48,1300,1.48
2010-08-24,1.48,1.48,1.48,1.48,000,1.48
2010-08-23,1.48,1.48,1.48,1.48,300,1.48
2010-08-20,1.50,1.50,1.50,1.50,2100,1.50
2010-08-19,1.50,1.50,1.50,1.50,500,1.50
2010-08-18,1.50,1.50,1.50,1.50,2000,1.50
2010-08-17,1.50,1.50,1.50,1.50,600,1.50
2010-08-16,1.51,1.51,1.51,1.51,000,1.51
2010-08-13,1.48,1.51,1.48,1.51,700,1.51
2010-08-12,1.44,1.55,1.44,1.51,7900,1.51
2010-08-11,1.55,1.55,1.55,1.55,000,1.55
2010-08-10,1.55,1.55,1.55,1.55,000,1.55
2010-08-09,1.50,1.55,1.50,1.55,4100,1.55
2010-08-06,1.63,1.63,1.63,1.63,000,1.63
2010-08-05,1.63,1.63,1.63,1.63,700,1.63
2010-08-04,1.51,1.55,1.51,1.55,800,1.55
2010-08-03,1.55,1.60,1.55,1.60,10300,1.60
2010-08-02,1.51,1.51,1.50,1.50,700,1.50
2010-07-30,1.60,1.60,1.60,1.60,000,1.60
2010-07-29,1.60,1.60,1.60,1.60,100,1.60
2010-07-28,1.64,1.64,1.56,1.56,300,1.56
2010-07-27,1.50,1.58,1.50,1.58,700,1.58
2010-07-26,1.54,1.61,1.50,1.50,1100,1.50
2010-07-23,1.50,1.50,1.50,1.50,2500,1.50
2010-07-22,1.50,1.50,1.50,1.50,400,1.50
2010-07-21,1.52,1.52,1.51,1.51,13700,1.51
2010-07-20,1.65,1.65,1.51,1.51,8900,1.51
2010-07-19,1.75,1.75,1.66,1.66,700,1.66
2010-07-16,1.70,1.70,1.60,1.60,2300,1.60
2010-07-15,1.70,1.70,1.70,1.70,000,1.70
2010-07-14,1.80,1.80,1.70,1.70,4200,1.70
2010-07-13,1.70,1.70,1.70,1.70,1000,1.70
2010-07-12,1.62,1.68,1.53,1.68,1400,1.68
2010-07-09,1.80,1.82,1.67,1.67,600,1.67
2010-07-08,1.79,1.84,1.63,1.80,3900,1.80
2010-07-07,1.51,1.64,1.51,1.64,300,1.64
2010-07-06,1.52,1.75,1.52,1.65,3300,1.65
2010-07-02,1.51,1.51,1.51,1.51,900,1.51
2010-07-01,1.55,1.56,1.47,1.51,6500,1.51
2010-06-30,1.58,1.70,1.53,1.56,12400,1.56
2010-06-29,1.57,1.57,1.57,1.57,200,1.57
2010-06-28,1.70,1.70,1.56,1.65,3500,1.65
2010-06-25,1.70,1.70,1.55,1.60,900,1.60
2010-06-24,1.65,1.66,1.55,1.56,4300,1.56
2010-06-23,1.76,1.76,1.53,1.60,12800,1.60
2010-06-22,1.75,1.99,1.53,1.86,8200,1.86
2010-06-21,2.02,2.02,1.76,1.83,2300,1.83
2010-06-18,1.99,2.01,1.96,2.01,5800,2.01
2010-06-17,1.99,2.05,1.96,1.97,11400,1.97
2010-06-16,1.90,2.00,1.90,2.00,5900,2.00
2010-06-15,1.76,2.00,1.76,2.00,8700,2.00
2010-06-14,1.80,1.95,1.53,1.83,11300,1.83
2010-06-11,1.55,1.71,1.55,1.71,1000,1.71
2010-06-10,1.63,1.73,1.55,1.73,4500,1.73
2010-06-09,1.57,1.57,1.57,1.57,000,1.57
2010-06-08,1.57,1.57,1.57,1.57,000,1.57
2010-06-07,1.75,1.80,1.50,1.57,36400,1.57
2010-06-04,1.70,1.71,1.62,1.71,3500,1.71
2010-06-03,1.85,1.85,1.57,1.57,6100,1.57
2010-06-02,1.77,1.77,1.51,1.64,8500,1.64
2010-06-01,1.95,1.95,1.87,1.87,1400,1.87
2010-05-28,1.73,1.95,1.73,1.95,13700,1.95
2010-05-27,1.83,1.83,1.63,1.63,1100,1.63
2010-05-26,1.59,1.78,1.56,1.68,15400,1.68
2010-05-25,1.51,1.56,1.51,1.56,1000,1.56
2010-05-24,1.50,1.58,1.50,1.58,2500,1.58
2010-05-21,1.49,1.58,1.49,1.58,1300,1.58
2010-05-20,1.65,1.80,1.55,1.55,13200,1.55
2010-05-19,1.76,1.83,1.75,1.83,1400,1.83
2010-05-18,1.85,1.85,1.85,1.85,000,1.85
2010-05-17,1.66,1.95,1.66,1.85,2300,1.85
2010-05-14,1.79,1.79,1.61,1.72,18700,1.72
2010-05-13,1.69,1.97,1.69,1.95,16900,1.95
2010-05-12,1.70,1.70,1.69,1.69,2700,1.69
2010-05-11,1.93,1.93,1.66,1.70,10900,1.70
2010-05-10,1.65,2.00,1.65,1.97,13900,1.97
2010-05-07,1.50,1.55,1.50,1.55,10200,1.55
2010-05-06,1.72,1.72,1.43,1.50,17600,1.50
2010-05-05,1.80,1.95,1.25,1.65,13800,1.65
2010-05-04,2.02,2.05,2.00,2.00,5000,2.00
2010-05-03,2.08,2.14,2.02,2.03,12900,2.03
2010-04-30,2.20,2.61,2.00,2.00,67000,2.00
2010-04-29,1.87,2.27,1.87,2.09,30600,2.09
2010-04-28,1.87,1.87,1.75,1.81,7900,1.81
2010-04-27,1.85,1.89,1.80,1.81,4400,1.81
2010-04-26,1.72,1.94,1.72,1.80,18000,1.80
2010-04-23,1.80,1.80,1.60,1.66,4100,1.66
2010-04-22,1.66,1.85,1.66,1.80,900,1.80
2010-04-21,1.72,2.00,1.60,1.60,28400,1.60
2010-04-20,1.69,1.75,1.65,1.75,1700,1.75
2010-04-19,1.74,1.74,1.53,1.64,12700,1.64
2010-04-16,1.65,1.80,1.65,1.74,3600,1.74
2010-04-15,1.72,1.73,1.65,1.73,700,1.73
2010-04-14,1.76,1.78,1.60,1.68,17900,1.68
2010-04-13,1.52,1.76,1.52,1.72,30500,1.72
2010-04-12,1.62,1.62,1.40,1.46,4400,1.46
2010-04-09,1.56,1.56,1.56,1.56,000,1.56
2010-04-08,1.56,1.56,1.56,1.56,1100,1.56
2010-04-07,1.55,1.55,1.45,1.45,1300,1.45
2010-04-06,1.50,1.65,1.50,1.60,2900,1.60
2010-04-05,1.40,1.65,1.37,1.47,15100,1.47
2010-04-01,1.29,1.40,1.29,1.38,8300,1.38
2010-03-31,1.30,1.30,1.27,1.29,2900,1.29
2010-03-30,1.30,1.35,1.30,1.30,12000,1.30
2010-03-29,1.30,1.30,1.30,1.30,100,1.30
2010-03-26,1.30,1.31,1.30,1.30,1200,1.30
2010-03-25,1.30,1.32,1.30,1.30,6800,1.30
2010-03-24,1.31,1.31,1.30,1.30,700,1.30
2010-03-23,1.34,1.35,1.34,1.34,10900,1.34
2010-03-22,1.32,1.34,1.32,1.32,18700,1.32
2010-03-19,1.34,1.34,1.34,1.34,1000,1.34
2010-03-18,1.30,1.30,1.30,1.30,1400,1.30
2010-03-17,1.34,1.34,1.27,1.30,7000,1.30
2010-03-16,1.35,1.35,1.30,1.30,20200,1.30
2010-03-15,1.37,1.39,1.35,1.35,13400,1.35
2010-03-12,1.37,1.39,1.37,1.38,2800,1.38
2010-03-11,1.38,1.38,1.37,1.38,1400,1.38
2010-03-10,1.40,1.40,1.40,1.40,000,1.40
2010-03-09,1.40,1.40,1.37,1.40,3900,1.40
2010-03-08,1.37,1.43,1.37,1.43,9900,1.43
2010-03-05,1.36,1.38,1.36,1.38,39500,1.38
2010-03-04,1.35,1.36,1.35,1.36,40900,1.36
2010-03-03,1.36,1.36,1.36,1.36,400,1.36
2010-03-02,1.38,1.38,1.38,1.38,400,1.38
2010-03-01,1.33,1.43,1.33,1.40,12200,1.40
2010-02-26,1.33,1.35,1.30,1.35,8100,1.35
2010-02-25,1.26,1.34,1.26,1.34,17100,1.34
2010-02-24,1.27,1.30,1.27,1.29,19900,1.29
2010-02-23,1.42,1.42,1.28,1.28,1900,1.28
2010-02-22,1.25,1.27,1.23,1.26,43400,1.26
2010-02-19,1.25,1.25,1.22,1.23,13800,1.23
2010-02-18,1.28,1.28,1.25,1.25,900,1.25
2010-02-17,1.33,1.33,1.25,1.25,4400,1.25
2010-02-16,1.30,1.30,1.30,1.30,700,1.30
2010-02-12,1.30,1.30,1.30,1.30,1000,1.30
2010-02-11,1.31,1.31,1.31,1.31,000,1.31
2010-02-10,1.32,1.32,1.31,1.31,200,1.31
2010-02-09,1.31,1.31,1.31,1.31,400,1.31
2010-02-08,1.29,1.37,1.29,1.36,2500,1.36
2010-02-05,1.28,1.29,1.28,1.29,3900,1.29
2010-02-04,1.31,1.31,1.30,1.31,3200,1.31
2010-02-03,1.34,1.40,1.34,1.35,3600,1.35
2010-02-02,1.52,1.52,1.16,1.33,50400,1.33
2010-02-01,1.52,1.57,1.52,1.57,800,1.57
2010-01-29,1.53,1.53,1.51,1.51,600,1.51
2010-01-28,1.53,1.53,1.51,1.53,108100,1.53
2010-01-27,1.53,1.56,1.53,1.56,3200,1.56
2010-01-26,1.54,1.54,1.54,1.54,000,1.54
2010-01-25,1.57,1.58,1.53,1.54,25900,1.54
2010-01-22,1.54,1.54,1.54,1.54,000,1.54
2010-01-21,1.54,1.54,1.54,1.54,1000,1.54
2010-01-20,1.60,1.60,1.52,1.54,3300,1.54
2010-01-19,1.55,1.60,1.55,1.60,500,1.60
2010-01-15,1.60,1.60,1.60,1.60,200,1.60
2010-01-14,1.53,1.60,1.52,1.60,4400,1.60
2010-01-13,1.54,1.60,1.54,1.60,4300,1.60
2010-01-12,1.54,1.54,1.53,1.53,20400,1.53
2010-01-11,1.62,1.62,1.57,1.57,10100,1.57
2010-01-08,1.65,1.65,1.57,1.57,17900,1.57
2010-01-07,1.37,1.70,1.35,1.70,21400,1.70
2010-01-06,1.31,1.34,1.28,1.31,2000,1.31
2010-01-05,1.32,1.34,1.30,1.34,2000,1.34
2010-01-04,1.31,1.35,1.31,1.35,1700,1.35
2009-12-31,1.25,1.30,1.25,1.30,11800,1.30
2009-12-30,1.26,1.26,1.26,1.26,1300,1.26
2009-12-29,1.26,1.26,1.26,1.26,2300,1.26
2009-12-28,1.29,1.29,1.26,1.26,6200,1.26
2009-12-24,1.26,1.26,1.26,1.26,1000,1.26
2009-12-23,1.26,1.29,1.26,1.29,300,1.29
2009-12-22,1.30,1.30,1.26,1.27,11000,1.27
2009-12-21,1.30,1.30,1.30,1.30,300,1.30
2009-12-18,1.29,1.30,1.26,1.30,10900,1.30
2009-12-17,1.28,1.28,1.26,1.27,3900,1.27
2009-12-16,1.26,1.30,1.26,1.30,17400,1.30
2009-12-15,1.28,1.28,1.28,1.28,1800,1.28
2009-12-14,1.27,1.28,1.26,1.26,12100,1.26
2009-12-11,1.26,1.28,1.26,1.26,6600,1.26
2009-12-10,1.27,1.27,1.26,1.27,33500,1.27
2009-12-09,1.26,1.26,1.26,1.26,000,1.26
2009-12-08,1.26,1.29,1.26,1.26,4700,1.26
2009-12-07,1.25,1.35,1.25,1.26,4700,1.26
2009-12-04,1.25,1.25,1.25,1.25,300,1.25
2009-12-03,1.25,1.29,1.25,1.29,6100,1.29
2009-12-02,1.24,1.24,1.20,1.20,400,1.20
2009-12-01,1.21,1.29,1.21,1.27,4200,1.27
2009-11-30,1.20,1.20,1.20,1.20,1200,1.20
2009-11-27,1.21,1.21,1.20,1.20,1400,1.20
2009-11-25,1.26,1.26,1.21,1.21,3300,1.21
2009-11-24,1.28,1.28,1.28,1.28,400,1.28
2009-11-23,1.47,1.60,1.27,1.27,5900,1.27
2009-11-20,1.28,1.28,1.28,1.28,700,1.28
2009-11-19,1.29,1.29,1.29,1.29,600,1.29
2009-11-18,1.23,1.27,1.20,1.27,1900,1.27
