,Date,Open,High,Low,Close,Volume,Adj Close,50DayAvgVol,30DaySMA,4WeekSMA,10WeekSMA,30WeekSMA,20.2UpperBB,20.2MiddleBB,20.2LowerBB,12.26.9MACD,12.26.9MACDSignal,12.26.9MACDHist,RSI14,10.4STOC,10.4.4STOC
0,2014-11-18,4.22,4.27,4.19,4.23,74600,4.23,186298.0,4.31666666667,4.389,4.0986,4.8896,4.72615871633,4.389,4.05184128367,0.0416625610463,0.0952975693066,-0.0536350082603,45.9353488182,8.45322526174,22.5995493499
1,2014-11-17,4.22,4.29,4.21,4.21,38900,4.21,186832.0,4.30566666667,4.39,4.0876,4.9118,4.72538038106,4.39,4.05461961894,0.0571355746785,0.108706321372,-0.0515707466932,44.7883075974,15.7548125633,33.904465437
2,2014-11-14,4.26,4.33,4.2,4.24,51700,4.24,189144.0,4.29966666667,4.3965,4.077,4.9338,4.72258434492,4.3965,4.07041565508,0.0780900673555,0.121599008045,-0.0435089406894,46.1521498198,27.1276595745,46.4007595906
3,2014-11-13,4.4,4.44,4.3,4.31,39500,4.31,191096.0,4.30166666667,4.401,4.0666,4.95573333333,4.72074364732,4.401,4.08125635268,0.100645218847,0.132476243217,-0.0318310243701,49.4122119488,39.0625,58.5700757576
4,2014-11-12,4.4,4.52,4.35,4.41,53200,4.41,192526.0,4.305,4.3945,4.0552,4.97646666667,4.726432222,4.3945,4.062567778,0.120842590841,0.14043399931,-0.0195914084692,54.5209629437,53.6728896104,69.7324810606
5,2014-11-11,4.44,4.47,4.25,4.45,70300,4.45,194188.0,4.26866666667,4.3845,4.0422,4.99706666667,4.72587808951,4.3845,4.04312191049,0.134682253409,0.145331851427,-0.0106495980181,56.698300632,65.7399891775,78.4508026696
6,2014-11-10,4.49,4.6,4.45,4.46,67600,4.46,196002.0,4.23666666667,4.372,4.0288,5.01826666667,4.72109024621,4.372,4.02290975379,0.146314953583,0.147994250932,-0.00167929734843,57.2288584035,75.8049242424,84.3997834043
7,2014-11-07,4.6,4.6,4.41,4.49,97800,4.49,196184.0,4.20766666667,4.357,4.0168,5.03926666667,4.71533503876,4.357,3.99866496124,0.158016109753,0.148414075269,0.00960203448465,58.760599727,83.7121212121,87.5031496087
8,2014-11-06,4.58,4.6,4.51,4.58,90500,4.58,195704.0,4.177,4.3325,4.0032,5.05966666667,4.71714919082,4.3325,3.94785080918,0.167598078396,0.146013566648,0.0215845117484,63.4947817546,88.5461760462,86.2170024731
9,2014-11-05,4.61,4.64,4.54,4.59,47200,4.59,195604.0,4.14233333333,4.303,3.9892,5.07953333333,4.69756811833,4.303,3.90843188167,0.168226728141,0.140617438711,0.0276092894309,64.0270060977,89.5359121166,82.4067791722
10,2014-11-04,4.55,4.67,4.51,4.59,72400,4.59,196634.0,4.112,4.2765,3.975,5.10026666667,4.66148181775,4.2765,3.89151818225,0.165563997771,0.133715116353,0.0318488814179,64.0270060977,88.2183890599,74.6061344764
11,2014-11-03,4.56,4.64,4.5,4.59,103500,4.59,197032.0,4.07966666667,4.242,3.9602,5.1214,4.63205640618,4.242,3.85194359382,0.159757181948,0.125752895998,0.0340042859498,64.0270060977,78.5675326699,63.511682139
12,2014-10-31,4.6,4.63,4.45,4.57,133400,4.57,197652.0,4.04666666667,4.214,3.9436,5.14233333333,4.5797540157,4.214,3.8482459843,0.150021832561,0.117251824511,0.03277000805,63.5375902677,73.3052828424,53.3325122351
13,2014-10-30,4.32,4.59,4.27,4.58,177900,4.58,197076.0,4.01866666667,4.2005,3.9278,5.1636,4.53092245686,4.2005,3.87007754314,0.137450214506,0.109059322498,0.0283908920073,63.9414861965,58.3333333333,41.6918913961
14,2014-10-29,4.49,4.52,4.27,4.35,97200,4.35,195642.0,3.994,4.192,3.9126,5.1836,4.49010065414,4.192,3.89389934586,0.118386800704,0.101961599497,0.0164252012076,58.2770468815,43.8405797101,34.7535298044
15,2014-10-28,4.26,4.54,4.19,4.5,170300,4.5,197054.0,3.97766666667,4.1405,3.9038,5.2034,4.61519885191,4.1405,3.66580114809,0.115751144533,0.0978552991946,0.0178958453382,64.4039396535,37.8508530545,33.4376581726
16,2014-10-27,4.18,4.24,4.01,4.22,82500,4.22,195268.0,3.95666666667,4.09,3.8924,5.22153333333,4.61337367148,4.09,3.56662632852,0.0954307085535,0.0933813378601,0.00204937069346,56.4716841081,26.7427994863,35.5007951454
17,2014-10-24,4.13,4.21,4.07,4.18,92000,4.18,196174.0,3.94933333333,4.0585,3.887,5.242,4.62114642539,4.0585,3.49585357461,0.0966154508702,0.0928689951867,0.00374645568347,55.1457698325,30.5798869667,42.3352134825
18,2014-10-23,4.16,4.25,4.04,4.11,146300,4.11,197494.0,3.934,4.028,3.8832,5.261,4.62601672217,4.028,3.42998327783,0.100795024505,0.0919323812659,0.00886264323946,52.8099044873,38.5770931829,49.7646750359
19,2014-10-22,4.25,4.3,4.12,4.12,144100,4.12,197648.0,3.919,3.9995,3.881,5.2804,4.63247630287,3.9995,3.36652369713,0.111790843589,0.089716720456,0.0220741231326,53.1772609093,46.1034009456,56.4099519131
20,2014-10-21,4.35,4.37,4.18,4.25,196200,4.25,198184.0,3.905,3.9775,3.879,5.2998,4.62266277016,3.9775,3.33233722984,0.123181276766,0.0841981896728,0.0389830870936,58.0519599801,54.0804728347,62.2503947185
21,2014-10-20,4.33,4.47,4.26,4.34,161100,4.34,197560.0,3.886,3.946,3.8756,5.31793333333,4.59636605077,3.946,3.29563394923,0.122691520178,0.0744524178994,0.048239102279,61.6871847712,60.2977331805,66.1268066101
22,2014-10-17,4.26,4.7,4.26,4.33,381300,4.33,200056.0,3.864,3.909,3.8678,5.33506666667,4.54962157316,3.909,3.26837842684,0.111118172386,0.0623926423297,0.0487255300558,61.4380431676,65.1582006915,67.6656211783
23,2014-10-16,4.23,4.29,4.16,4.18,175400,4.18,215234.0,3.84366666667,3.879,3.8602,5.35126666667,4.49361858091,3.879,3.26438141909,0.0957482896042,0.0502112598157,0.0455370297885,57.5974263113,69.4651721672,67.2414556208
24,2014-10-15,4.16,4.25,4.07,4.21,125000,4.21,221926.0,3.829,3.862,3.8522,5.3682,4.46098580951,3.862,3.26301419049,0.0900107550054,0.0388270023686,0.0511837526368,58.6828477948,69.5861204013,64.3516583055
25,2014-10-14,4.16,4.29,4.12,4.2,164700,4.2,222502.0,3.814,3.8445,3.8458,5.3848,4.42185517665,3.8445,3.26714482335,0.078323781681,0.0260310642094,0.0522927174716,58.4404322759,66.452991453,61.5918803419
26,2014-10-13,4.02,4.2,4.01,4.16,114000,4.16,225028.0,3.8,3.828,3.8416,5.4032,4.38216964912,3.828,3.27383035088,0.0632858807225,0.0129578848415,0.050327995881,57.514572232,63.4615384615,61.2713675214
27,2014-10-10,3.95,4.11,3.91,4.0,111100,4.0,227182.0,3.79,3.82,3.8364,5.42186666667,4.35918456951,3.82,3.28081543049,0.0472442561432,0.000375885871255,0.046868370272,53.681912658,57.905982906,63.5683760684
28,2014-10-09,4.04,4.09,3.97,3.99,160500,3.99,231434.0,3.78366666667,3.806,3.8346,5.44213333333,4.34028082504,3.806,3.27171917496,0.0423730297726,-0.0113412066967,0.0537142364694,53.4381394851,58.547008547,64.2017704518
29,2014-10-08,3.88,4.17,3.87,4.06,166300,4.06,232094.0,3.78,3.7895,3.8376,5.46273333333,4.32040394611,3.7895,3.25859605389,0.0365574204084,-0.0247697658141,0.0613271862225,55.3309934865,65.1709401709,60.8287545788
30,2014-10-07,4.0,4.16,3.9,3.9,166700,3.9,231970.0,3.774,3.7715,3.8394,5.48393333333,4.2887339896,3.7715,3.2542660104,0.0214755710684,-0.0401015623697,0.0615771334381,51.6997766214,72.6495726496,51.572615016
31,2014-10-06,4.29,4.35,3.87,4.03,298700,4.03,232428.0,3.77233333333,3.7605,3.8442,5.50526666667,4.27568831509,3.7605,3.24531168491,0.0182041841499,-0.0554958457292,0.0737000298791,55.0777876821,60.4395604396,35.2063421779
32,2014-10-03,4.4,4.4,4.08,4.3,576000,4.3,228278.0,3.76333333333,3.743,3.847,5.52506666667,4.24396307249,3.743,3.24203692751,0.000527553077184,-0.073920853199,0.0744484062762,63.0188499705,45.0549450549,21.9030151659
33,2014-10-02,3.69,4.48,3.56,4.41,2228100,4.41,219062.0,3.746,3.714,3.8448,5.54246666667,4.14487817304,3.714,3.28312182696,-0.0495328386277,-0.0925329547681,0.0430001161404,66.6544447188,28.14638192,14.008342
34,2014-10-01,3.5,3.5,3.31,3.32,144600,3.32,176218.0,3.72633333333,3.6805,3.8404,5.55913333333,3.97104947944,3.6805,3.38995052056,-0.123907624569,-0.103282983803,-0.020624640766,28.9267445971,7.18448129705,10.172346006
35,2014-09-30,3.58,3.58,3.49,3.49,114200,3.49,176308.0,3.746,3.7025,3.858,5.5826,3.94282269972,3.7025,3.46217730028,-0.106052785904,-0.0981268236117,-0.00792596229262,34.5953752887,7.22625239145,10.9412319474
36,2014-09-29,3.53,3.66,3.5,3.59,140300,3.59,176676.0,3.76066666667,3.717,3.8712,5.60446666667,3.93854909163,3.717,3.49545090837,-0.0990300240316,-0.0961453330385,-0.00288469099314,38.7423454152,13.4762523915,13.2150259924
37,2014-09-26,3.54,3.6,3.51,3.57,106000,3.57,179404.0,3.77266666667,3.7305,3.8832,5.626,3.9523535553,3.7305,3.5086464447,-0.0988078076192,-0.0954241602902,-0.00338364732897,37.3475969043,12.802397944,15.3638200374
38,2014-09-25,3.69,3.74,3.53,3.54,156200,3.54,185064.0,3.78666666667,3.7425,3.8934,5.64826666667,3.95405377567,3.7425,3.53094622433,-0.0950506105601,-0.094578248458,-0.000472362102136,35.2956037544,10.2600250627,20.0382205514
39,2014-09-24,3.65,3.77,3.6,3.68,147100,3.68,190880.0,3.802,3.7595,3.9064,5.67066666667,3.95743685862,3.7595,3.56156314138,-0.0858179610693,-0.0944601579324,0.00864219686316,41.1334931582,16.3214285714,28.7232142857
40,2014-09-23,3.57,3.68,3.54,3.62,161000,3.62,215810.0,3.81333333333,3.7695,3.9166,5.69226666667,3.97054477113,3.7695,3.56845522887,-0.0870400271945,-0.0966207071482,0.0095806799537,36.985742891,22.0714285714,39.2678571429
41,2014-09-22,3.73,3.74,3.6,3.6,177100,3.6,238864.0,3.82866666667,3.781,3.94,5.71493333333,3.97261419572,3.781,3.58938580428,-0.0812247002897,-0.0990158771366,0.0177911768469,35.5808163618,31.5,47.875
42,2014-09-19,3.85,3.88,3.73,3.73,162200,3.73,236766.0,3.84033333333,3.789,3.9796,5.73713333333,3.96219353337,3.789,3.61580646663,-0.0705844146725,-0.103463671348,0.0328792566759,41.1133833891,45.0,52.125
43,2014-09-18,3.86,3.94,3.8,3.84,137300,3.84,235292.0,3.84766666667,3.7915,4.0188,5.75813333333,3.96264613639,3.7915,3.62035386361,-0.0692132222713,-0.111683485517,0.0424702632461,46.8354081773,58.5,51.578125
44,2014-09-17,3.88,3.91,3.8,3.86,196400,3.86,233708.0,3.84566666667,3.7905,4.0556,5.77826666667,3.96073219437,3.7905,3.62026780563,-0.0776563443734,-0.122301051329,0.0446447069555,47.9623981019,56.5,44.21875
45,2014-09-16,4.02,4.03,3.86,3.87,132200,3.87,232150.0,3.84666666667,3.793,4.0918,5.7978,3.96862459964,3.793,3.61737540036,-0.089339655211,-0.133462228068,0.0441225728567,48.5042881562,48.5,36.421875
46,2014-09-15,3.76,4.1,3.75,4.0,349100,4.0,232348.0,3.85066666667,3.796,4.1294,5.817,3.97869099595,3.796,3.61330900405,-0.103970504241,-0.144492871282,0.0405223670412,56.1642973222,42.8125,29.9431818182
47,2014-09-12,3.65,3.84,3.65,3.72,161000,3.72,226658.0,3.84733333333,3.7935,4.1654,5.83586666667,3.96604274833,3.7935,3.62095725167,-0.134368853304,-0.154623463042,0.020254609738,35.9268844703,29.0625,23.5582386364
48,2014-09-11,3.7,3.74,3.65,3.66,79700,3.66,226904.0,3.85366666667,3.807,4.207,5.85773333333,3.99590209104,3.807,3.61809790896,-0.142704653697,-0.159687115477,0.0169824617795,29.4456234328,25.3125,20.2982954545
49,2014-09-10,3.7,3.74,3.67,3.7,74500,3.7,229992.0,3.86966666667,3.824,4.2506,5.8804,4.01805153955,3.824,3.62994846045,-0.145159371236,-0.163932730922,0.0187733596857,31.4126600442,22.5852272727,17.6038284632
50,2014-09-09,3.69,3.71,3.65,3.68,101300,3.68,232380.0,3.88466666667,3.84,4.2868,5.9024,4.04307634033,3.84,3.63692365967,-0.150253801676,-0.168626070843,0.0183722691666,29.2173084539,17.2727272727,17.7729978355
51,2014-09-08,3.71,3.71,3.6,3.68,154500,3.68,236650.0,3.9,3.86,4.3244,5.92606666667,4.07456933611,3.86,3.64543066389,-0.15253427396,-0.173219138135,0.0206848641749,29.2173084539,16.0227272727,19.8549696271
52,2014-09-05,3.74,3.75,3.7,3.72,149300,3.72,236186.0,3.91633333333,3.8735,4.3624,5.9508,4.07462433965,3.8735,3.67237566035,-0.153226305507,-0.178390354178,0.0251640486709,30.9242553207,14.5346320346,23.6204091607
53,2014-09-04,3.77,3.77,3.72,3.74,111000,3.74,235860.0,3.932,3.885,4.3998,5.97626666667,4.07573541884,3.885,3.69426458116,-0.155953570421,-0.184681366346,0.0287277959251,31.7864536877,23.2619047619,28.8888248848
54,2014-09-03,3.78,3.79,3.72,3.76,136300,3.76,235954.0,3.947,3.887,4.436,6.00373333333,4.07237529501,3.887,3.70162470499,-0.15920250025,-0.191863315327,0.0326608150775,32.6312599116,25.6006144393,31.0111367127
55,2014-09-02,3.87,3.9,3.74,3.78,161000,3.78,235204.0,3.96166666667,3.8935,4.4708,6.0316,4.06948579488,3.8935,3.71751420512,-0.163070007046,-0.200028519097,0.0369585120507,33.4569492585,31.0844854071,31.5080126209
56,2014-08-29,3.8,3.86,3.8,3.86,76700,3.86,235914.0,3.974,3.904,4.505,6.05986666667,4.07667310155,3.904,3.73132689845,-0.167670788345,-0.209268147109,0.0415973587642,36.9275851617,35.6082949309,28.1915244738
57,2014-08-28,3.84,3.87,3.8,3.81,73800,3.81,236546.0,3.985,3.906,4.5378,6.08733333333,4.0775109326,3.906,3.7344890674,-0.179249665009,-0.2196674868,0.0404178217912,32.8871936418,31.7511520737,23.20836966
58,2014-08-27,3.89,3.92,3.85,3.88,85500,3.88,237704.0,3.994,3.911,4.5716,6.1156,4.076758861,3.911,3.745241139,-0.186330345188,-0.229771942248,0.0434415970606,35.8747509064,27.588118072,20.5287862748
59,2014-08-26,3.85,3.92,3.83,3.88,98700,3.88,238660.0,4.00433333333,3.924,4.605,6.1434,4.11660321908,3.924,3.73139678092,-0.199784881049,-0.240632341513,0.0408474604644,35.8747509064,17.8185328185,22.1436615187
60,2014-08-25,3.8,3.87,3.76,3.85,92300,3.85,239976.0,4.01466666667,3.9375,4.638,6.17113333333,4.15243022124,3.9375,3.72256977876,-0.21405179946,-0.25084420663,0.0367924071691,33.647333276,15.6756756757,29.7425997426
61,2014-08-22,3.77,3.79,3.75,3.76,134500,3.76,241584.0,4.046,3.952,4.6708,6.199,4.18008770243,3.952,3.72391229757,-0.22609354915,-0.260042308422,0.0339487592721,26.5390323748,21.0328185328,40.407014157
62,2014-08-21,3.83,3.83,3.77,3.78,104600,3.78,240576.0,4.10666666667,3.9725,4.7092,6.22746666667,4.20157422378,3.9725,3.74342577622,-0.229010930766,-0.26852949824,0.0395185674743,27.1389664484,34.0476190476,50.5965045593
63,2014-08-20,3.91,3.91,3.8,3.82,106200,3.82,240090.0,4.17033333333,3.993,4.7474,6.256,4.22287822863,3.993,3.76312177137,-0.231439866126,-0.278409140108,0.0469692739825,28.3282445426,48.2142857143,58.3649949341
64,2014-08-19,3.93,3.95,3.87,3.91,167800,3.91,240902.0,4.23233333333,4.0115,4.786,6.28426666667,4.24226178193,4.0115,3.78073821807,-0.235246400115,-0.290151458604,0.0549050584892,31.1832672512,58.3333333333,63.5284432922
65,2014-08-18,3.96,4.0,3.9,3.93,81000,3.93,240004.0,4.291,4.026,4.824,6.31213333333,4.26569981227,4.026,3.78630018773,-0.245846792223,-0.303877723226,0.0580309310036,31.8455469138,61.7907801418,64.3668148454
66,2014-08-15,4.03,4.06,3.94,3.95,127800,3.95,240388.0,4.35166666667,4.037,4.861,6.34,4.27825505176,4.037,3.79574494824,-0.257837157535,-0.318385455977,0.0605482984419,32.4862167186,65.1215805471,62.8716242846
67,2014-08-14,4.02,4.04,3.98,3.99,158000,3.99,240708.0,4.41333333333,4.049,4.8956,6.36726666667,4.29556844891,4.049,3.80243155109,-0.271427228788,-0.333522530588,0.0620953017992,33.7470771647,68.8680791466,57.0948660864
68,2014-08-13,4.07,4.1,3.97,4.0,154000,4.0,239918.0,4.47366666667,4.0535,4.9268,6.39393333333,4.29887929823,4.0535,3.80812070177,-0.288897796405,-0.349046356037,0.060148559632,34.0539017013,61.6868195459,46.132229189
69,2014-08-12,4.09,4.1,4.0,4.02,170900,4.02,241962.0,4.535,4.063,4.9612,6.42086666667,4.31400597602,4.063,3.81199402398,-0.308012625671,-0.364083495945,0.0560708702747,34.6387749516,55.8100178987,36.2110502492
70,2014-08-11,3.97,4.12,3.96,4.08,165000,4.08,240532.0,4.58466666667,4.0715,4.9974,6.4488,4.32756835025,4.0715,3.81543164975,-0.32996627865,-0.378101213514,0.0481349348637,36.3793232039,42.0145477546,25.52300134
71,2014-08-08,3.94,4.0,3.81,3.95,285900,3.95,241166.0,4.634,4.107,5.0334,6.47586666667,4.51167764949,4.107,3.70232235051,-0.359296704401,-0.39013494723,0.0308382428295,29.2242250614,25.0175315568,17.4773683539
72,2014-08-07,3.76,3.96,3.7,3.95,1140200,3.95,237194.0,4.68833333333,4.1885,5.0734,6.50566666667,4.94096993295,4.1885,3.43603006705,-0.378270495749,-0.397844507937,0.0195740121888,29.2242250614,22.0021037868,15.356714055
73,2014-08-06,3.89,3.98,3.7,3.78,510000,3.78,218206.0,4.743,4.2755,5.1124,6.5352,5.26315327924,4.2755,3.28784672076,-0.396985836767,-0.402738010985,0.00575217421732,18.9457332573,13.0578222619,14.306945684
74,2014-08-05,3.98,3.99,3.86,3.89,153800,3.89,212320.0,4.802,4.3705,5.1558,6.56666666667,5.50398092176,4.3705,3.23701907824,-0.397789987133,-0.404176054539,0.00638606740618,20.7569360923,9.83201581028,16.1466567852
75,2014-08-04,3.94,4.07,3.86,3.99,291000,3.99,212064.0,4.85566666667,4.4595,5.197,6.5974,5.70234311158,4.4595,3.21665688842,-0.404230339241,-0.405772571391,0.00154223214955,22.5790885405,16.534914361,19.2895082411
76,2014-08-01,3.91,4.03,3.88,3.9,221700,3.9,208900.0,4.90566666667,4.5475,5.2358,6.62773333333,5.89013733003,4.5475,3.20486266997,-0.416752674634,-0.406158129428,-0.0105945452058,16.4495454304,17.803030303,19.2101115418
77,2014-07-31,4.07,4.17,3.91,3.91,323700,3.91,209104.0,4.959,4.6425,5.2772,6.65866666667,6.05546673705,4.6425,3.22953326295,-0.417510234722,-0.403509493126,-0.0140007415957,16.5850202676,20.4166666667,17.2511858571
78,2014-07-30,4.15,4.17,4.08,4.14,193500,4.14,211722.0,5.012,4.737,5.3166,6.68853333333,6.19350403364,4.737,3.28049596636,-0.413422462548,-0.400009307728,-0.0134131548206,20.1248318871,22.4034216336,14.2560848092
79,2014-07-29,4.13,4.21,4.11,4.15,160100,4.15,220284.0,5.059,4.822,5.352,6.71706666667,6.32684019085,4.822,3.31715980915,-0.425609742973,-0.396656019022,-0.0289537239503,20.2997530594,16.217327564,10.6374287631
80,2014-07-28,4.21,4.32,4.11,4.14,189600,4.14,224276.0,5.105,4.89,5.387,6.74386666667,6.39013332741,4.89,3.38986667259,-0.43599263918,-0.389417588035,-0.0465750511455,19.6512612446,9.96732756402,8.52005945218
81,2014-07-25,4.17,4.24,4.15,4.17,91200,4.17,224352.0,5.15,4.961,5.426,6.76973333333,6.44677118023,4.961,3.47522881977,-0.441885097406,-0.377773825248,-0.0641112721579,20.1070136569,8.43626247527,7.54969388656
82,2014-07-24,4.18,4.25,4.16,4.19,115200,4.19,227830.0,5.20033333333,5.0315,5.466,6.79666666667,6.49407683559,5.0315,3.56892316441,-0.446033142671,-0.361746007209,-0.0842871354618,20.3998941989,7.92879744921,6.55103902622
83,2014-07-23,4.22,4.23,4.17,4.19,85900,4.19,234470.0,5.25033333333,5.1015,5.5084,6.8212,6.52988755245,5.1015,3.67311244755,-0.446876165642,-0.340674223344,-0.106201942299,20.3998941989,7.74785032024,5.45310609812
84,2014-07-22,4.19,4.23,4.16,4.2,149100,4.2,236074.0,5.30233333333,5.1695,5.5566,6.8466,6.54640195729,5.1695,3.79259804271,-0.441452152553,-0.314123737769,-0.127328414784,20.5288103607,6.08586530151,4.18057604899
85,2014-07-21,4.19,4.24,4.11,4.15,132600,4.15,237370.0,5.356,5.2345,5.6084,6.87193333333,6.54324711079,5.2345,3.92575288921,-0.429126199081,-0.282291634073,-0.146834565008,18.1266195849,4.44164303394,4.62445517588
86,2014-07-18,4.08,4.23,4.05,4.19,276700,4.19,236584.0,5.41033333333,5.3015,5.6616,6.90073333333,6.51504480758,5.3015,4.08795519242,-0.402061055573,-0.245582992821,-0.156478062752,18.5429929276,3.53706573679,8.46071170875
87,2014-07-17,4.14,4.22,4.05,4.08,389000,4.08,232910.0,5.46,5.367,5.7156,6.92953333333,6.46987079932,5.367,4.26412920068,-0.365740657051,-0.206463477133,-0.159277179918,13.4673121442,2.6577301237,15.348184405
88,2014-07-16,4.18,4.35,4.15,4.19,447000,4.19,228066.0,5.509,5.438,5.7738,6.95986666667,6.36989269769,5.438,4.50610730231,-0.302862757016,-0.166644182153,-0.136218574863,14.2943908132,7.8613818091,24.9962518741
89,2014-07-15,4.56,4.65,4.15,4.19,1393600,4.19,220668.0,5.56,5.506,5.8352,6.99073333333,6.24148351443,5.506,4.77051648557,-0.229402415415,-0.132589538438,-0.096812876977,14.2943908132,19.7866691654,36.0530100803
90,2014-07-14,5.25,5.56,4.74,4.79,1313700,4.79,195106.0,5.61466666667,5.573,5.897,7.023,5.99338553733,5.573,5.15261446267,-0.132303544274,-0.108386319193,-0.0239172250807,20.1000630184,31.0869565217,45.881495228
91,2014-07-11,5.66,5.68,5.56,5.58,72200,5.58,172662.0,5.651,5.608,5.9464,7.052,5.83290887043,5.608,5.38309112957,-0.0675365699197,-0.102407012923,0.0348704430034,39.9260089154,41.25,54.8268728223
92,2014-07-10,5.61,5.73,5.6,5.69,88500,5.69,172536.0,5.66333333333,5.613,5.986,7.07546666667,5.83963627247,5.613,5.38636372753,-0.064324372545,-0.111124623674,0.046800251129,45.7621199091,52.0884146341,63.9587622743
93,2014-07-09,5.65,5.74,5.65,5.68,58100,5.68,171826.0,5.67033333333,5.613,6.0216,7.09686666667,5.83963627247,5.613,5.38636372753,-0.0704888133861,-0.122824686456,0.0523358730702,45.0845014856,59.1006097561,67.9697398638
94,2014-07-08,5.72,5.74,5.62,5.67,118500,5.67,172024.0,5.67933333333,5.6165,6.0582,7.11766666667,5.84924664337,5.6165,5.38375335663,-0.0763134078649,-0.135908654724,0.0595952468589,44.4399457512,66.868466899,68.4746198923
95,2014-07-07,5.8,5.83,5.74,5.75,142100,5.75,171182.0,5.68866666667,5.6235,6.0964,7.14093333333,5.87026101799,5.6235,5.37673898201,-0.0816195134307,-0.150807466439,0.0691879530078,48.6848156016,77.777557808,65.3768213494
96,2014-07-03,5.81,5.83,5.75,5.8,64600,5.8,169390.0,5.69466666667,5.625,6.1354,7.1634,5.87515994883,5.625,5.37484005117,-0.0953502952485,-0.16810445469,0.072754159442,51.5420640062,68.1323249921,56.9286440186
97,2014-07-02,5.84,5.89,5.75,5.8,173300,5.8,169706.0,5.70033333333,5.619,6.1708,7.1854,5.85757074423,5.619,5.38042925577,-0.116579761565,-0.186292994551,0.0697132329859,51.5420640062,61.1201298701,51.0811688312
98,2014-07-01,5.55,5.89,5.55,5.84,234100,5.84,168078.0,5.703,5.6065,6.2076,7.20746666667,5.8316466189,5.6065,5.3813533811,-0.141980574768,-0.203721302797,0.0617407280293,53.71668874,54.4772727273,44.6630244755
99,2014-06-30,5.6,5.6,5.49,5.51,193900,5.51,164552.0,5.70533333333,5.6005,6.2422,7.23046666667,5.80597262591,5.6005,5.39502737409,-0.176408804351,-0.219156484805,0.0427476804541,31.6129564727,43.9848484848,37.2369897544
100,2014-06-27,5.53,5.6,5.53,5.56,314800,5.56,161176.0,5.71833333333,5.6165,6.2834,7.25473333333,5.84031018744,5.6165,5.39268981256,-0.184185798409,-0.229843404918,0.0456576065092,33.8900719842,44.7424242424,30.2441386133
101,2014-06-26,5.61,5.62,5.54,5.58,131300,5.58,155594.0,5.736,5.6325,6.3234,7.27826666667,5.88212972579,5.6325,5.38287027421,-0.196523913758,-0.241257806546,0.0447338927879,34.8217059197,35.4475524476,21.8946983249
102,2014-06-25,5.54,5.65,5.51,5.59,133000,5.59,153894.0,5.75566666667,5.651,6.362,7.3024,5.93482388906,5.651,5.36717611094,-0.211449669512,-0.252441279743,0.0409916102309,35.2718865641,24.7731338429,16.4069796483
103,2014-06-24,5.51,5.67,5.49,5.55,115700,5.55,153290.0,5.77966666667,5.6665,6.4008,7.3264,5.96857780455,5.6665,5.36442219545,-0.228442911663,-0.2626891823,0.0342462706373,32.0069353243,16.0134439204,13.9575572304
104,2014-06-23,5.52,5.52,5.48,5.5,98800,5.5,152394.0,5.81466666667,5.6865,6.4382,7.34986666667,6.00745326763,5.6865,5.36554673237,-0.242736934748,-0.27125074996,0.0285138152114,27.7785424833,11.3446630888,13.3702492774
105,2014-06-20,5.53,5.54,5.48,5.49,196500,5.49,151968.0,5.85766666667,5.709,6.4782,7.37353333333,6.03750570771,5.709,5.38049429229,-0.25235967789,-0.278379203762,0.0260195258727,26.9346885789,13.4966777409,15.2180731973
106,2014-06-19,5.5,5.53,5.47,5.5,108300,5.5,149370.0,5.90166666667,5.731,6.521,7.39566666667,6.05681589894,5.731,5.40518410106,-0.259952929276,-0.284884085231,0.0249311559549,27.2301263296,14.9754441716,17.3162673143
107,2014-06-18,5.55,5.58,5.45,5.5,131700,5.5,149236.0,5.948,5.7545,6.5632,7.41813333333,6.0780722485,5.7545,5.4309277515,-0.266881727528,-0.291116874219,0.0242351466914,27.2301263296,13.6642121083,21.0192147821
108,2014-06-17,5.5,5.61,5.49,5.55,133300,5.55,148606.0,5.99766666667,5.7735,6.6042,7.4396,6.07919756296,5.7735,5.46780243704,-0.271843477624,-0.297175660892,0.0253321832683,28.5817098025,18.7359587683,28.0164187108
109,2014-06-16,5.46,5.61,5.46,5.53,164500,5.53,149988.0,6.05466666667,5.7915,6.6444,7.46286666667,6.08457166359,5.7915,5.49842833641,-0.279313297163,-0.303508706709,0.0241954095464,27.2403064557,21.8894542091,34.7558128158
110,2014-06-13,5.7,5.7,5.46,5.49,172700,5.49,148726.0,6.113,5.81,6.6878,7.48733333333,6.08055498517,5.81,5.53944501483,-0.282748400688,-0.309557559096,0.0268091584074,24.6106108942,29.7872340426,40.3820581015
111,2014-06-12,5.68,5.75,5.68,5.68,84100,5.68,146464.0,6.172,5.84,6.7332,7.5126,6.09455844123,5.84,5.58544155877,-0.278947410633,-0.316259848698,0.0373124380649,29.2778841249,41.6530278232,41.2308755335
112,2014-06-11,5.71,5.78,5.67,5.69,80300,5.69,147458.0,6.23466666667,5.8645,6.7742,7.5366,6.14567432315,5.8645,5.58332567685,-0.289384002807,-0.325587958214,0.0362039554067,29.5517804462,45.6935351882,36.841609905
113,2014-06-10,5.82,5.84,5.7,5.75,146800,5.75,149114.0,6.294,5.8955,6.8156,7.5606,6.2253772499,5.8955,5.5656227501,-0.299513849505,-0.334638947066,0.0351250975603,31.176744832,44.3944353519,29.7766954572
114,2014-06-09,5.81,5.88,5.78,5.81,122900,5.81,148490.0,6.35266666667,5.938,6.8522,7.58386666667,6.38142304857,5.938,5.49457695143,-0.314195743298,-0.343420221456,0.0292244781576,32.854263037,33.1825037707,23.1433935754
115,2014-06-06,5.71,5.79,5.68,5.78,100200,5.78,148368.0,6.41166666667,5.987,6.8824,7.6086,6.5605189622,5.987,5.4134810378,-0.334474149655,-0.350726340995,0.0162521913404,31.1338708273,24.0959653092,21.4864439365
116,2014-06-05,5.59,5.71,5.53,5.68,143800,5.68,149400.0,6.47566666667,6.0385,6.9112,7.635,6.70574133565,6.0385,5.37125866435,-0.352437146137,-0.35478938883,0.0023522426935,25.2019794572,17.4338773971,22.2200654803
117,2014-06-04,5.72,5.78,5.54,5.55,118500,5.55,148428.0,6.53866666667,6.099,6.9434,7.66246666667,6.84053624321,6.099,5.35746375679,-0.360056284975,-0.355377449504,-0.00467883547182,16.5220106284,17.8612278245,24.516187024
118,2014-06-03,5.85,5.92,5.65,5.72,256200,5.72,148440.0,6.60833333333,6.171,6.973,7.6916,6.96323481368,6.171,5.37876518632,-0.351307530766,-0.354207740636,0.00290020986939,19.232042195,26.5547052154,25.8374154053
119,2014-06-02,5.93,5.93,5.82,5.83,99400,5.83,144812.0,6.67,6.248,6.999,7.71953333333,7.14266418281,6.248,5.35333581719,-0.352340102219,-0.354932793103,0.00259269088394,21.3346380939,27.0304514841,23.5440569263
120,2014-05-30,5.99,6.0,5.87,5.88,196700,5.88,144004.0,6.728,6.3205,7.023,7.74693333333,7.29899833929,6.3205,5.34200166071,-0.359733091932,-0.355580965824,-0.004152126108,22.3667478602,26.618363572,20.9874513812
121,2014-05-29,5.94,6.0,5.9,5.95,87300,5.95,141472.0,6.784,6.3895,7.0448,7.77333333333,7.42687119682,6.3895,5.35212880318,-0.369027662919,-0.354542934297,-0.0144847286223,23.867802109,23.1461413498,17.847604078
122,2014-05-28,5.95,6.0,5.89,5.9,190800,5.9,141192.0,6.836,6.47,7.064,7.79933333333,7.60384302264,6.47,5.33615697736,-0.382650512973,-0.350921752141,-0.0317287608319,20.3211047543,17.3812712992,15.117478997
123,2014-05-27,6.0,6.05,5.93,5.95,215700,5.95,138810.0,6.89033333333,6.5485,7.0812,7.82553333333,7.73001216667,6.5485,5.36698783333,-0.389381488672,-0.342989561933,-0.0463919267384,21.2399106324,16.804029304,13.1822039072
124,2014-05-23,5.95,6.02,5.93,5.95,141000,5.95,136066.0,6.93933333333,6.6265,7.0966,7.85153333333,7.84506103663,6.6265,5.40793896337,-0.397399839637,-0.331391580249,-0.0660082593884,21.2399106324,14.058974359,10.3681531029
125,2014-05-22,6.01,6.02,5.92,5.93,132800,5.93,135870.0,6.991,6.708,7.1116,7.87733333333,7.9524372222,6.708,5.4635627778,-0.401853809929,-0.314889515402,-0.0869642945275,19.9922422366,12.2256410256,7.69036603493
126,2014-05-21,5.93,6.05,5.9,5.97,231900,5.97,133886.0,7.04766666667,6.7965,7.1322,7.9028,8.05866124168,6.7965,5.53433875832,-0.399657185685,-0.29314844177,-0.106508743915,20.598236232,9.64017094017,4.98299881426
127,2014-05-20,5.87,6.01,5.81,5.88,454600,5.88,130480.0,7.10233333333,6.8765,7.152,7.9282,8.12168713453,6.8765,5.63131286547,-0.395113026221,-0.266521255791,-0.12859177043,15.2297992166,5.54782608696,3.12254428629
128,2014-05-19,5.86,5.94,5.77,5.91,621600,5.91,122998.0,7.158,6.9645,7.1752,7.95446666667,8.1634574638,6.9645,5.7655425362,-0.374402291397,-0.234373313184,-0.140028978213,15.5553291885,3.34782608696,2.46310040226
129,2014-05-16,6.06,6.13,5.85,5.9,359700,5.9,112110.0,7.213,7.0475,7.1986,7.98033333333,8.17038690437,7.0475,5.92461309563,-0.345576556528,-0.19936606863,-0.146210487898,14.9929284008,1.39617214294,2.62247372254
130,2014-05-15,6.18,6.26,6.08,6.09,193400,6.09,106532.0,7.273,7.131,7.2254,8.00693333333,8.14304545352,7.131,6.11895454648,-0.302739686837,-0.162813446656,-0.139926240181,16.9891786014,2.19835282829,3.2470151001
131,2014-05-14,6.28,6.44,6.17,6.17,265100,6.17,103942.0,7.32866666667,7.2045,7.2456,8.03206666667,8.11152756298,7.2045,6.29747243702,-0.263006232259,-0.127831886611,-0.135174345648,17.9221545011,2.91005055086,3.57858849785
132,2014-05-13,6.54,6.68,6.29,6.31,447200,6.31,105308.0,7.38066666667,7.2715,7.2622,8.05593333333,8.05212218775,7.2715,6.49087781225,-0.216611805038,-0.0940383001986,-0.122573504839,19.678204505,3.98531936807,5.96155482481
133,2014-05-12,6.79,6.85,6.53,6.6,166100,6.6,97722.0,7.429,7.3325,7.2742,8.07893333333,7.98284990582,7.3325,6.68215009418,-0.168499473493,-0.0633949239889,-0.105104549504,24.2481439045,3.89433765317,10.4176462368
134,2014-05-09,6.81,6.94,6.76,6.79,213900,6.79,96292.0,7.46166666667,7.3735,7.2804,8.1006,7.93068129904,7.3735,6.81631870096,-0.134167014343,-0.0371187866128,-0.0970482277302,28.2377067945,3.52464641929,17.2763403046
135,2014-05-08,6.84,6.94,6.77,6.81,93300,6.81,93406.0,7.47933333333,7.409,7.2814,8.12033333333,7.89942430609,7.409,6.91857569391,-0.107740246274,-0.0128567296803,-0.0948835165938,28.6992464481,12.4419158587,26.5319692265
136,2014-05-07,7.02,7.02,6.88,6.89,93000,6.89,93892.0,7.493,7.45,7.2806,8.1412,7.86448763552,7.45,7.03551236448,-0.0744793132657,0.0108641494682,-0.0853434627339,30.5541671739,21.8096850162,32.668249143
137,2014-05-06,7.27,7.27,6.98,6.99,146800,6.99,94954.0,7.50633333333,7.486,7.2792,8.1598,7.8161757108,7.486,7.1558242892,-0.039088386942,0.0322000151517,-0.0712884020937,33.0322655987,31.3291139241,36.5080772764
138,2014-05-05,7.26,7.35,7.17,7.26,77100,7.26,97138.0,7.50766666667,7.514,7.2776,8.17893333333,7.75378323544,7.514,7.27421676456,-0.00352995535158,0.0500221156751,-0.0535520710267,41.4635481819,40.547162107,39.2655165374
139,2014-05-02,7.26,7.46,7.16,7.28,115500,7.28,97708.0,7.49966666667,7.529,7.2704,8.1954,7.73903809178,7.529,7.31896190822,0.0144159694108,0.0634101334317,-0.0489941640209,42.2045097652,36.9870355247,42.7224760106
140,2014-05-01,7.38,7.38,6.95,7.26,191500,7.26,97976.0,7.49133333333,7.55,7.2632,8.21133333333,7.73920887928,7.55,7.36079112072,0.0350754447343,0.075658674437,-0.0405832297027,41.2292831783,37.16899755,49.1007171294
141,2014-04-30,7.49,7.6,7.43,7.56,65900,7.56,97660.0,7.48166666667,7.575,7.2584,8.22713333333,7.73405973721,7.575,7.41594026279,0.0629706231328,0.0858044818626,-0.0228338587298,53.8964052676,42.3588709677,57.4647177419
142,2014-04-29,7.56,7.59,7.45,7.47,53000,7.47,99534.0,7.46,7.5835,7.2458,8.24106666667,7.75604274833,7.5835,7.41095725167,0.0671136235887,0.0915129465451,-0.0243993229564,49.5812022888,54.375,64.375
143,2014-04-28,7.57,7.6,7.44,7.51,68000,7.51,100526.0,7.43633333333,7.598,7.234,8.2548,7.77851038751,7.598,7.41748961249,0.0805890369183,0.0976127772842,-0.0170237403659,51.5733645243,62.5,65.9992732558
144,2014-04-25,7.65,7.7,7.53,7.58,76400,7.51,102680.0,7.41,7.6015,7.221,8.2674,7.77771293937,7.6015,7.42528706063,0.0925436330312,0.101868712376,-0.00932507934448,55.1759192969,70.625,64.9876769464
145,2014-04-24,7.57,7.74,7.56,7.7,52500,7.63,103884.0,7.38066666667,7.5885,7.2052,8.28,7.8032812841,7.5885,7.3737187159,0.099328682862,0.104199982212,-0.00487129934976,62.0787391243,70.0,59.5671132457
146,2014-04-23,7.67,7.74,7.55,7.57,80400,7.5,105810.0,7.356,7.5645,7.1862,8.28933333333,7.82622313616,7.5645,7.30277686384,0.0943259110772,0.105417807049,-0.011091895972,56.6192581396,60.8720930233,52.9081236191
147,2014-04-22,7.6,7.65,7.55,7.64,91900,7.57,108274.0,7.33566666667,7.5505,7.1714,8.30106666667,7.83821339906,7.5505,7.26278660094,0.0998049054744,0.108190781042,-0.00838587556784,61.0111082191,58.4536147624,45.1880874808
148,2014-04-21,7.6,7.68,7.53,7.57,57800,7.5,108908.0,7.31566666667,7.52,7.1586,8.3124,7.88282227054,7.52,7.15717772946,0.0982191142435,0.110287249934,-0.0120681356907,57.9848606257,48.9427451972,36.807678404
149,2014-04-17,7.56,7.64,7.52,7.57,25100,7.5,110556.0,7.29933333333,7.4925,7.1484,8.32426666667,7.91453672826,7.4925,7.07046327174,0.101893699047,0.113304283857,-0.0114105848097,57.9848606257,43.3640414935,32.2278429987
150,2014-04-16,7.57,7.59,7.5,7.56,35700,7.49,114110.0,7.28833333333,7.4655,7.137,8.3364,7.93109531785,7.4655,6.99990468215,0.105101715301,0.116156930059,-0.0110552147581,57.5792828344,29.9919484702,30.577375679
151,2014-04-15,7.55,7.57,7.38,7.51,46300,7.44,115932.0,7.273,7.436,7.1304,8.34933333333,7.9465056317,7.436,6.9254943683,0.108685740188,0.118920733749,-0.0102349935604,55.5888587804,24.9319784552,35.9504871707
152,2014-04-14,7.49,7.55,7.34,7.53,102800,7.46,122248.0,7.256,7.406,7.128,8.35973333333,7.96390321741,7.406,6.84809678259,0.116770284824,0.121479482139,-0.00470919731541,56.5748344651,30.623403576,44.7460321825
153,2014-04-11,7.45,7.53,7.42,7.42,70900,7.35,122432.0,7.23533333333,7.3675,7.1282,8.36993333333,7.98855957846,7.3675,6.74644042154,0.123354263106,0.122656781468,0.000697481638031,52.2493392242,36.7621722148,53.1887136042
154,2014-04-10,7.63,7.73,7.49,7.5,77500,7.43,122146.0,7.21833333333,7.3325,7.137,8.37946666667,8.01375986231,7.3325,6.65124013769,0.141163569741,0.122482411058,0.0186811586827,56.0175118386,51.484394437,61.5820087973
155,2014-04-09,7.65,7.66,7.52,7.63,66600,7.56,125122.0,7.19633333333,7.2925,7.1458,8.3888,8.02196213061,7.2925,6.56303786939,0.153695978286,0.117812121388,0.0358838568987,62.8578609312,60.1141585023,67.7332404983
156,2014-04-08,7.6,7.74,7.5,7.61,101600,7.54,125018.0,7.16766666667,7.259,7.1536,8.39713333333,7.98491735067,7.259,6.53308264933,0.154219947327,0.108841157163,0.0453787901643,62.1984347366,64.3941292626,73.2479946086
157,2014-04-07,7.56,7.61,7.5,7.55,100200,7.48,124612.0,7.14133333333,7.2265,7.161,8.40513333333,7.94481121389,7.2265,6.50818878611,0.15468188676,0.0974964596218,0.0571854271384,60.2315709227,70.3353529873,79.0012355609
158,2014-04-04,7.77,7.77,7.52,7.56,202400,7.49,124792.0,7.12,7.201,7.171,8.41213333333,7.90767955963,7.201,6.49432044037,0.159130662011,0.0832001028373,0.0759305591736,60.7205204819,76.0893212412,84.0322412743
159,2014-04-03,7.8,7.8,7.65,7.7,101400,7.63,121796.0,7.098,7.177,7.1808,8.42106666667,7.86565375916,7.177,6.48834624084,0.161476107338,0.0642174630438,0.0972586442941,67.8844909442,82.1731749433,87.9864765359
160,2014-04-02,7.78,7.78,7.7,7.76,59600,7.69,121116.0,7.072,7.154,7.1876,8.4276,7.80069621926,7.154,6.50730378074,0.147866459631,0.0399028019703,0.10796365766,71.2288489264,87.407093072,91.1710521529
161,2014-04-01,7.81,7.88,7.65,7.73,133800,7.66,122398.0,7.04733333333,7.121,7.193,8.43313333333,7.70494862788,7.121,6.53705137212,0.122235724417,0.0129118875553,0.109323836861,70.5553547576,90.4593758407,91.8839537934
162,2014-03-31,7.67,7.92,7.65,7.76,163100,7.69,123720.0,7.02066666667,7.0845,7.199,8.43913333333,7.59871688031,7.0845,6.57028311969,0.0907981572974,-0.0144190716601,0.105217228957,72.1230660993,91.9062622876,90.5710296396
163,2014-03-28,7.34,7.6,7.34,7.58,115600,7.51,122134.0,6.99133333333,7.042,7.205,8.44673333333,7.45675776063,7.042,6.62724223937,0.0462971438865,-0.0407233788994,0.0870205227859,68.1844658255,94.9114774115,86.9082617021
164,2014-03-27,7.22,7.35,7.2,7.32,116800,7.25,121540.0,6.96733333333,7.0085,7.2146,8.45633333333,7.34484952059,7.0085,6.67215047941,0.00715152831273,-0.0624785095959,0.0696300379086,60.7457124483,90.2586996337,79.2815203004
165,2014-03-26,7.3,7.3,7.15,7.22,151800,7.15,121014.0,6.94966666667,6.9845,7.23,8.46726666667,7.29610712444,6.9845,6.67289287556,-0.016443806886,-0.0798860190731,0.0634422121871,57.1692057949,85.2076792255,70.2597625589
166,2014-03-25,7.07,7.3,7.02,7.29,95200,7.22,119970.0,6.934,6.962,7.2478,8.47926666667,7.26726054445,6.962,6.65673945555,-0.036139033894,-0.0957465721198,0.0596075382259,60.7680284064,77.2551905378,58.792401576
167,2014-03-24,7.0,7.13,6.97,7.03,119100,6.97,122518.0,6.91866666667,6.9385,7.2628,8.49133333333,7.20959223523,6.9385,6.66740776477,-0.0678789195093,-0.110648456676,0.042769537167,49.8879803865,64.4045118047,46.4638980592
168,2014-03-21,7.08,7.08,7.0,7.02,74800,6.96,121268.0,6.91766666667,6.9325,7.282,8.50553333333,7.2005205216,6.9325,6.6644794784,-0.0809304983201,-0.121340840968,0.0404103426479,49.3866806607,54.1716686675,34.8664465786
169,2014-03-20,6.95,7.06,6.95,7.03,59000,6.97,121298.0,6.919,6.9265,7.3024,8.52,7.19177532867,6.9265,6.66122467133,-0.0953937062085,-0.13144342663,0.0360497204216,49.8497369085,39.3382352941,25.7004310345
170,2014-03-19,6.93,7.06,6.87,6.97,70100,6.91,121940.0,6.918,6.921,7.326,8.53493333333,7.18199042128,6.921,6.66000957872,-0.113484655823,-0.140455856735,0.0269712009125,47.0855677413,27.9411764706,21.4946754564
171,2014-03-18,6.76,6.93,6.74,6.91,73300,6.85,122568.0,6.92666666667,6.9235,7.3494,8.55113333333,7.18726315133,6.9235,6.65973684867,-0.128815509246,-0.147198656964,0.0183831477174,44.2312824682,18.0147058824,22.6198022312
172,2014-03-17,6.74,6.95,6.7,6.76,71700,6.7,122236.0,6.94266666667,6.9245,7.3796,8.56666666667,7.18820248387,6.9245,6.66079751613,-0.140400482026,-0.151794443893,0.0113939618664,36.248191659,17.5076064909,29.3230223124
173,2014-03-14,6.66,6.87,6.65,6.72,78500,6.66,122124.0,6.96866666667,6.9305,7.412,8.58286666667,7.18423017164,6.9305,6.67676982836,-0.137872203909,-0.15464293436,0.0167707304503,33.9054180624,22.5152129817,39.6683880937
174,2014-03-13,7.0,7.02,6.65,6.7,131200,6.64,122250.0,7.00666666667,6.9375,7.4476,8.60053333333,7.17480781698,6.9375,6.70019218302,-0.12856706051,-0.158835616972,0.030268556462,32.7581556889,32.44168357,51.2543560004
175,2014-03-12,6.95,7.01,6.91,6.96,33600,6.9,121674.0,7.048,6.942,7.4836,8.61733333333,7.16404504048,6.942,6.71995495952,-0.112783883873,-0.166402756088,0.0536188722145,41.4416012778,44.8275862069,60.6304453905
176,2014-03-11,7.04,7.06,6.92,6.96,61600,6.9,122368.0,7.08333333333,6.9315,7.5152,8.63013333333,7.16850421937,6.9315,6.69449578063,-0.117471045564,-0.179807474141,0.0623364285774,41.4416012778,58.8890696161,65.5279376821
177,2014-03-10,7.05,7.14,6.96,7.04,80500,6.97,122552.0,7.11733333333,6.925,7.5468,8.6412,7.16562418831,6.925,6.68437581169,-0.12174489855,-0.195391581286,0.0736466827357,44.576518388,68.8590846086,63.3056702781
178,2014-03-07,7.25,7.33,7.07,7.08,77200,7.01,121368.0,7.151,6.923,7.5738,8.65346666667,7.16041103597,6.923,6.68558896403,-0.133574508746,-0.213803251969,0.0802287432235,46.1991070489,69.9460411304,55.1652515773
179,2014-03-06,7.12,7.28,7.05,7.24,80800,7.17,121760.0,7.18333333333,6.922,7.6006,8.6654,7.15691274976,6.922,6.68708725024,-0.15080321836,-0.233860437775,0.0830572194154,53.4217416121,64.4175553733,43.8771879491
180,2014-03-05,7.0,7.12,7.0,7.1,63900,7.03,126356.0,7.21,6.91,7.6192,8.67833333333,7.09867962264,6.91,6.72132037736,-0.186890724546,-0.254624742629,0.0677340180836,46.6442916478,50.0,32.9692077166
181,2014-03-04,6.96,7.18,6.96,7.0,333400,6.94,126824.0,7.241,6.9165,7.6376,8.692,7.13716037252,6.9165,6.69583962748,-0.215978549175,-0.27155824715,0.0555796979754,40.9449107074,36.2974098057,25.835453284
182,2014-03-03,6.91,6.92,6.85,6.91,67900,6.85,122452.0,7.27533333333,6.936,7.6618,8.70613333333,7.23702491591,6.936,6.63497508409,-0.239781866441,-0.285453171644,0.0456713052034,35.1563283039,24.7937866173,23.5936117975
183,2014-02-28,6.86,6.95,6.8,6.91,94600,6.85,124932.0,7.31366666667,6.9675,7.681,8.72333333333,7.36684321078,6.9675,6.56815678922,-0.257512182421,-0.296870997945,0.0393588155241,35.1563283039,20.7856344434,26.3457316636
184,2014-02-27,6.77,6.88,6.75,6.84,69600,6.78,128524.0,7.352,7.015,7.7028,8.73993333333,7.57096762496,7.015,6.45903237504,-0.276396881255,-0.306710701826,0.0303138205712,30.5938702893,21.4649822695,32.5530145732
185,2014-02-26,6.82,6.89,6.75,6.77,117600,6.71,133694.0,7.39366666667,7.07,7.726,8.755,7.74970581872,7.07,6.39029418128,-0.28935303313,-0.314289156969,0.0249361238386,25.742231095,27.3300438596,37.8700871497
186,2014-02-25,6.88,6.91,6.8,6.82,146100,6.76,133854.0,7.43833333333,7.1325,7.76,8.77086666667,7.91280442777,7.1325,6.35219557223,-0.294553750133,-0.320523187928,0.0259694377956,26.9937613512,35.8022660819,39.9438634362
187,2014-02-24,6.89,7.21,6.88,6.91,256000,6.85,133556.0,7.479,7.1905,7.7938,8.78653333333,8.03875644707,7.1905,6.34224355293,-0.301998247105,-0.327015547377,0.0250173002722,29.3813214657,45.6147660819,38.013010093
188,2014-02-21,6.95,6.96,6.87,6.9,105600,6.84,130878.0,7.515,7.2475,7.8282,8.80153333333,8.16322648755,7.2475,6.33177351245,-0.316271066919,-0.333269872445,0.0169988055262,28.7309451497,42.7332725754,30.2970004999
189,2014-02-20,7.06,7.06,6.92,6.92,128900,6.86,130322.0,7.553,7.305,7.8666,8.81626666667,8.26935470653,7.305,6.34064529347,-0.328869886872,-0.337519573827,0.00864968695474,29.2309021605,35.6251490056,21.7256975836
190,2014-02-19,6.94,7.06,6.94,7.02,175700,6.96,128668.0,7.596,7.361,7.9088,8.82886666667,8.35891582811,7.361,6.36308417189,-0.342203364167,-0.339681995565,-0.00252136860113,31.8000936175,28.0788527093,14.0132102723
191,2014-02-18,6.92,6.95,6.83,6.93,159600,6.87,126052.0,7.63333333333,7.4115,7.9512,8.84446666667,8.43711737505,7.4115,6.38588262495,-0.364426044435,-0.339051653415,-0.0253743910195,26.3934393214,14.7507277093,7.55180465021
192,2014-02-14,6.88,6.93,6.78,6.88,102600,6.82,124150.0,7.683,7.4665,7.9946,8.86,8.50087469033,7.4665,6.43212530967,-0.378325886603,-0.33270805566,-0.0456178309429,23.2548192495,8.44806091044,4.59675124769
193,2014-02-13,6.77,6.87,6.74,6.86,175700,6.8,126036.0,7.733,7.5255,8.035,8.88046666667,8.5539254956,7.5255,6.4970745044,-0.385473308621,-0.321303597925,-0.0641697106959,22.0197764554,4.77519976037,3.28226723384
194,2014-02-12,6.73,6.85,6.73,6.79,136600,6.73,125130.0,7.78766666667,7.5855,8.0738,8.90106666667,8.59139214134,7.5855,6.57960785866,-0.386952770052,-0.305261170251,-0.0816915998012,17.7162097152,2.23323022073,2.85703113636
195,2014-02-11,6.86,6.89,6.74,6.75,148800,6.69,123784.0,7.84466666667,7.6505,8.1212,8.92033333333,8.6092799539,7.6505,6.6917200461,-0.376085424169,-0.2848382703,-0.0912471538684,15.2339731904,2.93051409924,3.65358999387
196,2014-02-10,6.98,7.1,6.81,6.83,203600,6.77,121516.0,7.90433333333,7.7185,8.1686,8.93973333333,8.60213510569,7.7185,6.83486489431,-0.352671678345,-0.262026481833,-0.0906451965113,16.1380939139,3.19012485503,4.21837422771
197,2014-02-07,7.05,7.11,6.99,7.0,123600,6.94,119124.0,7.96133333333,7.779,8.214,8.9588,8.57206746245,7.779,6.98593253755,-0.325802909262,-0.239365182705,-0.0864377265568,18.2786778762,3.07425537042,5.05207173141
198,2014-02-06,7.0,7.18,7.0,7.06,140200,6.99,118330.0,8.00766666667,7.8285,8.2562,8.9766,8.54032230929,7.8285,7.11667769071,-0.304078728953,-0.217755751066,-0.0863229778871,19.109377901,5.41946565079,6.17184489423
199,2014-02-05,7.22,7.23,6.98,7.0,202800,6.94,116766.0,8.053,7.8775,8.3008,8.99386666667,8.50032822672,7.8775,7.25467177328,-0.278036902756,-0.196175006594,-0.0818618961615,15.5453737173,5.18965103458,8.96271680274
200,2014-02-04,7.36,7.5,7.22,7.23,126800,7.16,113456.0,8.092,7.938,8.3438,9.01033333333,8.42930845708,7.938,7.44669154292,-0.234644798733,-0.175709532554,-0.0589352661791,18.4368422616,6.52491486985,12.8216608452
201,2014-02-03,7.5,7.65,7.3,7.39,362100,7.32,111552.0,8.11833333333,7.9835,8.381,9.026,8.35901431397,7.9835,7.60798568603,-0.199265861617,-0.160975716009,-0.0382901456078,20.9545354533,7.55334802169,20.0670270241
202,2014-01-31,7.78,7.81,7.5,7.54,112000,7.47,105124.0,8.14566666667,8.035,8.4172,9.04246666667,8.34814533367,8.035,7.72185466633,-0.167501969347,-0.151403179607,-0.0160987897399,23.7816606124,16.5829532849,30.0158112308
203,2014-01-30,7.97,8.01,7.84,7.86,56600,7.79,103860.0,8.15666666667,8.077,8.4502,9.0578,8.33352290346,8.077,7.82047709654,-0.139796027296,-0.147378482172,0.00758245487652,32.4559896052,20.6254272044,37.4455314422
204,2014-01-29,8.0,8.05,7.94,7.94,226300,7.87,103824.0,8.16133333333,8.109,8.4744,9.07073333333,8.40577600981,8.109,7.81222399019,-0.134981591771,-0.149274095891,0.01429250412,35.4583857848,35.5063795853,44.9441786284
205,2014-01-28,7.99,8.02,7.98,8.02,61400,7.95,100244.0,8.16333333333,8.137,8.4966,9.08313333333,8.46836686618,8.137,7.80563313382,-0.135018707276,-0.152847221921,0.0178285146451,38.7904492874,47.3484848485,46.0169600137
206,2014-01-27,8.01,8.04,7.93,7.98,81300,7.91,99690.0,8.17833333333,8.163,8.5124,9.09566666667,8.53292431658,8.163,7.79307568342,-0.141247626233,-0.157304350583,0.0160567243496,35.9980814807,46.3018341308,42.5442868535
207,2014-01-24,8.03,8.05,8.01,8.05,109200,7.91,100620.0,8.196,8.191,8.5302,9.10893333333,8.58525372541,8.191,7.79674627459,-0.143070753684,-0.16131853167,0.0182477779865,38.880368088,50.620015949,38.3389581909
208,2014-01-23,8.04,8.09,8.03,8.05,52600,7.91,100760.0,8.21533333333,8.208,8.5436,9.1194,8.60577380507,8.208,7.81022619493,-0.150443970849,-0.165880476167,0.015436505318,38.880368088,39.7975051265,32.5021360219
209,2014-01-22,8.03,8.05,8.0,8.04,67400,7.9,103442.0,8.241,8.2265,8.5634,9.132,8.62756233929,8.2265,7.82543766071,-0.157666601182,-0.169739602496,0.0120730013145,38.271566669,33.4577922078,29.9411525974
210,2014-01-21,8.05,8.1,8.0,8.03,123700,7.89,103080.0,8.274,8.233,8.5866,9.14513333333,8.62589184262,8.233,7.84010815738,-0.163573789699,-0.172757852825,0.0091840631263,37.695289887,29.4805194805,28.5799963925
211,2014-01-17,8.05,8.11,8.0,8.03,199900,7.89,101638.0,8.311,8.2325,8.6116,9.15753333333,8.62644796611,8.2325,7.83855203389,-0.167716073374,-0.175053868606,0.00733779523286,37.695289887,27.2727272727,27.3608856421
212,2014-01-16,8.09,8.12,8.01,8.06,83800,7.92,98450.0,8.34666666667,8.2415,8.6366,9.16973333333,8.62460703465,8.2415,7.85839296535,-0.170563627106,-0.176888317415,0.00632469030859,38.6281172932,29.5535714286,24.999049374
213,2014-01-15,8.07,8.12,8.03,8.06,85900,7.92,98146.0,8.37466666667,8.232,8.6612,9.1818,8.64117477928,8.232,7.82282522072,-0.174771761112,-0.178469489992,0.00369772887962,38.6281172932,28.0131673882,21.0934443747
214,2014-01-14,8.09,8.1,8.01,8.09,90500,7.95,101928.0,8.39933333333,8.229,8.6848,9.1936,8.6440132528,8.229,7.8139867472,-0.177600735627,-0.179393922212,0.00179318658426,39.4703177358,24.6040764791,17.4201626077
215,2014-01-13,8.04,8.15,8.03,8.11,99600,7.97,101744.0,8.435,8.2245,8.7134,9.2054,8.64732265786,8.2245,7.80167734214,-0.181682797854,-0.179842218858,-0.00184057899639,40.0103356614,17.8253822004,17.4187558406
216,2014-01-10,7.97,8.07,7.85,8.04,222600,7.9,100514.0,8.46866666667,8.2425,8.746,9.2172,8.67483667436,8.2425,7.81016332564,-0.1862866984,-0.179382074109,-0.00690462429152,37.218750577,13.9311514312,22.8634986338
217,2014-01-09,8.04,8.23,7.87,7.99,56600,7.85,97176.0,8.504,8.266,8.7812,9.2292,8.70282490771,8.266,7.82917509229,-0.182326052211,-0.177655918036,-0.00467013417552,35.219315766,13.32004032,32.9571165204
218,2014-01-08,8.27,8.29,8.01,8.04,76300,7.9,97346.0,8.54133333333,8.298,8.8198,9.2416,8.7429539302,8.298,7.8530460698,-0.169527903044,-0.176488384492,0.00696048144839,36.2925896698,24.5984494109,46.7698552268
219,2014-01-07,8.15,8.3,8.1,8.21,91100,8.06,97066.0,8.583,8.337,8.8572,9.2528,8.81978773804,8.337,7.85421226196,-0.155817859516,-0.178228504854,0.022410645338,40.1560344303,39.6043533732,59.0668448158
220,2014-01-06,8.62,8.62,8.13,8.14,101500,7.99,97350.0,8.61433333333,8.378,8.8918,9.26353333333,8.94296371565,8.378,7.81303628435,-0.153361507821,-0.183831166189,0.0304696583679,37.616885119,54.3056229773,69.0596317049
221,2014-01-03,8.38,8.53,8.26,8.42,56700,8.27,96694.0,8.646,8.428,8.9258,9.274,9.07141588417,8.428,7.78458411583,-0.14086832427,-0.191448580781,0.0505802565102,44.654171392,68.5709951456,74.6321867223
222,2014-01-02,8.5,8.52,8.31,8.38,66100,8.23,96812.0,8.672,8.462,8.9544,9.27993333333,9.16886915338,8.462,7.75513084662,-0.151382576186,-0.204093644908,0.0527110687224,43.2457319083,73.786407767,75.7431082871
223,2013-12-31,8.49,8.62,8.43,8.5,84800,8.35,96544.0,8.699,8.488,8.9834,9.2862,9.21874208856,8.488,7.75725791144,-0.15852792934,-0.217271412089,0.0587434827482,46.5453703871,79.5755009296,72.6733291383
224,2013-12-30,8.51,8.65,8.41,8.5,102400,8.35,95914.0,8.718,8.503,9.0104,9.29066666667,9.24631958134,8.503,7.75968041866,-0.177560319304,-0.231957282776,0.0543969634718,46.5453703871,76.595843047,63.9377016709
225,2013-12-27,8.65,8.75,8.48,8.54,68300,8.39,95992.0,8.73633333333,8.536,9.0368,9.29653333333,9.33255257203,8.536,7.73944742797,-0.199269874213,-0.245556523644,0.0462866494307,47.5889819949,73.014681405,53.9736960675
226,2013-12-26,8.4,8.66,8.4,8.54,70800,8.39,95258.0,8.74533333333,8.565,9.061,9.2992,9.40126550808,8.565,7.72873449192,-0.228153417036,-0.257128186001,0.0289747689658,47.5889819949,61.5072911717,41.5706172812
227,2013-12-24,8.42,8.42,8.38,8.39,21300,8.24,94878.0,8.75633333333,8.593,9.0858,9.30133333333,9.4609423944,8.593,7.7250576056,-0.261700725627,-0.264371878243,0.00267115261611,43.492303162,44.6329910597,29.9955054561
228,2013-12-23,8.23,8.48,8.11,8.42,96800,8.27,95810.0,8.76733333333,8.629,9.1144,9.30433333333,9.51970533848,8.629,7.73829466152,-0.285440007129,-0.265039666397,-0.0204003407317,44.1329483626,36.7398206337,21.455019202
229,2013-12-20,8.0,8.35,8.0,8.17,310600,8.02,95574.0,8.788,8.6725,9.1418,9.3066,9.60224996639,8.6725,7.74275003361,-0.314642653596,-0.259939581214,-0.0547030723823,36.945862554,23.4023662595,13.1779009717
230,2013-12-19,8.2,8.2,7.95,8.02,87300,7.88,92226.0,8.82233333333,8.7215,9.1762,9.31173333333,9.64341702447,8.7215,7.79958297553,-0.321884683763,-0.246263813118,-0.0756208706444,32.0775676939,15.2068438714,8.34154672776
231,2013-12-18,7.86,8.24,7.72,8.21,114800,8.06,91786.0,8.86433333333,8.775,9.213,9.3168,9.65091095438,8.775,7.89908904562,-0.311173461411,-0.227358595457,-0.0838148659542,35.2815377577,10.4710460435,7.02846332475
232,2013-12-17,7.98,8.31,7.75,7.87,191900,7.73,90804.0,8.9,8.8245,9.2438,9.31873333333,9.67872420944,8.8245,7.97027579056,-0.312321341808,-0.206404878969,-0.105916462839,22.4027856802,3.63134771233,9.82228717973
233,2013-12-16,8.0,8.1,7.99,8.0,274200,7.86,88240.0,8.94733333333,8.8905,9.2816,9.3214,9.63667625264,8.8905,8.14432374736,-0.274625416906,-0.179925763259,-0.0946996536471,24.1059206569,4.05694928378,17.8090363566
234,2013-12-13,8.46,8.47,7.99,8.0,328100,7.86,83286.0,8.98866666667,8.944,9.3186,9.32333333333,9.57103747894,8.944,8.31696252106,-0.23575352124,-0.156250849847,-0.0795026713926,24.1059206569,9.95451025939,29.5619522754
235,2013-12-12,8.51,8.65,8.43,8.47,125600,8.32,78626.0,9.03933333333,8.9965,9.3536,9.3244,9.45056056865,8.9965,8.54243943135,-0.182709705008,-0.136375181999,-0.0463345230087,31.5932398342,21.6463414634,42.5458856861
236,2013-12-11,8.65,8.77,8.5,8.51,131200,8.36,77696.0,9.08166666667,9.0135,9.383,9.32186666667,9.40913998787,9.0135,8.61786001213,-0.16020345658,-0.124791551247,-0.0354119053336,32.3882403826,35.5783444198,52.6014720374
237,2013-12-10,8.84,8.86,8.52,8.63,122100,8.48,77026.0,9.12466666667,9.0315,9.4064,9.31946666667,9.36112251137,9.0315,8.70187748863,-0.133219794674,-0.115938574913,-0.0172812197605,34.8297605983,51.0686129589,56.2542344173
238,2013-12-09,9.01,9.06,8.76,8.82,77800,8.66,76006.0,9.16766666667,9.036,9.431,9.31573333333,9.34541234623,9.036,8.72658765377,-0.109059269191,-0.111618269973,0.00255900078254,39.1711300154,61.8902439024,54.9003207159
239,2013-12-06,9.22,9.24,9.0,9.03,46200,8.87,75826.0,9.204,9.047,9.4492,9.3108,9.34012795841,9.047,8.75387204159,-0.0959807909312,-0.112258020169,0.0162772292377,44.9171852567,61.8686868687,49.9315137987
240,2013-12-05,9.09,9.2,8.94,9.14,44900,8.98,75962.0,9.23433333333,9.0555,9.462,9.30373333333,9.35593135655,9.0555,8.75506864345,-0.0992736308119,-0.116327327478,0.0170536966664,48.3682471872,50.1893939394,45.6868218587
241,2013-12-04,8.92,9.18,8.83,9.1,64500,8.94,77578.0,9.25766666667,9.0625,9.4718,9.29533333333,9.3766894333,9.0625,8.7483105667,-0.113232511811,-0.120590751645,0.00735823983339,46.9930802884,45.652958153,47.54219305
242,2013-12-03,8.76,8.98,8.43,8.9,196900,8.74,78282.0,9.28266666667,9.0715,9.4828,9.28693333333,9.39948018233,9.0715,8.74351981767,-0.125329374297,-0.122430311603,-0.0028990626941,39.5133999894,42.0150162338,52.5101634477
243,2013-12-02,9.24,9.25,8.7,8.8,130400,8.64,76172.0,9.31366666667,9.091,9.4954,9.27726666667,9.42223405622,9.091,8.75976594378,-0.118582760608,-0.12170554593,0.00312278532206,35.2728490961,44.8899191087,59.9551273379
244,2013-11-29,9.16,9.25,9.03,9.16,69300,9.0,76092.0,9.34866666667,9.113,9.5074,9.26973333333,9.42168106518,9.113,8.80431893482,-0.0980649698894,-0.12248624226,0.0244212723708,46.0696741537,57.6108787046,66.9925610968
245,2013-11-27,9.14,9.15,9.01,9.12,35400,8.96,76282.0,9.37066666667,9.131,9.5136,9.26026666667,9.48691572036,9.131,8.77508427964,-0.107104953811,-0.128591560353,0.0214866065422,44.3109482749,65.5248397436,71.5979711301
246,2013-11-26,9.09,9.18,8.96,9.1,84000,8.94,78446.0,9.39166666667,9.162,9.5132,9.2512,9.60582879582,9.162,8.71817120418,-0.113012643051,-0.133963211988,0.0209505689373,43.454805626,71.7948717949,73.6220235675
247,2013-11-25,9.25,9.25,9.06,9.11,83900,8.95,78446.0,9.41433333333,9.197,9.5178,9.242,9.71922983446,9.197,8.67477016554,-0.116872818874,-0.139200854223,0.0223280353491,43.767205209,73.0396541443,73.0424916653
248,2013-11-22,9.18,9.42,9.01,9.29,62000,9.12,78776.0,9.438,9.2375,9.5224,9.2318,9.8451141868,9.2375,8.6298858132,-0.121118020467,-0.14478286306,0.0236648425929,49.7445133035,76.0325188378,71.4072221729
249,2013-11-21,9.1,9.24,9.09,9.15,37300,8.99,79280.0,9.45466666667,9.2685,9.5236,9.2202,9.94322290609,9.2685,8.59377709391,-0.143101997476,-0.150699073708,0.00759707623226,44.2451793045,73.6210494931,65.5772248792
250,2013-11-20,9.18,9.18,9.05,9.09,31600,8.93,81970.0,9.47933333333,9.308,9.5284,9.20846666667,10.0403824138,9.308,8.57561758623,-0.154825517259,-0.152598342766,-0.00222717449228,41.7066379115,69.476744186,57.1654368169
251,2013-11-19,9.23,9.31,9.18,9.2,40700,9.04,89172.0,9.505,9.3455,9.5366,9.1972,10.1056703756,9.3455,8.58532962436,-0.161427893167,-0.152041549143,-0.00938634402321,45.2109450425,66.4985761747,46.2852031175
252,2013-11-18,9.12,9.32,9.1,9.19,48800,9.03,89452.0,9.52333333333,9.378,9.534,9.18433333333,10.1655938039,9.378,8.59040619606,-0.178706883606,-0.149694963138,-0.029011920469,44.8195595033,52.712529663,33.5709800083
253,2013-11-15,9.02,9.11,8.86,9.07,54800,8.91,89234.0,9.54233333333,9.41,9.5314,9.17146666667,10.2162257748,9.41,8.60377422517,-0.197143604007,-0.14244198302,-0.0547016209862,40.0473928398,39.9738972437,24.2690580008
254,2013-11-14,8.83,9.11,8.78,9.05,47300,8.89,89504.0,9.56833333333,9.449,9.527,9.16126666667,10.2611059044,9.449,8.63689409558,-0.20558983835,-0.128766577774,-0.076823260576,39.2340857802,25.9558093884,18.4547202568
255,2013-11-13,8.84,8.84,8.64,8.81,33700,8.65,89572.0,9.59166666667,9.4875,9.524,9.1502,10.2932760235,9.4875,8.68172397653,-0.211343543444,-0.10956076263,-0.101782780815,28.4128134944,15.6416837382,17.6397875175
256,2013-11-12,8.7,9.0,8.54,8.87,127800,8.71,90174.0,9.62933333333,9.5345,9.5254,9.142,10.2844459981,9.5345,8.78455400194,-0.191176911861,-0.084115067426,-0.107061844435,29.6380597479,15.5048416329,20.6372613198
257,2013-11-11,8.98,9.0,8.65,8.72,116200,8.56,89916.0,9.65633333333,9.58,9.5242,9.1344,10.2712886517,9.58,8.88871134828,-0.168765292467,-0.0573496063173,-0.11141568615,21.8107701298,16.7165462676,23.9321035432
258,2013-11-08,9.18,9.2,8.93,9.04,186700,8.88,89160.0,9.69433333333,9.635,9.5218,9.12873333333,10.2089163702,9.635,9.06108362979,-0.122432421277,-0.0294956847799,-0.0929367364975,27.9757082689,22.6960784314,25.2239597992
259,2013-11-07,9.33,9.4,9.12,9.2,49300,9.04,86042.0,9.71733333333,9.6725,9.519,9.11946666667,10.180195775,9.6725,9.16480422495,-0.094095812286,-0.00626150065554,-0.0878343116305,32.2016238388,27.6315789474,24.3807508281
260,2013-11-06,9.37,9.37,9.23,9.28,51600,9.11,85620.0,9.733,9.707,9.5086,9.11093333333,10.1736947611,9.707,9.24030523894,-0.072850237722,0.0156970772521,-0.088547314974,34.6303703065,28.6842105263,23.0400027604
261,2013-11-05,9.27,9.36,9.25,9.28,40500,9.11,85954.0,9.74466666667,9.736,9.4948,9.10186666667,10.1633827325,9.736,9.30861726755,-0.0528189736388,0.0378339059956,-0.0906528796344,34.6303703065,21.8839712919,25.3571494295
262,2013-11-04,9.24,9.36,9.23,9.29,68600,9.12,86608.0,9.757,9.7595,9.4818,9.09153333333,10.1321915615,9.7595,9.38680843852,-0.0264835205924,0.0604971259042,-0.0869806464966,34.9141929649,19.3232425469,34.4823104527
263,2013-11-01,9.5,9.52,9.0,9.24,275000,9.08,86300.0,9.765,9.783,9.474,9.07866666667,10.0873090534,9.783,9.47869094657,0.00649712704994,0.0822422875283,-0.0757451604784,32.339592409,22.2685866765,49.0457305852
264,2013-10-31,9.71,9.79,9.51,9.52,81300,9.35,81378.0,9.77033333333,9.8135,9.4696,9.06826666667,9.98903062411,9.8135,9.63796937589,0.0535888318291,0.101178577648,-0.0475897458189,40.7144026485,37.9527972028,63.7285839161
265,2013-10-30,9.78,9.88,9.72,9.74,38100,9.57,80456.0,9.76866666667,9.825,9.4584,9.05633333333,9.94272850122,9.825,9.70727149878,0.084406406557,0.113076014103,-0.0286696075457,50.1989075534,58.3846153846,72.7403846154
266,2013-10-29,9.91,9.91,9.69,9.8,55700,9.63,81550.0,9.74733333333,9.835,9.444,9.03966666667,9.95607848694,9.835,9.71392151306,0.100113108751,0.120243415989,-0.0201303072385,53.3460219038,77.5769230769,74.6442307692
267,2013-10-28,9.88,9.95,9.73,9.92,65100,9.74,81678.0,9.73166666667,9.829,9.43,9.02133333333,9.96711589336,9.829,9.69088410664,0.112595290696,0.125275992799,-0.0126807021027,60.3755224951,81.0,69.5
268,2013-10-25,9.95,9.95,9.89,9.91,62300,9.66,81458.0,9.71233333333,9.826,9.4148,9.0004,9.95857450735,9.826,9.69342549265,0.114671162332,0.128446168324,-0.013775005992,59.9673242604,74.0,63.0
269,2013-10-24,9.84,9.95,9.83,9.94,105300,9.69,82254.0,9.69366666667,9.817,9.4004,8.97933333333,9.94998120168,9.817,9.68401879832,0.116670967042,0.131889919822,-0.0152189527806,61.7390818913,66.0,56.8648648649
270,2013-10-23,9.84,9.85,9.8,9.84,68700,9.6,80880.0,9.67533333333,9.8035,9.387,8.95806666667,9.93859626198,9.8035,9.66840373802,0.11447186735,0.135694658018,-0.0212227906673,57.8879334695,57.0,52.3513513514
271,2013-10-22,9.89,9.9,9.71,9.85,62600,9.61,80906.0,9.664,9.793,9.3782,8.93713333333,9.94650570022,9.793,9.63949429978,0.12018178931,0.141000355684,-0.0208185663746,58.4340891624,55.0,49.8851351351
272,2013-10-21,9.83,9.9,9.8,9.83,52700,9.59,80544.0,9.638,9.783,9.366,8.91633333333,9.94610732663,9.783,9.61989267337,0.124703445493,0.146204997278,-0.0215015517845,57.6927993679,49.4594594595,48.2001689189
273,2013-10-18,9.88,9.9,9.76,9.85,53300,9.61,80710.0,9.61233333333,9.768,9.3532,8.896,9.96309997437,9.768,9.57290002563,0.130697218361,0.151580385224,-0.0208831668632,58.6642928156,47.9459459459,50.379222973
274,2013-10-17,9.72,9.86,9.7,9.82,106300,9.58,82096.0,9.579,9.7455,9.3436,8.87573333333,9.99405381711,9.7455,9.49694618289,0.134410038008,0.15680117694,-0.0223911389317,57.6715021252,47.1351351351,54.5293194981
275,2013-10-16,9.83,9.87,9.75,9.75,31600,9.51,81626.0,9.54833333333,9.728,9.3316,8.85586666667,10.0011739373,9.728,9.45482606274,0.140248436351,0.162398961673,-0.0221505253222,55.3478743224,48.2601351351,58.162202381
276,2013-10-15,9.82,9.85,9.75,9.78,51800,9.54,83638.0,9.51933333333,9.6955,9.3142,8.83646666667,10.0817369739,9.6955,9.30926302611,0.152787651161,0.167936593003,-0.0151489418426,56.5840094743,58.1756756757,61.6180019305
277,2013-10-14,9.74,9.84,9.74,9.82,67900,9.58,87636.0,9.487,9.673,9.291,8.81726666667,10.0882637716,9.673,9.2577362284,0.163515337683,0.171723828464,-0.00820849078058,58.1931384061,64.5463320463,62.468147477
278,2013-10-11,9.88,9.92,9.74,9.79,85000,9.55,87988.0,9.44633333333,9.649,9.2722,8.7976,10.0825850551,9.649,9.21541494491,0.170756634479,0.173775951159,-0.00301931668038,57.3484262066,61.6666666667,61.2295971848
279,2013-10-10,9.95,9.95,9.75,9.89,143200,9.64,89214.0,9.41666666667,9.627,9.2538,8.77813333333,10.0741733445,9.627,9.17982665554,0.180569974978,0.174530780329,0.00603919464861,61.1742401471,62.0833333333,63.9882334479
280,2013-10-09,9.75,9.94,9.75,9.86,65300,9.62,87522.0,9.37633333333,9.602,9.2396,8.7588,10.0434340268,9.602,9.16056597322,0.180287075397,0.173020981667,0.00726609372991,60.439039743,61.5762578616,68.0229113777
281,2013-10-08,9.75,9.87,9.73,9.75,65700,9.51,87230.0,9.334,9.584,9.2254,8.7388,10.0110081966,9.584,9.15699180336,0.180358180654,0.171204458235,0.00915372241887,57.7126832081,59.5921308775,73.6392520433
282,2013-10-07,9.84,9.95,9.72,9.76,63700,9.52,87854.0,9.29666666667,9.55,9.2128,8.7206,10.0243838109,9.55,9.07561618915,0.189025545099,0.16891602763,0.0201095174687,58.0503929744,72.7012117191,80.9396204867
283,2013-10-04,9.8,9.93,9.79,9.85,26500,9.61,88296.0,9.268,9.515,9.2074,8.70193333333,10.0242543569,9.515,9.00574564312,0.196320609607,0.163888648263,0.0324319613445,61.035158767,78.2220450525,83.545567557
284,2013-10-03,9.98,9.98,9.61,9.75,95100,9.51,89072.0,9.24033333333,9.465,9.1984,8.68453333333,10.0265514224,9.465,8.9034485776,0.193612555804,0.155780657927,0.0378318978772,58.8523115213,84.0416205242,84.3806812938
285,2013-10-02,9.65,9.96,9.61,9.94,79100,9.69,88448.0,9.214,9.4225,9.1854,8.66746666667,10.0189184772,9.4225,8.82608152275,0.197521729956,0.146322683457,0.0511990464985,65.3070626544,88.7936046512,82.999473924
286,2013-10-01,9.79,9.84,9.65,9.68,97700,9.44,88222.0,9.18333333333,9.3695,9.1696,8.64853333333,9.96092116973,9.3695,8.77807883027,0.180292759801,0.133522921833,0.0467698379686,59.6891798483,83.125,80.1155698182
287,2013-09-30,9.69,9.87,9.58,9.86,71100,9.62,87666.0,9.164,9.326,9.1594,8.63146666667,9.94691545318,9.326,8.70508454682,0.182152615934,0.121830462341,0.0603221535938,66.6247410997,81.5625,78.078963934
288,2013-09-27,9.67,9.75,9.61,9.73,68800,9.49,88664.0,9.14066666667,9.263,9.1454,8.61313333333,9.90956322197,9.263,8.61643677803,0.163549703349,0.106749923942,0.0567997794066,63.8042147121,78.5167910448,76.9190941609
289,2013-09-26,9.67,9.7,9.56,9.67,53000,9.43,90048.0,9.12266666667,9.2215,9.133,8.595,9.84910736133,9.2215,8.59389263867,0.150663081054,0.0925499790905,0.0581131019639,62.4439980467,77.2579882279,73.6354563906
290,2013-09-25,9.69,9.87,9.63,9.63,125700,9.39,98678.0,9.10933333333,9.172,9.1158,8.5776,9.80643202946,9.172,8.53756797054,0.138132692874,0.0780217035995,0.0601109892747,61.5495068726,74.9785764632,69.8022427561
291,2013-09-24,9.55,9.74,9.5,9.65,99700,9.41,103188.0,9.10166666667,9.12,9.1104,8.5602,9.76612692252,9.12,8.47387307748,0.124202885519,0.0629939562809,0.061208929238,62.2377404305,76.9230209076,66.4616390444
292,2013-09-23,9.46,9.6,9.45,9.53,91400,9.29,118774.0,9.088,9.069,9.1026,8.54253333333,9.7005979734,9.069,8.4374020266,0.102580434887,0.0476917239714,0.0548887109154,59.7289105552,65.3822399638,62.1432821369
293,2013-09-20,9.51,9.58,9.35,9.4,126400,9.17,122228.0,9.07666666667,9.0375,9.111,8.52526666667,9.63596052501,9.0375,8.43903947499,0.0857084279363,0.0339695462425,0.0517388816937,56.8447153686,61.9251336898,62.7755759048
294,2013-09-19,9.14,9.5,9.1,9.47,78800,9.24,127064.0,9.07566666667,9.0185,9.122,8.50933333333,9.59338346645,9.0185,8.44361653355,0.0761633073858,0.0210348258191,0.0551284815667,58.9559117534,61.6161616162,65.5872122236
295,2013-09-18,9.34,9.43,9.07,9.1,143600,8.87,126876.0,9.06733333333,8.993,9.1262,8.49413333333,9.5294736713,8.993,8.4565263287,0.0557451599575,0.0072527054274,0.0484924545301,49.8061948134,59.6495932779,69.602354187
296,2013-09-17,9.35,9.49,9.32,9.33,84000,9.1,125116.0,9.06,8.989,9.1374,8.48206666667,9.52341182622,8.989,8.45458817378,0.0665460676407,-0.00487040820514,0.0714164758458,57.1615270997,67.9114150353,75.9896692085
297,2013-09-16,9.46,9.5,9.32,9.34,100400,9.11,125602.0,9.03633333333,8.9775,9.1446,8.468,9.4915768425,8.9775,8.4634231575,0.0559458288269,-0.0227245271666,0.0786703559935,57.5043796129,73.1716789649,80.1851065403
298,2013-09-13,9.44,9.51,9.3,9.35,87200,9.12,124654.0,9.021,8.9685,9.1512,8.45393333333,9.46279849282,8.9685,8.47420150718,0.0405841301398,-0.042392116165,0.0829762463048,57.8264459488,77.67672947,82.1000622569
299,2013-09-12,9.55,9.59,9.38,9.39,171800,9.16,123780.0,9.005,8.9605,9.1572,8.44113333333,9.43460863734,8.9605,8.48639136266,0.0193685201045,-0.0631361777411,0.0825046978457,59.0549483566,85.1988533638,81.6170162169
300,2013-09-11,9.49,9.69,9.34,9.5,391700,9.26,122728.0,8.998,8.9545,9.1588,8.42626666667,9.40936151739,8.9545,8.49963848261,-0.0120647642694,-0.0837623522026,0.0716975879332,62.4424330232,84.6931643625,75.9255171255
301,2013-09-10,9.1,9.2,8.98,9.07,54700,8.85,116950.0,8.98633333333,8.9495,9.1604,8.4126,9.38191068442,8.9495,8.51708931558,-0.0632095779354,-0.101686749186,0.0384771712505,52.5659495252,80.8315018315,66.9990957465
302,2013-09-09,8.89,9.06,8.84,9.06,37900,8.84,123326.0,8.988,8.958,9.1762,8.40373333333,9.40595535492,8.958,8.51004464508,-0.0837877280628,-0.111306041998,0.0275183139357,52.2950456374,75.7445453098,58.0199904529
303,2013-09-06,8.94,8.96,8.7,8.85,68300,8.63,123860.0,9.00233333333,8.9645,9.1918,8.3944,9.42186090782,8.9645,8.50713909218,-0.107816018181,-0.118185620482,0.0103696023016,46.3164239101,62.4328569981,48.0699956039
304,2013-09-05,8.86,8.97,8.78,8.9,50700,8.68,124336.0,9.02066666667,8.9905,9.2108,8.3862,9.47705832127,8.9905,8.50394167873,-0.115534802758,-0.120778021058,0.00524321829983,47.6363264995,48.9874788468,39.2126580977
305,2013-09-04,8.83,8.9,8.78,8.88,63800,8.66,126040.0,9.02733333333,9.0065,9.2288,8.37793333333,9.50108164139,9.0065,8.51191835861,-0.128797181578,-0.122088825633,-0.00670835594535,47.0761386409,44.9150806568,32.7439322861
306,2013-09-03,8.7,8.9,8.7,8.81,114900,8.59,127430.0,9.03633333333,9.0065,9.2492,8.3704,9.50108164139,9.0065,8.51191835861,-0.141815022449,-0.120411736646,-0.0214032858028,45.1697694147,35.9445659141,24.6511491593
307,2013-08-30,8.87,8.9,8.56,8.6,78400,8.39,128924.0,9.04833333333,8.997,9.2724,8.365,9.51314339093,8.997,8.48085660907,-0.149240484471,-0.115060915196,-0.0341795692752,39.0542164478,27.0035069731,18.2680988527
308,2013-08-29,8.68,8.9,8.68,8.9,30800,8.68,131296.0,9.067,9.011,9.2928,8.35933333333,9.49765799079,9.011,8.52434200921,-0.135165485314,-0.106516022877,-0.0286494624367,45.8359216027,23.1125756005,13.993201587
309,2013-08-28,8.59,8.84,8.45,8.68,28200,8.46,133448.0,9.074,9.0095,9.3136,8.3506,9.4976997542,9.0095,8.5213002458,-0.14578007933,-0.0993536572677,-0.0464264220623,38.5723235,12.5439481496,12.5670016707
310,2013-08-27,8.58,8.82,8.49,8.59,68300,8.38,135752.0,9.07833333333,9.0345,9.3402,8.34346666667,9.50347654526,9.0345,8.56552345474,-0.13480772363,-0.0877470517522,-0.0470606718777,35.2751112365,10.4123646876,16.3379414349
311,2013-08-26,8.9,8.91,8.61,8.63,73200,8.42,137096.0,9.104,9.0625,9.3662,8.33666666667,9.48671103239,9.0625,8.63828896761,-0.109678531829,-0.0759818837828,-0.033696648046,36.074232556,9.90391791045,23.7546575442
312,2013-08-23,9.01,9.01,8.82,8.9,53200,8.68,136500.0,9.125,9.087,9.3908,8.32973333333,9.46223859077,9.087,8.71176140923,-0.0800819483761,-0.0675577217712,-0.0125242266049,42.0441606719,17.4077759351,35.118705115
313,2013-08-22,8.95,9.1,8.9,9.02,28900,8.8,136430.0,9.16,9.1165,9.4102,8.32106666667,9.51999845105,9.1165,8.71300154895,-0.0686320262475,-0.06442666512,-0.00420536112744,45.1261648661,27.6277072066,47.3742373874
314,2013-08-21,8.98,9.14,8.93,8.96,35200,8.74,137132.0,9.191,9.1355,9.4264,8.31106666667,9.55452147916,9.1355,8.71647852084,-0.0652376598033,-0.0633753248382,-0.00186233496511,43.1927888437,40.0792291246,59.2665231842
315,2013-08-20,9.09,9.22,8.9,9.02,92800,8.8,138410.0,9.215,9.1425,9.4444,8.30186666667,9.55417341425,9.1425,8.73082658575,-0.053847211581,-0.0629097410969,0.00906252951589,44.6536999145,55.3601081938,68.7506198268
316,2013-08-19,9.11,9.3,9.1,9.1,62100,8.87,137718.0,9.23633333333,9.149,9.4616,8.2924,9.55681858712,9.149,8.74118141288,-0.0446347164088,-0.0651753734759,0.020540657067,46.6053519047,66.4299050248,74.7089451902
317,2013-08-16,9.13,9.27,9.13,9.16,54100,8.93,139304.0,9.256,9.1525,9.4764,8.28306666667,9.55977754664,9.1525,8.74522245336,-0.0403724448777,-0.0703105377426,0.0299380928649,48.0684784323,75.1968503937,78.2704300678
318,2013-08-15,9.2,9.32,9.14,9.19,102100,8.96,140540.0,9.273,9.1525,9.4902,8.27193333333,9.55977754664,9.1525,8.74522245336,-0.0404540918343,-0.0777950609588,0.0373409691245,48.7794767137,78.0156156951,78.6498696995
319,2013-08-14,9.36,9.4,9.26,9.27,36600,9.04,139888.0,9.28833333333,9.1485,9.5008,8.25953333333,9.55579718879,9.1485,8.74120281121,-0.0430244253413,-0.08713030324,0.0441058778987,50.6340096234,79.1934096473,76.1761047544
320,2013-08-13,9.27,9.57,9.27,9.4,70000,9.17,143246.0,9.295,9.1255,9.5118,8.24593333333,9.55414787413,9.1255,8.69685212587,-0.0538247502853,-0.0981567727146,0.0443320224294,53.7155368553,80.6758445353,70.2719831118
321,2013-08-12,9.18,9.24,9.1,9.24,44500,9.01,146460.0,9.301,9.1235,9.518,8.23253333333,9.54735256871,9.1235,8.69964743129,-0.0800633504823,-0.109239778322,0.0291764278397,50.2556713988,76.7146089205,59.6152171
322,2013-08-09,9.3,9.47,9.1,9.19,61000,8.96,147716.0,9.32166666667,9.1245,9.5194,8.22046666667,9.54953999812,9.1245,8.69946000188,-0.0960978787268,-0.116533885282,0.0204360065551,49.1527182646,68.1205559147,46.2116586785
323,2013-08-08,9.25,9.49,9.22,9.37,122600,9.14,148692.0,9.34333333333,9.1625,9.522,8.2084,9.71955924281,9.1625,8.60544075719,-0.110075071087,-0.121642886921,0.0115678158342,53.087528673,55.5769230769,35.4687137677
324,2013-08-07,8.89,9.25,8.76,9.22,82800,8.99,148786.0,9.35766666667,9.1915,9.518,8.19353333333,9.84140076166,9.1915,8.54159923834,-0.144641231937,-0.124534840879,-0.0201063910579,49.9896056605,38.0487804878,30.4743349309
325,2013-08-06,8.6,9.17,8.6,8.88,132200,8.66,150666.0,9.377,9.2145,9.5212,8.18086666667,9.89847295268,9.2145,8.53052704732,-0.171383622958,-0.119508243115,-0.0518753798434,41.9165555917,23.1003752345,33.1109906493
326,2013-08-05,8.81,8.81,8.3,8.62,251700,8.41,149608.0,9.411,9.2535,9.5224,8.16953333333,9.94563510242,9.2535,8.56136489758,-0.168405603891,-0.106539398154,-0.0618662057373,34.3966354663,25.1487762717,43.2168755196
327,2013-08-02,8.86,9.14,8.86,8.88,85500,8.66,146700.0,9.456,9.307,9.5272,8.15873333333,9.95926068408,9.307,8.65473931592,-0.135682305316,-0.0910728467196,-0.0446094585967,39.0968533058,35.5994077298,53.3202587606
328,2013-08-01,9.15,9.15,8.78,8.87,146300,8.65,146924.0,9.48066666667,9.3465,9.5264,8.14573333333,9.98610222013,9.3465,8.70689777987,-0.118414643422,-0.0799204820704,-0.0384941613512,38.7981717622,48.5954033614,59.4673513651
329,2013-07-31,9.15,9.24,9.1,9.18,58600,8.95,150302.0,9.51633333333,9.3855,9.5242,8.1324,9.99870388127,9.3855,8.77229611873,-0.0936342510626,-0.0702969417326,-0.02333730933,45.1756686419,63.5239147155,61.3288499623
330,2013-07-30,9.13,9.32,9.11,9.15,50700,8.92,150664.0,9.544,9.4,9.5194,8.11653333333,10.0067618973,9.4,8.79323810271,-0.0922071429816,-0.0644626144001,-0.0277445285815,44.3537097699,65.5623092357,58.081561123
331,2013-07-29,9.45,9.48,9.1,9.12,96900,8.89,153184.0,9.56866666667,9.4215,9.512,8.101,10.021742451,9.4215,8.82125754899,-0.0859898938604,-0.0575264822547,-0.0284634116057,43.5680819166,60.1877781478,53.5225346162
332,2013-07-26,9.31,9.6,9.14,9.49,85800,9.19,152980.0,9.59333333333,9.4585,9.4996,8.08693333333,10.0709467324,9.4585,8.84605326762,-0.0737491156168,-0.0504106293533,-0.0233384862635,51.9711704566,56.0413977503,50.3405633413
333,2013-07-25,9.07,9.4,9.07,9.4,65300,9.1,152804.0,9.606,9.476,9.4752,8.07106666667,10.1106463582,9.476,8.84135364178,-0.0947254442496,-0.0445760077874,-0.0501494364622,49.7835466682,50.5347593583,47.0588235294
334,2013-07-24,9.16,9.16,9.06,9.1,63900,8.81,153528.0,9.62033333333,9.496,9.453,8.05653333333,10.1448574574,9.496,8.84714254262,-0.110957406334,-0.0320386486719,-0.0789187576618,41.5420016156,47.3262032086,44.0654244652
335,2013-07-23,9.22,9.28,9.1,9.15,67800,8.86,153206.0,9.64566666667,9.531,9.4342,8.04333333333,10.1660086614,9.531,8.89599133864,-0.0995159120288,-0.0123089592564,-0.0872069527724,42.6246501555,47.4598930481,40.2612323338
336,2013-07-22,9.1,9.26,8.99,9.17,69900,8.88,153448.0,9.67,9.5685,9.413,8.02886666667,10.1976351206,9.5685,8.93936487938,-0.0885558096684,0.00949277893665,-0.0980485886051,43.0412898672,42.9144385027,38.4438197628
337,2013-07-19,9.11,9.38,8.96,9.16,121000,8.87,154804.0,9.69233333333,9.6085,9.3926,8.01433333333,10.2329125239,9.6085,8.9840874761,-0.0753150126969,0.0340049260879,-0.109319938785,42.7816205062,38.5611631016,41.8904446248
338,2013-07-18,8.8,9.19,8.71,9.11,138000,8.82,154236.0,9.71533333333,9.6315,9.3708,8.0006,10.2210515245,9.6315,9.04194847553,-0.056301268014,0.0613349107841,-0.117636178798,41.5443275363,32.109434683,47.9338017987
339,2013-07-17,9.39,9.39,8.26,8.81,484500,8.53,155520.0,9.73566666667,9.673,9.3502,7.98733333333,10.2255613088,9.673,9.12043869118,-0.026122979084,0.0907439554837,-0.116866934568,33.5370858315,40.1902427638,57.0283351248
340,2013-07-16,9.2,9.55,9.02,9.36,351200,9.06,149360.0,9.76933333333,9.733,9.3334,7.97486666667,10.1388127647,9.733,9.32718723529,0.0433209166643,0.119960689126,-0.0766397724613,43.7359434255,56.7009379509,62.324888653
341,2013-07-15,9.95,10.0,9.01,9.26,879000,8.96,144888.0,9.781,9.7595,9.3038,7.95793333333,10.1322988734,9.7595,9.38670112661,0.0753264575406,0.139120632241,-0.0637941747003,40.6908506589,62.7345917971,60.4445259602
342,2013-07-12,9.9,10.13,9.85,9.95,264100,9.63,133528.0,9.78266666667,9.7895,9.2754,7.94153333333,10.0853022988,9.7895,9.49369770116,0.125263326695,0.155069175916,-0.0298058492211,62.2911860098,68.4875679876,56.3902639758
343,2013-07-11,9.77,9.98,9.69,9.95,368200,9.63,130260.0,9.76166666667,9.7855,9.2254,7.9214,10.0746003286,9.7855,9.49639967139,0.116924373118,0.162520638221,-0.0455962651032,62.2911860098,61.3764568765,49.1755357216
344,2013-07-10,9.63,9.7,9.53,9.68,69400,9.37,125572.0,9.73566666667,9.7795,9.1798,7.90306666667,10.0595339265,9.7795,9.49946607348,0.104580117853,0.173919704497,-0.0693395866443,54.0637486866,49.1794871795,42.5302519118
345,2013-07-09,9.75,9.76,9.56,9.66,55600,9.35,125056.0,9.72566666667,9.7885,9.141,7.88506666667,10.0667283235,9.7885,9.5102716765,0.114794103055,0.191254601158,-0.0764604981036,53.3638651024,46.5175438596,39.8369883041
346,2013-07-08,9.62,9.71,9.48,9.69,108300,9.38,125104.0,9.70166666667,9.7995,9.103,7.86866666667,10.0739066326,9.7995,9.52509336743,0.128197493577,0.210369725684,-0.0821722321073,54.5208820083,39.6286549708,38.6937134503
347,2013-07-05,9.81,9.81,9.53,9.67,53000,9.36,123882.0,9.674,9.807,9.0636,7.8514,10.077192524,9.807,9.53680747605,0.140385857573,0.230912783711,-0.0905269261379,53.902157839,34.7953216374,41.5643274854
348,2013-07-03,9.47,9.65,9.32,9.65,43500,9.34,123792.0,9.64633333333,9.816,9.0218,7.8344,10.0792413341,9.816,9.55275866586,0.155937029691,0.253544515245,-0.0976074855545,53.3123612258,38.4064327485,47.1710526316
349,2013-07-02,9.54,9.65,9.41,9.47,119200,9.17,123802.0,9.61666666667,9.8195,8.9798,7.81986666667,10.0755839706,9.8195,9.5634160294,0.175554168944,0.277946386634,-0.10239221769,47.7225967279,41.9444444444,52.1527777778
350,2013-07-01,9.87,9.97,9.5,9.58,102800,9.27,122442.0,9.599,9.837,8.9382,7.80366666667,10.0368099097,9.837,9.63719009034,0.216366529679,0.303544441056,-0.0871779113779,51.2012200762,51.1111111111,57.1527777778
351,2013-06-28,9.84,9.94,9.75,9.86,373500,9.54,122566.0,9.57233333333,9.8435,8.8946,7.78746666667,10.0160427483,9.8435,9.67095725167,0.254110793312,0.325338918901,-0.071228125589,61.8590044593,57.2222222222,58.6111111111
352,2013-06-27,9.85,9.85,9.72,9.84,64600,9.53,116024.0,9.527,9.816,8.8428,7.76946666667,10.1051643132,9.816,9.52683568685,0.270080950992,0.343145950298,-0.073064999306,61.3250506933,58.3333333333,57.798463357
353,2013-06-26,9.82,9.9,9.73,9.8,92100,9.49,117450.0,9.47466666667,9.79,8.7912,7.75093333333,10.1505551275,9.79,9.42944487245,0.288572592962,0.361412200125,-0.0728396071624,60.2926998903,61.9444444444,58.8608156028
354,2013-06-25,9.98,10.07,9.76,9.8,135900,9.49,117294.0,9.42433333333,9.7585,8.746,7.7296,10.2089342349,9.7585,9.30806576507,0.312049960088,0.379622101915,-0.0675721418269,60.2926998903,56.9444444444,59.0913120567
355,2013-06-24,9.92,9.93,9.72,9.9,133300,9.58,117604.0,9.36966666667,9.7375,8.6978,7.7066,10.2164937369,9.7375,9.25850626309,0.337476709255,0.396515137372,-0.0590384281168,63.9737344242,53.9716312057,63.3847841575
356,2013-06-21,9.62,10.01,9.6,9.97,189600,9.65,115888.0,9.30933333333,9.6895,8.6514,7.68413333333,10.2744264911,9.6895,9.10457350889,0.354839916966,0.411274744401,-0.0564348274348,66.6173979673,62.5827423168,70.9576682324
357,2013-06-20,9.92,9.92,9.31,9.62,197000,9.31,113146.0,9.24866666667,9.634,8.6066,7.6622,10.3060833282,9.634,8.96191667183,0.364713103289,0.42538345126,-0.0606703479708,58.691934761,62.86643026,75.0542451178
358,2013-06-19,10.15,10.21,9.9,9.94,138400,9.62,110574.0,9.197,9.595,8.5716,7.64113333333,10.3510820061,9.595,8.83891799387,0.407646325057,0.440551038253,-0.0329047131959,73.5081471806,74.1183328476,79.645424918
359,2013-06-18,9.93,10.01,9.91,10.01,143400,9.69,109542.0,9.135,9.536,8.5258,7.62006666667,10.3565949062,9.536,8.71540509385,0.423933508839,0.448777216552,-0.0248437077122,77.4811435667,84.2631675053,81.878794014
360,2013-06-17,9.93,9.96,9.87,9.89,135500,9.57,108692.0,9.067,9.4825,8.484,7.59933333333,10.311978752,9.4825,8.65302124801,0.431428299648,0.45498814348,-0.0235598438317,75.3613256742,78.9690498583,81.8312991326
361,2013-06-14,9.89,9.93,9.82,9.86,43400,9.54,108874.0,9.0,9.427,8.4446,7.5792,10.2879320531,9.427,8.56606794693,0.446937239194,0.460878104437,-0.0139408652434,74.810872123,81.2311494608,83.9017625456
362,2013-06-13,9.8,9.9,9.75,9.87,49700,9.55,110116.0,8.93266666667,9.359,8.402,7.55933333333,10.2847839921,9.359,8.43321600792,0.463285925827,0.464363320748,-0.00107739492173,75.3317977637,83.0518092316,85.4779261292
363,2013-06-12,9.88,9.92,9.78,9.83,64000,9.52,111820.0,8.852,9.279,8.3518,7.5416,10.2871845069,9.279,8.27081549308,0.476395908753,0.464632669479,0.011763239274,74.6768540425,84.0731879796,86.8372103828
364,2013-06-11,9.87,9.9,9.81,9.86,99100,9.54,114000.0,8.78,9.202,8.3088,7.52346666667,10.2638964168,9.202,8.14010358321,0.490272346469,0.46169185966,0.0285804868092,76.0836608587,87.2509035103,88.6677677947
365,2013-06-10,9.9,9.92,9.8,9.88,58200,9.56,120384.0,8.70933333333,9.117,8.2662,7.50213333333,10.2257308059,9.117,8.00826919408,0.497797947388,0.454546737958,0.0432512094304,76.9814170497,87.5358037952,89.9159678674
366,2013-06-07,9.91,9.96,9.83,9.84,141400,9.53,123772.0,8.63866666667,9.0275,8.2134,7.4828,10.1640540022,9.0275,7.89094599776,0.49812628969,0.4437339356,0.0543923540896,76.4656974313,88.4889462462,91.7801984475
367,2013-06-06,9.78,9.86,9.74,9.85,115900,9.53,125322.0,8.568,8.943,8.1576,7.46386666667,10.0766507399,8.943,7.80934926013,0.495372627832,0.430135847078,0.0652367807543,76.865478041,91.395417627,93.0458524783
368,2013-06-05,9.77,9.79,9.67,9.72,69500,9.41,123604.0,8.49233333333,8.854,8.0962,7.44653333333,9.9681705435,8.854,7.7398294565,0.483634352111,0.413826651889,0.0698077002214,75.3070501378,92.2437038013,93.657142999
369,2013-06-04,9.76,10.01,9.54,9.82,204500,9.51,124246.0,8.42,8.772,8.0368,7.42853333333,9.86025732251,8.772,7.68374267749,0.474853725977,0.396374726834,0.0784789991434,79.113763667,94.9927261156,93.718629057
370,2013-06-03,9.31,9.73,9.28,9.71,230700,9.4,120910.0,8.339,8.6795,7.9754,7.40973333333,9.70860592263,8.6795,7.65039407737,0.446557672608,0.376754977048,0.0698026955593,77.9766443053,93.5515623691,92.7135570001
371,2013-05-31,9.23,9.37,9.18,9.31,107300,9.01,117212.0,8.262,8.588,7.9152,7.3948,9.55806391542,8.588,7.61793608458,0.415146234705,0.359304303158,0.0558419315464,73.0160457688,93.8405797101,92.3561460223
372,2013-05-30,9.17,9.35,9.16,9.32,109800,9.02,117320.0,8.194,8.5145,7.8636,7.38466666667,9.4773390312,8.5145,7.5516609688,0.40974259964,0.345343820272,0.0643987793687,73.3998422952,92.4896480331,90.8202860189
373,2013-05-29,9.31,9.38,9.1,9.17,127300,8.88,116964.0,8.12533333333,8.421,7.8128,7.37353333333,9.41546266898,8.421,7.42653733102,0.395867522164,0.32924412543,0.0666233967341,71.298515149,90.9724378882,90.1663013705
374,2013-05-28,9.07,9.38,9.03,9.38,176800,9.08,115750.0,8.071,8.346,7.7656,7.3654,9.32939005486,8.346,7.36260994514,0.387672532044,0.312588276246,0.0750842557975,79.4585800244,92.1219184576,90.1713737963
375,2013-05-24,8.9,9.05,8.68,8.94,79300,8.65,114184.0,8.00466666667,8.264,7.7148,7.3562,9.15830196243,8.264,7.36969803757,0.350192053279,0.293817212297,0.056374840982,73.5743872752,87.6971396966,90.5527928939
376,2013-05-23,8.71,8.93,8.12,8.86,106300,8.58,114038.0,7.95933333333,8.205,7.6728,7.34993333333,9.0682844259,8.205,7.3417155741,0.342059630517,0.279723502051,0.0623361284654,72.2314287818,89.8737094395,92.5389624831
377,2013-05-22,8.83,8.92,8.78,8.84,96700,8.56,112706.0,7.92166666667,8.148,7.6336,7.3442,8.9807688755,8.148,7.3152311245,0.334849743565,0.264139469935,0.0707102736307,71.8999158533,90.9927275913,93.8760918642
378,2013-05-21,8.67,8.81,8.0,8.76,315200,8.48,113150.0,7.88933333333,8.085,7.5942,7.3392,8.88897761163,8.085,7.28102238837,0.322813127951,0.246461901527,0.0763512264234,70.5960656853,93.647594848,94.7438564002
379,2013-05-20,8.8,8.96,8.78,8.94,76700,8.65,108032.0,7.85233333333,8.0245,7.5564,7.33593333333,8.79771342461,8.0245,7.25128657539,0.310900020341,0.227374094921,0.0835259254196,78.1745680772,95.6418180535,94.0312374554
380,2013-05-17,8.63,8.84,8.45,8.78,176700,8.5,107758.0,7.81833333333,7.947,7.5174,7.33046666667,8.64465607573,7.947,7.24934392427,0.272845108151,0.206492613566,0.0663524945842,76.0526792885,95.2222269641,93.3396734291
381,2013-05-16,8.22,8.5,8.2,8.5,86700,8.23,105880.0,7.78966666667,7.878,7.479,7.32453333333,8.50149338409,7.878,7.25450661591,0.236595455018,0.18990448992,0.0466909650979,71.5595415878,94.4637857353,92.2542387022
382,2013-05-15,8.34,8.34,8.13,8.27,77000,8.01,107730.0,7.764,7.8165,7.4494,7.3208,8.42491679793,7.8165,7.20808320207,0.215395418402,0.178231748646,0.0371636697559,66.8095727252,90.7971190687,91.54617739
383,2013-05-14,8.18,8.32,8.17,8.29,101500,8.02,110658.0,7.73366666667,7.766,7.4232,7.31846666667,8.3830704984,7.766,7.1489295016,0.208621620125,0.168940831207,0.0396807889185,67.7228589997,92.8755619482,91.8191766839
384,2013-05-13,8.1,8.23,8.1,8.16,47800,7.9,109502.0,7.71333333333,7.7285,7.4022,7.31573333333,8.30334867574,7.7285,7.15365132426,0.194904930396,0.159020633977,0.035884296419,64.8202418322,90.8804880565,90.6990549654
385,2013-05-10,8.16,8.2,8.01,8.09,79900,7.83,111190.0,7.699,7.69,7.3828,7.31186666667,8.24695601263,7.69,7.13304398737,0.187798829245,0.150049559873,0.0377492693729,63.1639464137,91.6315404867,89.5099361521
386,2013-05-09,8.08,8.16,7.83,8.15,137700,7.89,111794.0,7.67066666667,7.6645,7.363,7.30586666667,8.19177507053,7.6645,7.13722492947,0.183124513533,0.140612242529,0.0425122710036,65.6230092103,91.8891162443,84.8603552262
387,2013-05-08,8.11,8.15,8.0,8.07,92600,7.81,110018.0,7.634,7.6435,7.3424,7.29893333333,8.12305291679,7.6435,7.16394708321,0.168385666736,0.129984174778,0.0384014919573,63.8820966961,88.3950750742,79.7486530882
388,2013-05-07,7.98,8.12,7.97,8.08,202200,7.82,109124.0,7.591,7.6335,7.3232,7.2928,8.08455542897,7.6335,7.18244457103,0.155269747126,0.120383801789,0.0348859453365,64.2598201259,86.1240128031,75.8950766274
389,2013-05-06,7.92,8.06,7.9,7.97,176500,7.72,106762.0,7.54666666667,7.612,7.3018,7.2876,8.01422381829,7.612,7.20977618171,0.135252413411,0.111662315455,0.0235900979557,61.9625382114,73.0332167832,73.5067016317
390,2013-05-03,7.95,7.99,7.8,7.88,127600,7.63,104744.0,7.506,7.6095,7.2836,7.28073333333,8.00332610376,7.6095,7.21567389624,0.118935708728,0.105764790966,0.0131709177623,60.0096475325,71.4423076923,77.5328267163
391,2013-05-02,7.68,8.0,7.62,7.84,311000,7.59,104068.0,7.46666666667,7.6115,7.2664,7.27453333333,8.01116360855,7.6115,7.21183639145,0.105543322625,0.102472061525,0.00307126109974,59.1439715893,72.9807692308,80.3160540736
392,2013-05-01,7.62,7.68,7.45,7.45,100700,7.21,98972.0,7.42966666667,7.606,7.2496,7.26886666667,7.99584099323,7.606,7.21615900677,0.0909873196698,0.101704246251,-0.0107169265807,49.1850717107,76.5705128205,80.1665891232
393,2013-04-30,7.79,7.8,7.61,7.67,133800,7.42,100270.0,7.40733333333,7.6015,7.2394,7.26626666667,8.00041227106,7.6015,7.20258772894,0.110794205793,0.104383477896,0.00641072789778,56.3843162964,89.1377171216,75.1061555119
394,2013-04-29,7.72,7.79,7.7,7.74,43600,7.49,100100.0,7.37866666667,7.602,7.2262,7.26106666667,8.00127935083,7.602,7.20272064917,0.112063442907,0.102780795921,0.00928264698573,58.9329196655,82.5752171216,63.0634408882
395,2013-04-26,7.73,7.8,7.65,7.76,58000,7.44,100226.0,7.34866666667,7.6015,7.2152,7.2554,8.00011133953,7.6015,7.20288866047,0.104926164562,0.100460134175,0.00446603038749,59.6482204443,72.3829094293,50.2166104109
396,2013-04-25,7.63,7.75,7.63,7.72,47200,7.41,99990.0,7.318,7.5755,7.2058,7.24973333333,7.99656887798,7.5755,7.15443112202,0.0922538396269,0.0993436265779,-0.00708978695101,58.71766927,56.3287783751,37.6312714908
397,2013-04-24,7.58,7.72,7.5,7.58,48500,7.27,100026.0,7.29066666667,7.542,7.1958,7.24413333333,8.01514268461,7.542,7.06885731539,0.078810198133,0.101116073316,-0.0223058751827,55.3729546847,40.9668586269,29.5626859462
398,2013-04-23,7.41,7.58,7.4,7.55,44000,7.24,100894.0,7.267,7.502,7.1888,7.2404,8.07932486522,7.502,6.92467513478,0.0747594382897,0.106692542111,-0.0319331038216,54.6417145489,31.1878952123,24.4254693453
399,2013-04-22,7.43,7.45,7.22,7.39,51200,7.09,101766.0,7.24433333333,7.462,7.1864,7.23693333333,8.12498114604,7.462,6.79901885396,0.0715563311692,0.114675818067,-0.0431194868975,50.6359369887,22.0415537489,23.7293183558
400,2013-04-19,7.25,7.62,7.24,7.4,109000,7.1,102928.0,7.231,7.43,7.1818,7.234,8.16198360637,7.43,6.69801639363,0.0827180914457,0.125455689791,-0.0427375983455,50.8968021182,24.0544361965,29.0459448396
401,2013-04-18,7.25,7.33,7.2,7.27,46400,6.97,103142.0,7.213,7.395,7.1828,7.23053333333,8.19331071645,7.395,6.59668928355,0.0947432023229,0.136140089377,-0.0413968870546,47.6406067588,20.4179922234,37.2582465018
402,2013-04-17,7.5,7.56,7.15,7.26,135900,6.96,103210.0,7.20466666667,7.368,7.1922,7.22866666667,8.21635369982,7.368,6.51964630018,0.121949897263,0.146489311141,-0.0245394138777,47.3914175447,28.4032912545,50.058479196
403,2013-04-16,7.47,7.56,7.44,7.54,84300,7.23,103370.0,7.19466666667,7.344,7.2002,7.22646666667,8.22955971001,7.344,6.45844028999,0.155919898482,0.152624164611,0.00329573387123,54.0837020357,43.3080596842,63.9610436129
404,2013-04-15,7.52,7.76,7.36,7.39,151400,7.09,106102.0,7.18466666667,7.3075,7.2018,7.22146666667,8.2175741728,7.3075,6.3974258272,0.168500956059,0.151800231143,0.0167007249162,50.6145592622,56.903642845,75.6763248058
405,2013-04-12,7.7,7.77,7.5,7.58,47500,7.27,105596.0,7.178,7.28,7.2072,7.2168,8.21142900964,7.28,6.34857099036,0.197380764733,0.147625049914,0.0497557148193,55.5511362356,71.6189230002,83.6249208164
406,2013-04-11,7.91,7.95,7.7,7.73,52500,7.42,108900.0,7.162,7.243,7.2106,7.21126666667,8.18257650034,7.243,6.30342349966,0.212025454863,0.135186121209,0.0768393336537,59.8288750605,84.0135489222,86.7909285092
407,2013-04-10,7.69,7.9,7.66,7.87,68400,7.55,111966.0,7.14166666667,7.2015,7.216,7.20473333333,8.1245444193,7.2015,6.2784555807,0.212360670921,0.115976287795,0.0963843831254,64.1072681348,90.1691844559,86.0073944956
408,2013-04-09,7.95,7.96,7.64,7.65,86800,7.34,114220.0,7.11633333333,7.1515,7.2136,7.1954,8.0316198782,7.1515,6.2713801218,0.195445100567,0.0918801920141,0.103564908553,59.9256293202,88.6980268872,82.9881820053
409,2013-04-08,7.97,7.97,7.75,7.92,100900,7.6,113744.0,7.095,7.1125,7.2124,7.18733333333,7.96963184517,7.1125,6.25536815483,0.193411843853,0.0659889648758,0.127422878978,69.0999553682,84.2829537713,80.8099550454
410,2013-04-05,7.73,7.95,7.62,7.92,144600,7.6,112508.0,7.06633333333,7.066,7.2062,7.175,7.83970278531,7.066,6.29229721469,0.160512496646,0.0341332451314,0.126379251515,69.0999553682,80.8794128678,81.289067793
411,2013-04-04,7.37,7.74,7.37,7.73,105500,7.42,110658.0,7.03633333333,7.013,7.1992,7.16253333333,7.68382337467,7.013,6.34217662533,0.116186238987,0.00253843225266,0.113647806734,65.9356198359,78.0923344948,80.1947106078
412,2013-04-03,7.64,7.71,7.28,7.36,134900,7.06,109996.0,7.012,6.9775,7.1964,7.15086666667,7.56244016788,6.9775,6.39255983212,0.0772652884615,-0.0258735194308,0.103138807892,58.1941392144,79.9851190476,76.3000992063
413,2013-04-02,7.75,7.88,7.65,7.68,173000,7.37,108930.0,6.998,6.9575,7.2012,7.14006666667,7.51549193543,6.9575,6.39950806457,0.0641368710499,-0.0516582214039,0.115795092454,71.1863784911,86.1994047619,67.7916666667
414,2013-04-01,7.44,7.9,7.24,7.73,418300,7.42,107414.0,6.97566666667,6.9355,7.198,7.12793333333,7.40558403504,6.9355,6.46541596496,0.0138655183384,-0.0806069945174,0.0944725128557,73.5694530577,76.501984127,53.5421626984
415,2013-03-28,7.08,7.28,7.08,7.24,227600,6.95,100258.0,6.95766666667,6.9085,7.195,7.11633333333,7.23218348738,6.9085,6.58481651262,-0.0555915975711,-0.104225122731,0.0486335251602,61.9903087485,62.5138888889,40.3888888889
416,2013-03-27,6.71,7.14,6.71,7.05,218900,6.76,98694.0,6.95933333333,6.9015,7.2022,7.10953333333,7.20138497795,6.9015,6.60161502205,-0.0935446204581,-0.116383504021,0.0228388835633,54.8717583138,45.9513888889,30.90625
417,2013-03-26,6.77,6.79,6.7,6.78,30000,6.5,99466.0,6.965,6.905,7.2152,7.1042,7.21325314273,6.905,6.59674685727,-0.121280375191,-0.122093224912,0.00081284972137,40.0585129184,29.2013888889,25.3160743464
418,2013-03-25,6.75,6.85,6.67,6.75,101600,6.48,101452.0,6.98,6.9215,7.2294,7.10026666667,7.23647777699,6.9215,6.60652222301,-0.127426296683,-0.122296437343,-0.00512985934077,37.9573238414,23.8888888889,24.7222222222
419,2013-03-22,6.7,6.75,6.67,6.75,37700,6.48,100824.0,7.00266666667,6.9345,7.241,7.09433333333,7.24145113618,6.9345,6.62754886382,-0.130362708527,-0.121013972507,-0.00934873602006,37.9573238414,24.5833333333,25.7965686275
420,2013-03-21,6.67,6.75,6.67,6.7,45800,6.43,101952.0,7.01633333333,6.95,7.2506,7.0882,7.24933259094,6.95,6.65066740906,-0.132214452975,-0.118676788502,-0.013537664473,34.6661146254,23.5906862745,26.9117647059
421,2013-03-20,6.8,6.84,6.64,6.73,112700,6.46,103030.0,7.04133333333,6.966,7.2644,7.08186666667,7.24358962517,6.966,6.68841037483,-0.127563923845,-0.115292372384,-0.0122715514614,35.7218760613,26.8259803922,28.8265931373
422,2013-03-19,6.79,6.81,6.72,6.78,92000,6.5,102446.0,7.075,6.9795,7.2784,7.0756,7.23527138229,6.9795,6.72372861771,-0.122827227773,-0.112224484519,-0.0106027432543,37.4888357647,28.1862745098,30.2083333333
423,2013-03-18,6.81,6.84,6.71,6.81,66600,6.53,103016.0,7.10433333333,6.9875,7.2904,7.06926666667,7.22732285129,6.9875,6.74767714871,-0.120085812382,-0.109573798705,-0.0105120136768,38.5512588955,29.0441176471,32.6286764706
424,2013-03-15,6.81,6.87,6.75,6.84,98500,6.56,103522.0,7.13133333333,6.9975,7.297,7.06366666667,7.22314352417,6.9975,6.77185647583,-0.117894612194,-0.106945795286,-0.0109488169077,39.5931712041,31.25,34.4669117647
425,2013-03-14,6.94,6.94,6.75,6.84,72000,6.56,103940.0,7.15866666667,7.015,7.3066,7.05826666667,7.24334184899,7.015,6.78665815101,-0.116437558685,-0.104208591059,-0.0122289676259,39.5931712041,32.3529411765,37.1323529412
426,2013-03-13,6.9,6.96,6.82,6.9,39700,6.62,106032.0,7.189,7.0375,7.3134,7.0528,7.28063576454,7.0375,6.79436423546,-0.112884191353,-0.101151349153,-0.0117328422005,41.5287090328,37.8676470588,38.244047619
427,2013-03-12,6.88,7.0,6.79,6.87,118900,6.59,109066.0,7.22566666667,7.0535,7.3154,7.04753333333,7.30042306494,7.0535,6.80657693506,-0.112815941539,-0.0982181386024,-0.0145978029364,40.1707705169,36.3970588235,40.2497930991
428,2013-03-11,6.99,7.04,6.85,6.87,59300,6.59,108664.0,7.255,7.0715,7.3166,7.0416,7.31475089928,7.0715,6.82824910072,-0.108033325354,-0.0945686878683,-0.0134646374853,40.1707705169,41.9117647059,45.489550207
429,2013-03-08,6.92,7.02,6.85,6.99,63000,6.71,108836.0,7.279,7.0995,7.3166,7.03606666667,7.37082821453,7.0995,6.82817178547,-0.100357574145,-0.091202528497,-0.00915504564778,43.6685884723,36.799719888,49.3589864593
430,2013-03-07,7.0,7.0,6.76,6.86,82800,6.58,108390.0,7.29966666667,7.108,7.3128,7.03046666667,7.37570132611,7.108,6.84029867389,-0.101318959705,-0.088913767085,-0.0124051926201,38.2607213134,45.8906289789,56.887386297
431,2013-03-06,6.96,7.04,6.65,7.02,179200,6.73,112958.0,7.32333333333,7.1375,7.312,7.0232,7.41905816451,7.1375,6.85594183549,-0.0878359433157,-0.08581246893,-0.00202347438564,42.9758286974,57.3560872552,59.7501392816
432,2013-03-05,7.29,7.33,6.91,6.96,223400,6.68,110588.0,7.34233333333,7.1735,7.3118,7.01573333333,7.55288239284,7.1735,6.79411760716,-0.0856400068575,-0.0853066003336,-0.000333406523919,40.4190542846,57.3895097151,56.4621128434
433,2013-03-04,7.2,7.3,7.19,7.24,43700,6.95,108526.0,7.36366666667,7.2085,7.3148,7.0072,7.62951187632,7.2085,6.78748812368,-0.0754824296785,-0.0852232487026,0.00974081902413,50.1659011937,66.9133192389,51.7727689134
434,2013-03-01,7.08,7.28,7.01,7.19,132200,6.9,109778.0,7.373,7.2275,7.3144,6.997,7.68518438907,7.2275,6.76981561093,-0.0899288321929,-0.0876584534587,-0.00227037873419,48.0902507449,57.3416409172,43.1903758282
435,2013-02-28,7.13,7.21,7.06,7.1,110100,6.81,109834.0,7.386,7.251,7.313,6.98706666667,7.74536423819,7.251,6.75663576181,-0.101968730207,-0.0870908587751,-0.0148778714314,44.2060416158,44.2039815024,35.0135364916
436,2013-02-27,7.1,7.2,7.0,7.12,48900,6.83,109166.0,7.40266666667,7.2835,7.3106,6.9774,7.81773871069,7.2835,6.74926128931,-0.106689200323,-0.0833713909173,-0.0233178094056,44.8993014852,38.632133995,29.1466496432
437,2013-02-26,7.0,7.18,6.91,7.11,47900,6.82,109876.0,7.422,7.3275,7.308,6.9684,7.9398683532,7.3275,6.7151316468,-0.113198757448,-0.0775419385659,-0.0356568188825,44.4951626475,32.5837468983,22.9614736881
438,2013-02-25,7.08,7.17,6.99,7.01,84100,6.72,110388.0,7.43466666667,7.3595,7.3078,6.96046666667,7.98968965399,7.3595,6.72931034601,-0.118842610253,-0.0686277338452,-0.0502148764078,40.4386450013,24.6342835709,17.4790627099
439,2013-02-22,7.03,7.09,7.0,7.06,75600,6.77,113250.0,7.44533333333,7.3885,7.31,6.95293333333,8.00491787774,7.3885,6.77208212226,-0.114135780775,-0.0560740147433,-0.0580617660313,41.8589993265,20.7364341085,14.6630042746
440,2013-02-21,6.95,7.07,6.91,7.02,93800,6.73,114766.0,7.451,7.416,7.3076,6.94453333333,8.02029793976,7.416,6.81170206024,-0.111558907065,-0.0415585732354,-0.0700003338299,40.3013491702,13.8914301746,13.1171071296
441,2013-02-20,6.96,7.04,6.95,7.0,56200,6.72,114808.0,7.46333333333,7.4435,7.3036,6.93726666667,8.02275037764,7.4435,6.86424962236,-0.102574476883,-0.024058489778,-0.0785159871048,39.5494265204,10.6541029857,13.8704400621
442,2013-02-19,7.0,7.29,6.86,6.94,165600,6.66,116206.0,7.47766666667,7.473,7.2996,6.93126666667,8.0179807336,7.473,6.9280192664,-0.0875787208769,-0.00442949300179,-0.0831492278751,37.3512758734,13.3700498295,16.7128666966
443,2013-02-15,7.23,7.23,6.97,7.01,125300,6.72,114946.0,7.49233333333,7.506,7.2994,6.92546666667,7.99493353332,7.506,7.01706646668,-0.0610557199984,0.016357813967,-0.0774135339654,38.8829939275,14.5528455285,17.3235562097
444,2013-02-14,7.26,7.3,7.17,7.19,49900,6.9,117640.0,7.49666666667,7.5315,7.3032,6.91953333333,7.96427130219,7.5315,7.09872869781,-0.0334419156772,0.0357111974583,-0.0691531131356,43.1036204269,16.9047619048,16.9148625875
445,2013-02-13,7.25,7.38,7.18,7.29,46200,6.99,118154.0,7.501,7.551,7.299,6.9122,7.9546285421,7.551,7.1473714579,-0.0160375048429,0.0529994757422,-0.0690369805851,45.6604402823,22.0238095238,18.3148064126
446,2013-02-12,7.22,7.37,7.21,7.22,49000,6.93,118802.0,7.49733333333,7.5665,7.2972,6.90673333333,7.95226028826,7.5665,7.18073971174,-0.0037716931257,0.0702587208885,-0.0740304140142,43.4812649688,15.8128078818,18.7639357013
447,2013-02-11,7.45,7.48,7.1,7.23,91900,6.94,120106.0,7.49,7.5905,7.2948,6.9012,7.94554788409,7.5905,7.23545211591,0.0190660766388,0.088766324392,-0.0697002477532,43.7138126527,12.9180710397,22.5958214502
448,2013-02-08,7.23,7.45,7.18,7.43,87600,7.13,122462.0,7.48,7.6035,7.2926,6.89366666667,7.92195093814,7.6035,7.28504906186,0.0469198689325,0.10619138633,-0.0592715173978,48.5344600059,22.5045372051,29.4540229885
449,2013-02-07,7.42,7.42,7.14,7.16,109300,6.87,124988.0,7.46133333333,7.5985,7.2934,6.88433333333,7.93054066016,7.5985,7.26645933984,0.0614253293666,0.12100926568,-0.0595839363132,40.2785245362,23.8203266788,33.9215888467
450,2013-02-06,7.72,7.72,7.44,7.45,119700,7.15,124672.0,7.44933333333,7.602,7.291,6.8776,7.91649006344,7.602,7.28750993656,0.106537021348,0.135905249758,-0.02936822841,47.9501896252,31.1403508772,41.7842902711
451,2013-02-05,7.73,7.79,7.68,7.74,49800,7.42,123304.0,7.42833333333,7.599,7.285,6.86706666667,7.92030359475,7.599,7.27769640525,0.133039042439,0.143247306861,-0.0102082644212,58.252826737,40.350877193,49.6193431021
452,2013-02-04,7.6,7.7,7.57,7.66,143900,7.35,123890.0,7.404,7.5835,7.2734,6.853,7.90600736426,7.5835,7.26099263574,0.135402872379,0.145799372966,-0.0103965005873,55.8213043695,40.374800638,55.9929083098
453,2013-02-01,7.74,7.8,7.6,7.62,220900,7.31,123714.0,7.38566666667,7.5695,7.2614,6.84093333333,7.90167314762,7.5695,7.23732685238,0.144595937175,0.148398498113,-0.00380256093727,54.5934262857,55.2711323764,62.6708073417
454,2013-01-31,7.77,7.77,7.44,7.66,126100,7.35,120938.0,7.37233333333,7.5455,7.241,6.8288,7.92552499918,7.5455,7.16547500082,0.15829914443,0.149349138347,0.00895000608298,56.0397101997,62.480562201,63.1104188935
455,2013-01-30,8.0,8.0,7.64,7.75,212700,7.43,121850.0,7.35433333333,7.5285,7.2148,6.81666666667,7.91684391974,7.5285,7.14015608026,0.169414159589,0.147111636826,0.0223025227624,59.3231994973,65.8451380241,61.7358358679
456,2013-01-29,7.78,8.01,7.78,8.0,205800,7.67,119832.0,7.32866666667,7.5,7.1904,6.80426666667,7.90254192328,7.5,7.09745807672,0.171973118434,0.141536006136,0.0304371122978,69.8849584491,67.0863967653,60.1019115017
457,2013-01-28,7.55,7.8,7.55,7.75,181100,7.43,118108.0,7.295,7.45,7.164,6.78906666667,7.83992306934,7.45,7.06007693066,0.147283307818,0.133926728061,0.0133565797571,63.920228588,57.0295785835,57.818948674
458,2013-01-25,7.62,7.67,7.52,7.59,63000,7.22,118378.0,7.27333333333,7.409,7.1382,6.77666666667,7.83490609294,7.409,6.98309390706,0.139082374156,0.130587583122,0.00849479103369,59.1068104645,56.9822300987,58.1499414133
459,2013-01-24,7.53,7.61,7.52,7.61,39100,7.24,119454.0,7.25766666667,7.373,7.122,6.76473333333,7.85024626766,7.373,6.89575373234,0.142882893384,0.128463885364,0.0144190080205,60.0364838325,59.3094405594,58.5909262788
460,2013-01-23,7.59,7.68,7.54,7.57,52100,7.2,120688.0,7.23533333333,7.3325,7.1078,6.75106666667,7.85750952372,7.3325,6.80749047628,0.143619077659,0.124859133358,0.0187599443005,58.8340068405,57.9545454545,60.3180062564
461,2013-01-22,7.58,7.61,7.5,7.59,72400,7.22,120832.0,7.21033333333,7.295,7.0938,6.73793333333,7.85290680225,7.295,6.73709319775,0.146542439004,0.120169147283,0.0263732917207,59.6675665802,58.3535495403,65.0826736466
462,2013-01-18,7.48,7.66,7.48,7.6,81600,7.23,121446.0,7.184,7.266,7.0796,6.724,7.8198375213,7.266,6.7121624787,0.146105821099,0.113575824353,0.0325299967457,60.0626585255,58.7461695608,70.5546654102
463,2013-01-17,7.59,7.59,7.46,7.52,97200,7.16,121194.0,7.16166666667,7.2415,7.0718,6.70833333333,7.77712206825,7.2415,6.70587793175,0.142405180484,0.105443325167,0.0369618553172,57.9965650779,66.2177604699,75.8994759515
464,2013-01-16,7.56,7.74,7.53,7.58,60500,7.21,121136.0,7.151,7.2265,7.0636,6.69386666667,7.74666439709,7.2265,6.70633560291,0.143755923837,0.0962028613374,0.0475530625,60.1641968721,77.0132150153,78.8680689603
465,2013-01-15,7.7,7.94,7.55,7.6,149400,7.23,121838.0,7.131,7.2035,7.0452,6.67873333333,7.69921261836,7.2035,6.70778738164,0.137279877371,0.0843145957124,0.0529652816586,60.8683528183,80.2415165949,78.7359136321
466,2013-01-14,7.5,7.77,7.49,7.7,257500,7.33,120138.0,7.11766666667,7.1725,7.0328,6.66406666667,7.64200505855,7.1725,6.70299494145,0.124980925301,0.0710732752977,0.0539076500035,64.3659707926,80.125411726,78.9343640685
467,2013-01-11,7.29,7.5,7.21,7.49,129300,7.13,117512.0,7.09766666667,7.137,7.0188,6.64813333333,7.54492646396,7.137,6.72907353604,0.0972832675642,0.0575963627969,0.0396869047673,59.8692874539,78.0921325052,79.7639912597
468,2013-01-10,7.25,7.37,7.16,7.33,70200,6.98,117804.0,7.08533333333,7.1175,7.014,6.63426666667,7.49197963897,7.1175,6.74302036103,0.0818977732516,0.047674636605,0.0342231366465,55.9352878134,76.4845937025,82.1571330612
469,2013-01-09,7.39,7.47,7.06,7.23,94100,6.88,119774.0,7.09,7.107,7.0078,6.6214,7.46861305286,7.107,6.74538694714,0.0773599565361,0.0391188524434,0.0382411040927,53.2771200731,81.0353183402,84.8426806278
470,2013-01-08,7.4,7.45,7.32,7.39,99700,7.03,136088.0,7.08366666667,7.0925,7.0032,6.60926666667,7.4564711527,7.0925,6.7285288473,0.0806246347425,0.0295585764202,0.0510660583223,58.522137357,83.4439204907,84.1329712773
471,2013-01-07,7.36,7.52,7.35,7.43,83500,7.07,136996.0,7.07566666667,7.064,7.0048,6.59573333333,7.41949402245,7.064,6.70850597755,0.0673279202387,0.0167920618397,0.0505358583991,59.8908813055,87.6646997115,80.9992638819
472,2013-01-04,7.25,7.45,7.23,7.38,120500,7.02,138578.0,7.06666666667,7.0325,7.012,6.58366666667,7.36349093643,7.0325,6.70150906357,0.0453044348868,0.0041580972399,0.0411463376469,58.7716408138,87.2267839687,72.4921798631
473,2013-01-03,7.27,7.29,7.05,7.14,91900,6.8,139896.0,7.056,7.01,7.0174,6.572,7.30236962907,7.01,6.71763037093,0.0216263945302,-0.00612848717182,0.027754881702,52.9154491804,78.1964809384,59.7763929619
474,2013-01-02,7.23,7.32,7.19,7.32,119400,6.97,139006.0,7.038,7.013,7.0336,6.56346666667,7.31180428377,7.013,6.71419571623,0.0155264027363,-0.0130672075973,0.0285936103336,58.7246478608,70.9090909091,47.2727272727
475,2012-12-31,7.0,7.23,6.97,7.18,176600,6.83,137418.0,7.00566666667,6.996,7.0472,6.554,7.25962093999,6.996,6.73237906001,-0.0108125162839,-0.0202156101807,0.00940309389677,55.170206725,53.6363636364,36.9664031621
476,2012-12-28,6.86,7.1,6.86,7.0,191400,6.66,135486.0,6.984,6.997,7.0636,6.54513333333,7.26354080363,6.997,6.73045919637,-0.0300187363239,-0.0225663836549,-0.00745235266897,50.0330453769,36.3636363636,33.8133918403
477,2012-12-27,6.86,6.97,6.83,6.93,98800,6.6,135278.0,6.97333333333,7.002,7.0836,6.53753333333,7.27230353309,7.002,6.73169646691,-0.0357689482829,-0.0207032954877,-0.0150656527952,47.8761255031,28.1818181818,39.1452290034
478,2012-12-26,6.8,7.01,6.77,6.87,67900,6.54,137080.0,6.95766666667,7.0115,7.1068,6.5298,7.28435710546,7.0115,6.73864289454,-0.03546076139,-0.0169368822889,-0.0185238791012,46.0215696846,29.6837944664,48.5019076041
479,2012-12-24,6.87,6.89,6.75,6.8,40700,6.47,140780.0,6.95466666667,7.0415,7.1348,6.52073333333,7.37148636335,7.0415,6.71151363665,-0.0284425190448,-0.0123059125136,-0.0161366065312,43.8575734301,41.0243183493,56.8195430942
480,2012-12-21,6.95,7.02,6.7,6.82,311200,6.49,142278.0,6.958,7.0535,7.1612,6.51233333333,7.36438743944,7.0535,6.74261256056,-0.011943707629,-0.00827176088078,-0.00367194674817,44.3290629862,57.690985016,59.933354275
481,2012-12-20,7.09,7.14,6.99,7.01,60700,6.67,138386.0,6.95966666667,7.07,7.1826,6.5036,7.36414282245,7.07,6.77585717755,0.00725213832552,-0.00735377419374,0.0146059125193,48.9734346115,65.6085325847,56.7751429048
482,2012-12-19,7.25,7.25,7.05,7.11,120300,6.77,139862.0,6.95533333333,7.0775,7.2012,6.4948,7.37278799501,7.0775,6.78221200499,0.0123020778772,-0.0110052523236,0.0233073302008,51.6163766711,62.9543364269,51.6375446423
483,2012-12-18,7.16,7.25,7.08,7.22,106300,6.87,145458.0,6.95866666667,7.075,7.2174,6.48466666667,7.3699915253,7.075,6.7800084747,0.00838687959045,-0.0168320848737,0.0252189644642,54.6276310797,53.4795630726,46.4434186111
484,2012-12-17,7.0,7.12,6.97,7.12,135000,6.78,150230.0,6.955,7.044,7.2306,6.47566666667,7.3962726217,7.044,6.6917273783,-0.0079323281078,-0.0231368259898,0.015204497882,52.2774222163,45.0581395349,42.1371612972
485,2012-12-14,6.98,7.1,6.95,6.98,76700,6.64,152136.0,6.93966666667,7.0055,7.2398,6.46573333333,7.46738634966,7.0055,6.54361365034,-0.0184643738884,-0.0269379504603,0.00847357657194,48.8318779364,45.0581395349,37.5413377427
486,2012-12-13,7.09,7.11,6.92,6.99,84400,6.65,151566.0,6.93966666667,6.983,7.244,6.4566,7.48936350579,6.983,6.47663649421,-0.0173839759735,-0.0290563446033,0.0116723686298,49.0668462864,42.1778323021,30.2206228005
487,2012-12-12,7.15,7.15,7.0,7.1,73500,6.76,151584.0,6.94,6.9675,7.2464,6.44706666667,7.49075424031,6.9675,6.44424575969,-0.0167703193481,-0.0319744367607,0.0152041174126,51.603081813,36.2545338169,25.3758246172
488,2012-12-11,6.94,7.15,6.92,7.12,227200,6.78,153570.0,6.945,6.9355,7.2474,6.4376,7.49914793976,6.9355,6.37185206024,-0.0269431384284,-0.0357754661139,0.00883232768552,52.0573751107,26.6748453168,23.753001952
489,2012-12-10,6.79,7.0,6.79,6.94,151400,6.6,152990.0,6.94166666667,6.9185,7.251,6.42646666667,7.47936629423,6.9185,6.35763370577,-0.0415718182228,-0.0379835480353,-0.00358827018751,48.249969679,15.7752797661,27.6016594631
490,2012-12-07,6.8,6.99,6.8,6.82,95900,6.49,152570.0,6.94366666667,6.9165,7.251,6.41573333333,7.47733063397,6.9165,6.35566936603,-0.0413113794408,-0.0370864804884,-0.00422489895238,45.5742812048,22.7986395687,37.0053523559
491,2012-12-06,6.89,7.0,6.66,6.8,126100,6.47,154036.0,6.96533333333,6.919,7.2536,6.40613333333,7.47853194726,6.919,6.35946805274,-0.0281598902399,-0.0360302557503,0.00787036551043,45.1352632265,29.7632431563,44.8263435187
492,2012-12-05,7.25,7.32,6.84,6.93,102600,6.6,152668.0,6.99833333333,6.923,7.2574,6.3972,7.48021091159,6.923,6.36578908841,-0.00892784561994,-0.0379978471279,0.029070001508,47.4451943767,42.0694753613,53.2907051435
493,2012-12-04,7.46,7.52,7.13,7.2,260000,6.85,153776.0,7.02233333333,6.937,7.26,6.38926666667,7.50810769562,6.937,6.36589230438,0.00251273272213,-0.0452653475049,0.047778080227,52.6408675225,53.3900513371,59.938087261
494,2012-12-03,7.23,7.23,6.89,6.98,75600,6.64,149506.0,7.04733333333,6.9325,7.2538,6.38133333333,7.49662321349,6.9325,6.36837678651,-0.0104123870336,-0.0572098675616,0.0467974805281,48.3623824406,54.0826042203,66.2098273003
495,2012-11-30,7.1,7.24,7.02,7.2,78600,6.85,149332.0,7.08133333333,6.9165,7.252,6.3722,7.49235675302,6.9165,6.34064324698,-0.00435808698311,-0.0689092376936,0.0645511507105,52.7909255489,63.6206896552,74.7461685824
496,2012-11-29,7.18,7.45,7.05,7.1,114200,6.76,149150.0,7.108,6.9055,7.2462,6.36126666667,7.46751334504,6.9055,6.34348665496,-0.0189672081989,-0.0850470253713,0.0660798171723,50.8929542837,68.6590038314,81.3146551724
497,2012-11-28,7.28,7.34,7.05,7.12,209700,6.78,149734.0,7.138,6.9005,7.2418,6.35093333333,7.45725757741,6.9005,6.34374242259,-0.0271560544315,-0.101566979664,0.0744109252328,51.2757983233,78.4770114943,83.5008033618
498,2012-11-27,7.01,7.75,6.87,7.47,213900,7.11,147824.0,7.17033333333,6.907,7.2398,6.33986666667,7.47674029171,6.907,6.33725970829,-0.0392493664676,-0.120169710973,0.080920344505,58.4167292186,88.2279693487,77.665693363
499,2012-11-26,7.1,7.2,6.93,7.04,93500,6.7,144986.0,7.197,6.8845,7.231,6.3246,7.39610433931,6.8845,6.37289566069,-0.089750293954,-0.140399797099,0.0506495031448,50.5622622668,89.8946360153,64.1326469949
500,2012-11-23,7.16,7.18,6.95,7.15,51300,6.8,144506.0,7.233,6.8825,7.2292,6.31313333333,7.39196540609,6.8825,6.37303459391,-0.109120564397,-0.153062172885,0.0439416084876,52.9374654171,77.4035965888,46.6218980223
501,2012-11-21,7.07,7.2,6.84,7.16,79100,6.81,145062.0,7.25766666667,6.8985,7.2238,6.30053333333,7.45818830611,6.8985,6.33881169389,-0.143456865008,-0.164047575007,0.0205907099984,53.1482241861,55.1365714992,30.3721008618
502,2012-11-20,6.56,7.06,6.56,7.06,135100,6.72,146372.0,7.28366666667,6.93,7.2204,6.2882,7.60421064957,6.93,6.25578935043,-0.186214007025,-0.169195252507,-0.0170187545181,51.3496696136,34.0957838761,20.8530384684
503,2012-11-19,6.47,6.62,6.41,6.6,82100,6.28,147764.0,7.31233333333,6.9595,7.2178,6.27813333333,7.70204898828,6.9595,6.21695101172,-0.227897282732,-0.164940563877,-0.0629567188552,41.8077471698,19.8516401252,18.3314719885
504,2012-11-16,6.49,6.49,6.3,6.35,171700,6.04,148822.0,7.355,7.027,7.2216,6.27026666667,7.86576337545,7.027,6.18823662455,-0.230949066887,-0.149201384163,-0.0817476827233,35.4151353122,12.4044079468,19.5815822692
505,2012-11-15,6.66,6.72,6.44,6.53,111800,6.21,147066.0,7.396,7.1095,7.2284,6.26293333333,7.98926076293,7.1095,6.22973923707,-0.206030448598,-0.128764463482,-0.0772659851154,38.2223690866,17.0603219253,24.0097678421
506,2012-11-14,6.5,6.88,6.48,6.68,119600,6.36,149454.0,7.418,7.183,7.2328,6.25553333333,8.10158804695,7.183,6.26441195305,-0.189555696548,-0.109447967204,-0.0801077293444,40.720019935,24.0095179568,28.6191241741
507,2012-11-13,6.7,6.71,6.44,6.46,194600,6.15,151150.0,7.43233333333,7.249,7.2342,6.2468,8.2025596468,7.249,6.2954403532,-0.181043475618,-0.0894210348674,-0.0916224407506,34.9290982872,24.8520812479,31.4205885173
508,2012-11-12,6.91,7.03,6.6,6.78,116800,6.45,156334.0,7.45533333333,7.3305,7.2344,6.23933333333,8.27900355824,7.3305,6.38199644176,-0.145145426713,-0.0665154246798,-0.0786300020333,40.2381965258,30.1171502385,32.1624537043
509,2012-11-09,6.82,6.91,6.75,6.9,100800,6.57,170766.0,7.47266666667,7.405,7.2276,6.23013333333,8.40168450374,7.405,6.40831549626,-0.12979707445,-0.0468579241714,-0.0829391502781,42.4869154465,35.4977472534,31.7553944428
510,2012-11-08,6.86,7.05,6.86,6.87,59300,6.54,169792.0,7.474,7.466,7.211,6.2204,8.48075908471,7.466,6.45124091529,-0.120537220114,-0.0261231366019,-0.094414083512,41.7309711902,35.2153753292,28.7814132973
511,2012-11-07,7.1,7.17,6.88,6.88,103100,6.55,168996.0,7.47666666667,7.517,7.1946,6.2106,8.50909072166,7.517,6.52490927834,-0.103910464651,-0.00251961572391,-0.101390848927,41.90144047,27.8195419959,26.1372808025
512,2012-11-06,7.18,7.23,6.99,7.21,69000,6.86,167216.0,7.48033333333,7.57,7.1766,6.20153333333,8.53314069585,7.57,6.60685930415,-0.0821954354654,0.0228280965079,-0.105023531973,47.896928732,28.4889131927,26.5481704213
513,2012-11-05,6.62,7.16,6.61,7.11,94300,6.77,166578.0,7.47533333333,7.6055,7.1472,6.1906,8.56528070412,7.6055,6.64571929588,-0.0868835918799,0.0490839795012,-0.135967571381,45.7111425177,23.6018226712,26.5504342511
514,2012-11-02,6.99,7.18,6.62,6.66,95600,6.34,165378.0,7.468,7.644,7.1222,6.17933333333,8.5827310584,7.644,6.7052689416,-0.0814218047306,0.0830758723465,-0.164497677077,34.1716999827,24.6388453501,27.1258647301
515,2012-11-01,7.0,7.08,6.94,6.98,64400,6.64,164512.0,7.47566666667,7.69,7.1088,6.17093333333,8.51457261657,7.69,6.86542738343,-0.0274480792459,0.124200291616,-0.151648370862,39.75092903,29.4631004711,26.5359802372
516,2012-10-31,7.25,7.25,6.91,7.0,126200,6.66,164808.0,7.47333333333,7.7005,7.0936,6.16053333333,8.49338019272,7.7005,6.90761980728,0.00925944788915,0.162112384331,-0.152852936442,40.1311928522,28.4979685119,23.9512623606
517,2012-10-26,7.0,7.35,7.0,7.25,143900,6.84,163902.0,7.46933333333,7.706,7.0786,6.15126666667,8.48068445189,7.706,6.93131554811,0.0539405541904,0.200325618442,-0.146385064251,45.1437675389,25.9035445872,21.9529827077
518,2012-10-25,7.02,7.09,6.76,7.02,168700,6.63,162190.0,7.46166666667,7.701,7.0574,6.13986666667,8.48857602808,7.701,6.91342397192,0.0847307581721,0.236921884505,-0.152191126332,38.5911824919,22.2793073787,22.9417914058
519,2012-10-24,7.4,7.4,6.6,7.0,909800,6.61,159546.0,7.462,7.715,7.0342,6.1292,8.46259614766,7.715,6.96740385234,0.146215989317,0.274969666088,-0.12875367677,37.993123505,19.1242289644,27.3402688854
520,2012-10-23,7.69,7.79,7.3,7.47,145100,7.05,141902.0,7.46033333333,7.712,7.0108,6.11753333333,8.4714366333,7.712,6.9525633667,0.224603088134,0.30715808528,-0.0825549971461,48.2463613034,20.5048499004,36.1340793186
521,2012-10-22,7.61,7.94,7.61,7.79,162600,7.35,139874.0,7.44066666667,7.686,6.9764,6.1034,8.50968440558,7.686,6.86231559442,0.27353203116,0.327796834567,-0.0542648034065,58.1714213488,29.8587793798,47.6811568031
522,2012-10-19,7.92,7.94,7.56,7.65,186400,7.22,137268.0,7.414,7.646,6.9364,6.08793333333,8.52165746728,7.646,6.77034253272,0.299422688897,0.341363035418,-0.0419403465215,54.3569284128,39.8732172968,59.7248728894
523,2012-10-18,8.02,8.04,7.91,7.95,47400,7.5,134524.0,7.39,7.6165,6.9,6.0734,8.52862444326,7.6165,6.70437555674,0.342367889297,0.351848122049,-0.00948023275212,66.406880591,54.2994706975,70.833013735
524,2012-10-17,8.04,8.05,7.97,8.0,40000,7.55,134316.0,7.35133333333,7.5635,6.8604,6.05573333333,8.51431596537,7.5635,6.61268403463,0.361656230326,0.354218180237,0.00743805008945,68.7661030595,66.6931598384,78.74992944
525,2012-10-16,8.03,8.14,7.98,8.0,80000,7.55,135050.0,7.30766666667,7.508,6.821,6.038,8.47977363619,7.508,6.53622636381,0.375923804072,0.352358667714,0.0235651363576,68.7661030595,78.0336437251,83.6700577609
526,2012-10-15,8.09,8.1,7.92,8.0,181000,7.55,134226.0,7.266,7.4535,6.7814,6.01906666667,8.43103311964,7.4535,6.47596688036,0.388666433776,0.346467383625,0.0421990501505,68.7661030595,84.3057806791,84.4516523667
527,2012-10-12,8.32,8.39,8.05,8.09,188900,7.64,132092.0,7.22433333333,7.3975,6.7436,6.00073333333,8.37170480393,7.3975,6.42329519607,0.399277333015,0.335917621087,0.0633597119276,72.4769602473,85.9671335173,84.0472083158
528,2012-10-11,8.12,8.29,7.96,8.27,252900,7.81,129272.0,7.17033333333,7.344,6.7014,5.98073333333,8.27685368628,7.344,6.41114631372,0.397849392291,0.320077693106,0.0777716991857,80.5494544691,86.3736731221,84.5311031259
529,2012-10-10,7.9,8.12,7.85,8.12,115600,7.66,126402.0,7.10933333333,7.282,6.6568,5.96046666667,8.1204891174,7.282,6.4435108826,0.371912647698,0.300634768309,0.0712778793887,78.7149604298,81.1600221484,84.0580410312
530,2012-10-09,7.97,7.99,7.78,7.89,116600,7.45,127102.0,7.041,7.2235,6.6174,5.94046666667,7.97912623035,7.2235,6.46787376965,0.348671018814,0.282815298462,0.065855720352,75.4132626833,82.6880044753,83.2273927038
531,2012-10-08,7.92,8.03,7.92,7.94,134500,7.49,125354.0,6.97966666667,7.173,6.575,5.92133333333,7.87693465606,7.173,6.46906534394,0.337352852219,0.266351368374,0.0710014838454,77.8509862456,87.9027127577,79.6238246415
532,2012-10-05,7.99,8.21,7.8,7.92,400100,7.48,123908.0,6.91433333333,7.1255,6.5342,5.90073333333,7.73831236933,7.1255,6.51268763067,0.312908896279,0.248600997413,0.0643078988664,77.5818251518,84.4814247434,74.1820400349
533,2012-10-04,7.62,7.89,7.56,7.88,344900,7.44,116614.0,6.84166666667,7.076,6.4894,5.88073333333,7.57312775018,7.076,6.57887224982,0.279194481297,0.232524022696,0.0466704586006,77.0641978951,77.8374288387,68.3107631083
534,2012-10-03,7.2,7.61,7.18,7.58,230300,7.15,110628.0,6.77433333333,7.0215,6.446,5.86073333333,7.3712584881,7.0215,6.6717415119,0.236174344627,0.220856408046,0.0153179365816,72.6693551065,68.2737322261,63.933764273
535,2012-10-02,7.19,7.21,7.15,7.19,48200,6.79,106662.0,6.72133333333,6.977,6.4084,5.84393333333,7.24903676222,6.977,6.70496323778,0.208375197902,0.2170269239,-0.00865172599797,64.4453224867,66.1355743313,62.0323570785
536,2012-10-01,7.24,7.24,7.06,7.11,85300,6.71,107130.0,6.689,6.955,6.3776,5.8288,7.22573972741,6.955,6.68426027259,0.20957155684,0.2191898554,-0.00961829855959,62.2835686661,60.9963170369,60.5846703922
537,2012-09-28,7.25,7.27,7.07,7.15,172800,6.75,106386.0,6.66033333333,6.937,6.3508,5.81606666667,7.21196181553,6.937,6.66203818447,0.216195686876,0.22159443004,-0.00539874316374,64.0928426833,60.3294334975,59.6362029239
538,2012-09-27,7.0,7.37,6.95,7.3,198200,6.89,104086.0,6.62833333333,6.903,6.3262,5.80393333333,7.22784457822,6.903,6.57815542178,0.217433093767,0.222944115831,-0.0055110220636,71.3055955829,60.6681034483,59.1705482944
539,2012-09-26,6.98,7.04,6.92,6.94,130400,6.55,101334.0,6.58033333333,6.86,6.2978,5.79153333333,7.19087762088,6.86,6.52912237912,0.200577084471,0.224321871347,-0.0237447868751,61.7002198059,60.3448275862,58.4093940933
540,2012-09-25,7.0,7.03,6.95,6.95,169200,6.56,99538.0,6.54333333333,6.8165,6.275,5.78186666667,7.29131680678,6.8165,6.34168319322,0.212799747742,0.230258068065,-0.0174583203236,62.2376014253,57.2024471635,55.6019973884
541,2012-09-24,7.0,7.06,6.95,6.99,57700,6.6,96870.0,6.50333333333,6.7715,6.2546,5.77093333333,7.34707883908,6.7715,6.19592116092,0.224286859803,0.234622648146,-0.010335788343,64.3182841161,58.4668149796,57.0448359877
542,2012-09-21,6.99,7.07,6.93,7.06,158000,6.66,96992.0,6.46333333333,6.721,6.2368,5.75966666667,7.38193570035,6.721,6.06006429965,0.231613510328,0.237206595232,-0.00559308490366,68.0131552454,57.6234866438,60.7808722505
543,2012-09-20,6.89,6.91,6.85,6.89,46500,6.5,95002.0,6.42233333333,6.655,6.217,5.74833333333,7.42239820172,6.655,5.88760179828,0.230468784121,0.238604866458,-0.00813608233694,63.2525993569,49.1152407667,66.3271194792
544,2012-09-19,6.96,6.96,6.85,6.89,66900,6.5,95938.0,6.39166666667,6.6035,6.2016,5.73673333333,7.43635713061,6.6035,5.77064286939,0.242964514902,0.240638887042,0.00232562785965,63.2525993569,62.9738015608,75.9760450985
545,2012-09-18,6.88,6.95,6.84,6.91,69500,6.52,96936.0,6.363,6.5585,6.1856,5.7234,7.42129255908,6.5585,5.69570744092,0.255379581973,0.240057480077,0.0153221018954,64.2221779146,73.4109600307,82.5354171443
546,2012-09-17,6.99,7.0,6.81,6.88,143400,6.49,99586.0,6.33333333333,6.524,6.1768,5.71093333333,7.38298544807,6.524,5.66501455193,0.265474746387,0.236226954603,0.0292477917836,63.441632834,79.8084755587,86.5428766218
547,2012-09-14,7.06,7.1,6.98,7.02,114200,6.63,100288.0,6.30766666667,6.4925,6.167,5.7,7.34312036185,6.4925,5.64187963815,0.277552941747,0.228915006658,0.0486379350891,70.0654797764,87.7109432437,89.1331000745
548,2012-09-13,7.0,7.06,6.96,7.03,72000,6.64,101608.0,6.273,6.451,6.1486,5.6882,7.27520628486,6.451,5.62679371514,0.274677431944,0.216755522885,0.0579219090586,70.554070585,89.2112897441,89.4612201194
549,2012-09-12,6.92,7.04,6.85,6.95,69500,6.56,101230.0,6.24,6.3925,6.1286,5.677,7.21007874239,6.3925,5.57492125761,0.265993745876,0.202275045621,0.0637187002558,68.9453792367,89.4407979408,88.8083976834
550,2012-09-11,7.06,7.06,6.86,6.88,79100,6.49,101990.0,6.21333333333,6.3365,6.1126,5.66686666667,7.14706215061,6.3365,5.52593784939,0.259186659356,0.186345370557,0.0728412887992,67.5028796136,90.1693693694,87.5217519172
551,2012-09-10,6.98,7.06,6.85,6.99,144600,6.6,101390.0,6.17633333333,6.28,6.0924,5.6566,7.08867793342,6.28,5.47132206658,0.253855626606,0.168135048357,0.0857205782493,72.4108639649,89.0234234234,84.5802360211
552,2012-09-07,6.79,6.98,6.79,6.93,204700,6.54,98796.0,6.14,6.22,6.0652,5.64573333333,6.98600261096,6.22,5.45399738904,0.232158844782,0.146704903795,0.0854539409878,71.3560202757,86.6,81.6945943667
553,2012-09-06,6.75,6.79,6.65,6.79,135000,6.41,95070.0,6.09833333333,6.165,6.0436,5.63526666667,6.87511266712,6.165,5.45488733288,0.207198096421,0.125341418548,0.0818566778736,68.7688170455,84.294214876,77.5162578434
554,2012-09-05,6.79,6.79,6.64,6.69,83900,6.31,92698.0,6.06233333333,6.124,6.0238,5.62513333333,6.77746461266,6.124,5.47053538734,0.186579859838,0.104877249079,0.0817026107586,66.7785904605,78.4033057851,71.6611037372
555,2012-09-04,6.93,6.95,6.71,6.75,231200,6.37,91588.0,6.02933333333,6.091,6.0068,5.6158,6.69129659336,6.091,5.49070340664,0.167731421728,0.0844515963895,0.0832798253388,69.2367926253,77.4808568055,66.3077332904
556,2012-08-31,6.55,6.8,6.45,6.75,204400,6.37,91092.0,5.99266666667,6.0545,5.9896,5.60526666667,6.57332463319,6.0545,5.53567536681,0.135125140043,0.0636316400548,0.0714934999885,69.2367926253,69.886653907,57.5731822701
557,2012-08-30,6.86,6.91,6.46,6.47,453800,6.11,87758.0,5.96,6.0225,5.969,5.595,6.43354136045,6.0225,5.61145863955,0.0915422112012,0.0457582650577,0.0457839461435,63.8878041786,60.8735984512,49.4426947244
558,2012-08-29,6.5,6.68,6.36,6.44,838400,6.08,79220.0,5.94166666667,5.998,5.9574,5.5868,6.35417972991,5.998,5.64182027009,0.063092113498,0.0343122785218,0.0287798349762,63.2521058888,56.9898239978,43.4806242255
559,2012-08-28,6.05,6.07,5.95,6.07,52100,5.73,63368.0,5.923,5.978,5.9446,5.57806666667,6.27218361613,5.978,5.68381638387,0.028916285324,0.0271173197778,0.00179896554628,53.9730141704,42.5426527243,40.3882315172
560,2012-08-27,5.98,6.05,5.98,6.05,19500,5.71,62926.0,5.914,5.982,5.9344,5.57193333333,6.28317104775,5.982,5.68082895225,0.0225476277591,0.0266675783912,-0.00411995063206,53.3821759274,37.3647037241,46.0500366905
561,2012-08-24,5.75,5.98,5.73,5.98,14100,5.64,63880.0,5.91,5.968,5.9254,5.56566666667,6.28102396074,5.968,5.65497603926,0.0161273029725,0.0276975660492,-0.0115702630767,51.3526304564,37.0253164557,56.6224440117
562,2012-08-23,5.89,5.91,5.7,5.74,37100,5.42,64768.0,5.914,5.964,5.9158,5.56,6.27835012327,5.964,5.64964987673,0.0148253276562,0.0305901318184,-0.0157648041622,43.5249742448,44.6202531646,66.694255112
563,2012-08-22,5.87,5.93,5.85,5.86,34300,5.53,64968.0,5.925,5.961,5.906,5.5562,6.28484564224,5.961,5.63715435776,0.0373842562138,0.0345313328589,0.00285292335491,47.0390948145,65.1898734177,71.7369601019
564,2012-08-21,6.27,6.27,5.98,5.99,52300,5.65,65114.0,5.93366666667,5.9535,5.8958,5.55046666667,6.29292745911,5.9535,5.61407254089,0.0534156994825,0.0338181020202,0.0195975974623,51.1972656173,79.6543330088,66.544667436
565,2012-08-20,6.3,6.39,6.2,6.22,79200,5.87,64878.0,5.937,5.939,5.8822,5.54373333333,6.29530885479,5.939,5.58269114521,0.0598643314437,0.0289187026546,0.0309456287891,59.8956466285,77.3125608569,52.7774686635
566,2012-08-17,6.18,6.25,6.08,6.25,80900,5.9,63904.0,5.94533333333,5.9105,5.8658,5.53473333333,6.26351416402,5.9105,5.55748583598,0.0438061950533,0.0211822954574,0.022623899596,61.1540670013,64.7910731244,38.5123795957
567,2012-08-16,5.87,6.2,5.83,6.19,58300,5.84,63808.0,5.95,5.8865,5.847,5.52613333333,6.20776468838,5.8865,5.56523531162,0.0196184472234,0.0155263205584,0.00409212666499,59.576795208,44.420702754,28.1863044363
568,2012-08-15,5.79,5.97,5.79,5.86,36500,5.53,64264.0,5.947,5.873,5.8314,5.51766666667,6.16331706805,5.873,5.58268293195,-0.00543018287563,0.0145032888921,-0.0199334717677,49.0013805188,24.5855379189,24.8787477954
569,2012-08-14,5.75,5.85,5.73,5.83,27600,5.5,64754.0,5.95266666667,5.874,5.8222,5.51033333333,6.1642688409,5.874,5.5837311591,-0.0037223589965,0.019486656834,-0.0232090158305,47.8496618012,20.2522045855,28.9001122334
570,2012-08-13,5.75,5.75,5.6,5.75,43700,5.43,67744.0,5.96333333333,5.8725,5.8138,5.50306666667,6.16397041016,5.8725,5.58102958984,0.00156613415827,0.0252889107917,-0.0237227766334,44.7606421193,23.4867724868,36.8000998599
571,2012-08-10,5.85,5.85,5.71,5.79,32300,5.46,68422.0,5.96733333333,5.8815,5.806,5.4974,6.16836407931,5.8815,5.59463592069,0.0164388489244,0.03121960495,-0.0147807560256,46.026415688,31.1904761905,44.6369165255
572,2012-08-09,5.97,5.97,5.83,5.83,49200,5.5,70326.0,5.962,5.897,5.8026,5.49173333333,6.19567038688,5.897,5.59832961312,0.0311100034234,0.0349147939564,-0.00380479053305,47.2676067658,40.670995671,51.2008869753
573,2012-08-08,6.0,6.09,5.96,5.97,37000,5.63,71222.0,5.96266666667,5.909,5.7986,5.48533333333,6.21513069105,5.909,5.60286930895,0.0453104951159,0.0358659915897,0.00944450352623,51.8082086688,51.8521550913,57.2801914887
574,2012-08-07,6.05,6.07,5.98,6.03,76700,5.69,71048.0,5.957,5.9165,5.7964,5.47706666667,6.23532753959,5.9165,5.59767246041,0.0485218791291,0.0335048657081,0.0150170134209,53.8674870502,54.8340391493,59.7836221743
575,2012-08-06,6.13,6.15,5.98,6.02,38800,5.68,70086.0,5.95066666667,5.9195,5.7938,5.46833333333,6.24362806111,5.9195,5.59537193889,0.0458059092095,0.0297506123529,0.0160552968565,53.5819467098,57.4463579898,62.3458420137
576,2012-08-03,6.04,6.25,6.03,6.11,74300,5.77,70208.0,5.94633333333,5.942,5.7904,5.45826666667,6.34402487485,5.942,5.53997512515,0.0426912580144,0.0257367881388,0.0169544698757,56.5047752441,64.9882137245,62.3178115237
577,2012-08-02,6.03,6.13,5.97,5.98,47900,5.64,70002.0,5.93333333333,5.956,5.7854,5.44773333333,6.39796832466,5.956,5.51403167534,0.0289312303726,0.0214981706699,0.00743305970274,53.0712521191,61.8658778336,57.5177709153
578,2012-08-01,6.22,6.41,5.93,6.04,109400,5.7,70124.0,5.93033333333,5.962,5.7812,5.43786666667,6.40834515792,5.962,5.51565484208,0.0241839771952,0.0196399057442,0.00454407145106,54.9296045697,65.0829185068,51.9419417306
579,2012-07-31,6.15,6.32,5.99,6.15,150600,5.8,68820.0,5.92233333333,5.9615,5.7706,5.42793333333,6.40751681583,5.9615,5.51548318417,0.0116638980169,0.0185038878814,-0.00683998986451,58.4115693727,57.3342360299,42.290856827
580,2012-07-30,6.0,6.0,5.74,5.77,29200,5.45,66468.0,5.90266666667,5.9615,5.7584,5.41793333333,6.40751681583,5.9615,5.51548318417,-0.0156859324691,0.0202138853475,-0.0358998178167,47.7964718689,45.7880512909,32.9165890073
581,2012-07-27,5.73,5.95,5.66,5.9,62200,5.51,66760.0,5.897,5.9665,5.7532,5.411,6.40601222964,5.9665,5.52698777036,-0.0116751934536,0.0291888398017,-0.0408640332553,52.0138815656,39.5625610948,25.5260895945
582,2012-07-26,5.74,5.77,5.68,5.68,35400,5.31,66010.0,5.88366666667,5.953,5.749,5.4032,6.41582177995,5.953,5.49017822005,-0.0196225746599,0.0394048481155,-0.0590274227754,44.2891296511,26.4785788924,18.7197405085
583,2012-07-25,5.72,5.75,5.68,5.71,45600,5.33,67002.0,5.86933333333,5.9615,5.7472,5.3976,6.4099763093,5.9615,5.5130236907,-0.00708090376809,0.0541617038094,-0.0612426075775,45.210690356,19.837164751,14.6695402299
584,2012-07-24,5.71,5.73,5.64,5.7,32000,5.33,66860.0,5.85733333333,5.966,5.7504,5.3904,6.40601818144,5.966,5.52598181856,0.00597527840676,0.0694723557037,-0.063497077297,44.8555313591,16.2260536398,13.0336617406
585,2012-07-23,5.71,5.71,5.49,5.65,71600,5.28,67002.0,5.84433333333,5.973,5.749,5.38366666667,6.40013463919,5.973,5.54586536081,0.0235709832422,0.085346625028,-0.0617756417858,43.1443910226,12.337164751,13.7892763068
586,2012-07-20,5.86,5.88,5.75,5.77,48100,5.39,66350.0,5.836,5.985,5.7482,5.37726666667,6.38796401824,5.985,5.58203598176,0.0507775594759,0.100790535474,-0.0500129759985,46.3495989776,10.2777777778,17.507853836
587,2012-07-19,5.9,6.0,5.76,5.92,57800,5.53,65908.0,5.82066666667,5.9825,5.744,5.37066666667,6.39134593675,5.9825,5.57365406325,0.0725462795491,0.113293779474,-0.0407474999249,50.7234720051,13.2936507937,24.5769262566
588,2012-07-18,5.78,5.92,5.76,5.88,60600,5.49,65424.0,5.80366666667,5.981,5.7392,5.3612,6.39097073066,5.981,5.57102926934,0.0840031363764,0.123480654455,-0.0394775180789,49.5444742579,19.2485119048,33.0084325397
589,2012-07-17,6.0,6.0,5.75,5.8,40600,5.42,64892.0,5.78766666667,5.977,5.7306,5.35226666667,6.39236008475,5.977,5.56163991525,0.101477115289,0.133350033975,-0.0318729186864,47.198267055,27.2114748677,42.5885564852
590,2012-07-16,6.11,6.11,5.86,5.93,35800,5.54,65048.0,5.77466666667,5.965,5.7212,5.3438,6.41272759575,5.965,5.51727240425,0.130449690332,0.141318263647,-0.0108685733143,50.7598815473,38.5540674603,53.1082848079
591,2012-07-13,6.07,6.15,6.0,6.1,63800,5.7,65612.0,5.75566666667,5.9485,5.7102,5.3342,6.42365365936,5.9485,5.47334634064,0.152295417892,0.144035406975,0.00826001091728,55.8802353272,47.0196759259,62.9522365475
592,2012-07-12,6.1,6.14,6.01,6.07,58500,5.67,65960.0,5.73966666667,5.9185,5.6974,5.3246,6.42625092319,5.9185,5.41074907681,0.160654213173,0.141970404246,0.0186838089267,55.1386877995,57.5690076869,72.3076236856
593,2012-07-11,6.08,6.19,6.01,6.12,93300,5.72,66570.0,5.725,5.8775,5.6908,5.31533333333,6.45704723707,5.8775,5.29795276293,0.172040832411,0.137299452014,0.034741380397,56.6112464015,69.2903881583,79.5784491099
594,2012-07-10,6.58,6.65,6.07,6.09,116800,5.69,69358.0,5.71633333333,5.839,5.6886,5.30513333333,6.45042129502,5.839,5.22757870498,0.17898097795,0.128614106915,0.0503668710349,55.9559006916,77.9298744188,83.1482572694
595,2012-07-09,6.42,6.63,6.34,6.47,202000,6.04,68250.0,5.71,5.8,5.679,5.29386666667,6.44118640035,5.8,5.15881359965,0.188290313122,0.116022389156,0.0722679239655,68.0440934619,84.4412244785,81.1685769283
596,2012-07-06,6.02,6.45,6.0,6.39,178500,5.97,65414.0,5.68933333333,5.7465,5.6608,5.27973333333,6.33121446023,5.7465,5.16178553977,0.158742732732,0.0979554081648,0.0607873245671,66.6350388802,86.6523093842,78.1918194409
597,2012-07-05,5.99,6.16,5.9,6.1,180200,5.7,62638.0,5.67166666667,5.6925,5.644,5.26713333333,6.22683603659,5.6925,5.15816396341,0.126865744922,0.082758577023,0.044107167899,60.819814297,83.5696207962,73.6444650228
598,2012-07-03,6.15,6.16,5.89,6.03,53100,5.63,59670.0,5.66066666667,5.658,5.6312,5.25366666667,6.17132640688,5.658,5.14467359312,0.113861069646,0.0717317850483,0.0421292845976,59.2270047733,70.0111530542,70.0082532342
599,2012-07-02,5.85,6.19,5.81,6.15,107500,5.75,59900.0,5.64333333333,5.6265,5.6142,5.2404,6.12164745279,5.6265,5.13135254721,0.102733486735,0.0611994638989,0.0415340228359,63.3249962327,72.5341945289,73.442336198
600,2012-06-29,5.71,5.89,5.69,5.87,49100,5.48,58558.0,5.623,5.5895,5.5976,5.2248,6.03024822745,5.5895,5.14875177255,0.0748181574668,0.0508159581899,0.0240021992769,56.8572809462,68.462891712,75.115125594
601,2012-06-28,5.77,5.78,5.57,5.63,14900,5.26,58326.0,5.611,5.564,5.5854,5.2118,5.99580551178,5.564,5.13219448822,0.0666088730924,0.0448154083707,0.0217934647218,49.8129279053,69.0247736419,78.5979942153
602,2012-06-27,5.83,5.85,5.58,5.85,18400,5.47,58548.0,5.613,5.5635,5.579,5.20213333333,5.99502172599,5.5635,5.13197827401,0.0795983483369,0.0393670421902,0.0402313061467,57.8535654482,83.7474849095,82.7774321367
603,2012-06-26,5.83,5.88,5.6,5.8,16400,5.42,59026.0,5.60433333333,5.5525,5.573,5.19133333333,5.96504696702,5.5525,5.13995303298,0.0726198480368,0.0293092156535,0.0433106323833,56.3672051794,79.2253521127,82.4861394243
604,2012-06-25,5.83,5.9,5.76,5.84,28400,5.46,59300.0,5.60666666667,5.5555,5.5654,5.18206666667,5.97599851367,5.5555,5.13500148633,0.0677473644096,0.0184815575577,0.0492658068518,57.8836422822,82.3943661972,84.6568059674
605,2012-06-22,5.81,5.92,5.64,5.89,206400,5.5,59372.0,5.59966666667,5.5585,5.5536,5.17226666667,5.9878378623,5.5585,5.1291621377,0.0564701600067,0.00616510584478,0.0503050541619,59.7494067899,85.7425253274,84.4078264289
606,2012-06-21,5.86,5.9,5.58,5.72,37700,5.34,55720.0,5.59033333333,5.5565,5.5442,5.16186666667,5.97997491071,5.5565,5.13302508929,0.0361640531505,-0.00641115769569,0.0425752108462,55.1892774976,82.5823140598,77.2911053534
607,2012-06-20,5.82,5.96,5.82,5.89,26900,5.5,55748.0,5.585,5.5635,5.5372,5.15346666667,6.0019187496,5.5635,5.1250812504,0.027029145081,-0.0170549604072,0.0440841054882,61.677854212,87.9080182851,67.0972495949
608,2012-06-19,5.55,5.82,5.55,5.8,45800,5.42,56072.0,5.578,5.5575,5.5262,5.14413333333,5.98090878593,5.5575,5.13409121407,-0.00233256151077,-0.0280759867793,0.0257434252685,59.3270910624,81.3984480432,50.6713995982
609,2012-06-18,5.54,5.63,5.49,5.56,30000,5.19,56294.0,5.56633333333,5.543,5.5182,5.13606666667,5.9518080234,5.543,5.1341919766,-0.030611211575,-0.0345118430964,0.00390063152144,52.0426095048,57.2756410256,33.2252275578
610,2012-06-15,5.49,5.65,5.48,5.6,67200,5.23,56144.0,5.55866666667,5.542,5.5158,5.12826666667,5.95073463274,5.542,5.13326536726,-0.0418234345795,-0.0354870009768,-0.00633643360268,53.5262346088,41.8068910256,22.3532355326
611,2012-06-14,5.28,5.5,5.26,5.5,58500,5.14,55528.0,5.55133333333,5.5375,5.5118,5.1196,5.94556249521,5.5375,5.12943750479,-0.0595986947113,-0.0339028925761,-0.0256958021352,50.2326814652,22.2046182984,15.0074617277
612,2012-06-13,5.32,5.38,5.25,5.25,47100,4.9,54854.0,5.55,5.547,5.5122,5.1132,5.95994551699,5.547,5.13405448301,-0.0712376820838,-0.0274789420423,-0.0437587400415,40.4328404301,11.6137598814,12.5237353035
613,2012-06-12,5.32,5.36,5.25,5.35,41600,5.0,54650.0,5.56633333333,5.564,5.5186,5.10733333333,5.95399487176,5.564,5.17400512824,-0.0596025324089,-0.0165392570319,-0.0430632753769,43.6234218065,13.7876729249,11.9646210516
614,2012-06-11,5.43,5.43,5.31,5.31,40500,4.96,55036.0,5.58833333333,5.59,5.52,5.1018,5.98869788061,5.59,5.19130211939,-0.0540667227161,-0.0057734381877,-0.0482932845284,41.9211500641,12.4237958063,10.4244824814
615,2012-06-08,5.27,5.41,5.25,5.4,30500,5.04,54820.0,5.59833333333,5.606,5.5218,5.0974,5.9835923728,5.606,5.2284076272,-0.0421418641959,0.0062998829444,-0.0484417471403,44.7438267543,12.2697126013,10.7580873175
616,2012-06-07,5.45,5.45,5.25,5.31,76100,4.96,55400.0,5.60366666667,5.6165,5.5222,5.09033333333,5.98208309589,5.6165,5.25091690411,-0.0354720722055,0.0184103197295,-0.053882391935,41.058604556,9.37730287399,12.8964703051
617,2012-06-06,5.41,5.44,5.39,5.41,81100,5.05,54910.0,5.61166666667,5.629,5.5282,5.08273333333,5.96793362182,5.629,5.29006637818,-0.0172793984694,0.0318809177132,-0.0491603161826,44.0926485048,7.62711864407,20.3519543411
618,2012-06-05,5.38,5.44,5.38,5.4,61000,5.04,55048.0,5.61333333333,5.6425,5.5308,5.077,5.96665274177,5.6425,5.31834725823,-0.0039894127411,0.0441709967589,-0.0481604095,43.706377423,13.7582151505,33.8788481494
619,2012-06-04,5.42,5.49,5.37,5.41,177100,5.05,54422.0,5.606,5.645,5.5312,5.07333333333,5.96233263305,5.645,5.32766736695,0.0140496514101,0.0562110991339,-0.0421614477237,43.988591485,20.8232445521,49.139383093
620,2012-06-01,5.53,5.64,5.35,5.36,77600,5.01,51942.0,5.603,5.641,5.528,5.0688,5.97181112436,5.641,5.31018887564,0.0358515165426,0.0667514610648,-0.0308999445222,42.2575216885,39.1992390176,65.9083944927
621,2012-05-31,5.66,5.83,5.58,5.62,127500,5.25,51064.0,5.59966666667,5.642,5.5278,5.0632,5.96951183185,5.642,5.31448816815,0.0682480568893,0.0744764471954,-0.00622839030604,49.6697486218,61.7346938776,77.2016415262
622,2012-05-30,5.85,5.89,5.62,5.63,94000,5.26,51082.0,5.58933333333,5.634,5.5248,5.05493333333,5.97095103502,5.634,5.29704896498,0.0821323966498,0.0760335447719,0.00609885187793,49.9828664612,74.8003549246,78.5635366187
623,2012-05-29,5.91,5.91,5.77,5.86,28300,5.47,50310.0,5.58666666667,5.6395,5.5216,5.04806666667,5.97958675364,5.6395,5.29941324636,0.0976410281746,0.0745088318024,0.0231321963722,57.7593094951,87.8992901508,73.6832502341
624,2012-05-25,5.83,5.94,5.75,5.9,28600,5.51,51420.0,5.572,5.647,5.5104,5.0386,6.01191642879,5.647,5.28208357121,0.0925972665474,0.0687257827093,0.0238714838381,59.2479176686,84.3722271517,62.1092172134
625,2012-05-24,5.87,5.9,5.8,5.85,44900,5.47,51774.0,5.55033333333,5.6325,5.4992,5.02793333333,5.97861414302,5.6325,5.28638585698,0.0807399960116,0.0627579117498,0.0179820842618,57.991240892,67.1822742475,51.0650254948
626,2012-05-23,5.7,5.9,5.61,5.86,64000,5.47,51374.0,5.536,5.618,5.4854,5.01853333333,5.95048157844,5.618,5.28551842156,0.0695223162221,0.0582623906844,0.0112599255377,58.3252634564,55.2792093865,45.752998437
627,2012-05-22,5.5,5.77,5.5,5.77,54000,5.39,51148.0,5.51966666667,5.6025,5.4732,5.00986666667,5.91681671925,5.6025,5.28818328075,0.0531750621457,0.0554474092999,-0.00227234715419,56.2177553514,41.6031580679,44.707721201
628,2012-05-21,5.52,5.54,5.45,5.51,44200,5.15,50544.0,5.50533333333,5.587,5.4596,5.00046666667,5.89729663227,5.587,5.27670336773,0.0407002024025,0.0560154960885,-0.015315293686,49.3462086446,40.1954602774,47.1008700819
629,2012-05-18,5.5,5.62,5.46,5.54,33000,5.18,50088.0,5.50166666667,5.5705,5.454,4.99406666667,5.92706556199,5.5705,5.21393443801,0.0506584693862,0.05984431951,-0.00918585012375,50.1902012466,45.9341660161,47.8895154553
630,2012-05-17,5.68,5.69,5.5,5.51,43800,5.15,49692.0,5.49833333333,5.5595,5.4456,4.98646666667,5.93235251776,5.5595,5.18664748224,0.0595774433271,0.0621407820409,-0.00256333871384,49.3863647948,51.0981004424,46.0770265829
631,2012-05-16,5.6,5.75,5.56,5.69,24700,5.32,49530.0,5.49466666667,5.547,5.4358,4.98013333333,5.94177081959,5.547,5.15222918041,0.0731492617995,0.0627816167194,0.0103676450802,54.2655053366,51.1757535916,41.7235541038
632,2012-05-15,5.87,5.91,5.56,5.59,85000,5.22,49448.0,5.489,5.528,5.419,4.97193333333,5.92992536621,5.528,5.12607463379,0.0710805753873,0.0601897054493,0.010890869938,51.809433226,43.3500417711,36.7999860763
633,2012-05-14,5.54,5.9,5.54,5.87,38500,5.48,47960.0,5.48833333333,5.526,5.4056,4.96426666667,5.92706857269,5.526,5.12493142731,0.0775880981792,0.0574669879648,0.0201211102144,60.2174357799,38.6842105263,32.7681429619
634,2012-05-11,5.58,5.67,5.51,5.63,39100,5.26,48054.0,5.47333333333,5.5035,5.3858,4.9536,5.87418989735,5.5035,5.13281010265,0.0562564185691,0.0524367104112,0.00381970815787,54.3166403924,33.6842105263,29.4536992328
635,2012-05-10,5.59,5.74,5.57,5.61,39000,5.24,47956.0,5.46566666667,5.4845,5.3744,4.94453333333,5.86610057652,5.4845,5.10289942348,0.0526475268694,0.0514817833718,0.00116574349764,53.7862161283,31.4814814815,26.6094389899
636,2012-05-09,5.63,5.7,5.54,5.56,26000,5.19,48264.0,5.45933333333,5.475,5.3606,4.93526666667,5.85307406682,5.475,5.09692593318,0.0493118501637,0.0511903474973,-0.00187849733366,52.5060723214,27.2226693134,26.0211787113
637,2012-05-08,5.39,5.69,5.39,5.68,33600,5.31,47968.0,5.461,5.4655,5.3534,4.9258,5.84410137348,5.4655,5.08689862652,0.0494279595297,0.0516599718308,-0.00223201230111,55.9606633668,25.4264356099,31.4256286103
638,2012-05-07,5.3,5.58,5.3,5.45,34000,5.09,47614.0,5.45633333333,5.4485,5.3464,4.9142,5.81745934735,5.4485,5.07954065265,0.0366390233454,0.052217974906,-0.0155789515606,50.1197976201,22.3071695549,42.1451200256
639,2012-05-04,5.38,5.46,5.32,5.33,48400,4.98,47780.0,5.45533333333,5.446,5.3462,4.90506666667,5.8155619028,5.446,5.0764380972,0.0432009408216,0.0561127127962,-0.0129117719746,46.6946779182,29.128440367,58.1742444684
640,2012-05-03,5.46,5.57,5.36,5.38,64000,5.03,47330.0,5.45266666667,5.4515,5.3494,4.89693333333,5.81724718044,5.4515,5.08575281956,0.0631661381702,0.0593406557898,0.00382548238033,47.9690997118,48.8404689093,75.283474246
641,2012-05-02,5.73,5.93,5.45,5.46,81200,5.1,46754.0,5.45166666667,5.4525,5.348,4.88786666667,5.81756848673,5.4525,5.08743151327,0.0826393007762,0.0583842851948,0.0242550155815,49.9964085467,68.3044012712,86.4230302213
642,2012-05-01,6.25,6.25,5.68,5.74,89000,5.36,45312.0,5.452,5.4555,5.3448,4.8804,5.82174991468,5.4555,5.08925008532,0.098146656673,0.0523205312994,0.0458261253737,57.9570481815,86.4236673263,87.5413743479
643,2012-04-30,5.62,6.06,5.62,6.01,232700,5.61,44394.0,5.443,5.447,5.3372,4.86946666667,5.79381983796,5.447,5.10018016204,0.0880030031934,0.040863999956,0.0471390032374,67.5939654633,97.5653594771,80.7965686275
644,2012-04-27,5.55,5.62,5.52,5.61,61400,5.18,40474.0,5.41933333333,5.4175,5.32,4.85653333333,5.64891953245,5.4175,5.18608046755,0.0462850599783,0.0290792491466,0.0172058108317,57.9829586569,93.3986928105,67.2385620915
645,2012-04-26,5.53,5.56,5.5,5.56,60200,5.14,40236.0,5.41033333333,5.407,5.3056,4.84573333333,5.62092522058,5.407,5.19307477942,0.0330918297659,0.0247777964387,0.00831403332723,56.4849732635,72.7777777778,52.6388888889
646,2012-04-25,5.5,5.56,5.49,5.55,39700,5.13,39578.0,5.397,5.4,5.2952,4.83526666667,5.60228692494,5.4,5.19771307506,0.0208620438619,0.0226992881069,-0.00183724424497,56.1949373828,59.4444444444,47.9513888889
647,2012-04-24,5.17,5.49,5.17,5.46,31800,5.05,39308.0,5.387,5.403,5.289,4.82486666667,5.61561232326,5.403,5.19038767674,0.005967123761,0.0231585991681,-0.0171914754071,53.6109790484,43.3333333333,47.6346371882
648,2012-04-23,5.3,5.4,5.16,5.18,64600,4.79,39378.0,5.37466666667,5.407,5.2848,4.81546666667,5.6266451684,5.407,5.1873548316,-0.00396736878616,0.0274564680199,-0.0314238368061,44.0820714827,35.0,49.262329932
649,2012-04-20,5.34,5.42,5.29,5.32,40400,4.92,38654.0,5.37633333333,5.419,5.2882,4.80826666667,5.61238045403,5.419,5.22561954597,0.0119194042723,0.0353124272215,-0.0233930229491,48.7294108675,54.0277777778,53.0364873222
650,2012-04-19,5.3,5.39,5.26,5.26,37500,4.86,38388.0,5.36966666667,5.4155,5.2904,4.7996,5.61822888299,5.4155,5.21277111701,0.0177687850958,0.0411606829587,-0.0233918978629,46.484168635,58.1774376417,48.0606447124
651,2012-04-18,5.5,5.53,5.3,5.31,26000,4.91,38222.0,5.36166666667,5.42,5.292,4.79226666667,5.61245778758,5.42,5.22754221242,0.0310853579272,0.0470086574245,-0.0159232994972,48.1146129154,49.8441043084,38.734331145
652,2012-04-17,5.43,5.56,5.42,5.55,42300,5.13,38180.0,5.34633333333,5.428,5.293,4.78386666667,5.61471904027,5.428,5.24128095973,0.0425390874986,0.0509894822988,-0.00845039480018,57.0305016309,50.0966295609,33.0939150136
653,2012-04-16,5.26,5.45,5.11,5.42,30100,5.01,38704.0,5.32533333333,5.424,5.2892,4.77366666667,5.6033766986,5.424,5.2446233014,0.0321030974243,0.0531020809988,-0.0209989835746,52.6139245799,34.1244073387,27.7946507857
654,2012-04-13,5.38,5.43,5.25,5.25,32000,4.85,39068.0,5.30733333333,5.418,5.2862,4.76413333333,5.60536061486,5.418,5.23063938514,0.0315523886759,0.0583518268925,-0.0267994382165,45.8562949634,20.8721833722,27.6458495208
655,2012-04-12,5.35,5.49,5.35,5.42,23800,5.01,39908.0,5.301,5.4225,5.287,4.75626666667,5.59741426471,5.4225,5.24758573529,0.0476996311291,0.0650516864466,-0.0173520553175,52.8555079751,27.2824397824,34.451486014
656,2012-04-11,5.41,5.41,5.27,5.37,39100,4.96,40428.0,5.28433333333,5.4095,5.282,4.74746666667,5.61854305777,5.4095,5.20045694223,0.0503064804984,0.069389700276,-0.0190832197775,50.804772612,28.8995726496,42.9131054131
657,2012-04-10,5.37,5.43,5.33,5.34,43100,4.94,40262.0,5.27866666667,5.4035,5.2788,4.7392,5.62334312589,5.4035,5.18365687411,0.0579929467044,0.0741605052203,-0.0161675585159,49.5829081946,33.5292022792,50.8502492877
658,2012-04-09,5.35,5.44,5.3,5.4,56900,4.99,40364.0,5.27833333333,5.391,5.2768,4.73093333333,5.64898449566,5.391,5.13301550434,0.0700146843461,0.0782023948493,-0.00818771050324,51.9805611454,48.0947293447,57.629985755
659,2012-04-05,5.39,5.48,5.39,5.44,22500,5.03,39790.0,5.27966666667,5.3825,5.2714,4.723,5.6497732684,5.3825,5.1152267316,0.0782313068001,0.0802493224751,-0.00201801567504,53.5846132955,61.1289173789,60.217276332
660,2012-04-04,5.44,5.51,5.4,5.4,36400,4.99,40236.0,5.28133333333,5.3665,5.2656,4.71546666667,5.65551730052,5.3665,5.07748269948,0.0835080677243,0.0807538263939,0.00275424133041,52.2153685675,60.6481481481,60.1886401327
661,2012-04-03,5.54,5.59,5.46,5.52,24800,5.1,40046.0,5.27833333333,5.3475,5.2598,4.70953333333,5.67288438807,5.3475,5.02211561193,0.0931011979552,0.0800652660613,0.0130359318939,56.8905187855,60.6481481481,62.9587676696
662,2012-04-02,5.42,5.6,5.41,5.57,36900,5.15,40388.0,5.271,5.314,5.252,4.703,5.6947046099,5.314,4.9332953901,0.0917731394797,0.0768062830878,0.0149668563919,58.9320345197,58.4438916528,68.0437100213
663,2012-03-30,5.46,5.52,5.4,5.42,60900,5.01,40708.0,5.264,5.2815,5.244,4.6948,5.67981018064,5.2815,4.88318981936,0.0836522628148,0.0730645689898,0.010587693825,54.3706849323,61.0143725815,72.94316488
664,2012-03-29,5.4,5.45,5.38,5.4,29700,4.99,39982.0,5.255,5.2545,5.2356,4.68733333333,5.68361420391,5.2545,4.82538579609,0.0873430382308,0.0704176455336,0.0169253926972,53.7344731089,71.7286582958,76.0712681632
665,2012-03-28,5.63,5.63,5.41,5.42,59500,5.01,39648.0,5.238,5.2375,5.2272,4.6818,5.66914221295,5.2375,4.80585778705,0.0928197292056,0.0661862973593,0.0266334318463,54.4393052117,80.9879175551,76.6787670507
666,2012-03-27,5.57,5.69,5.53,5.61,51600,5.18,38944.0,5.22533333333,5.2125,5.2162,4.67533333333,5.65670153084,5.2125,4.76829846916,0.0964235096249,0.0595279393977,0.0368955702272,61.5627417006,78.0417110874,76.0131177902
667,2012-03-26,5.45,5.58,5.39,5.54,88000,5.12,38608.0,5.213,5.192,5.2032,4.66606666667,5.59704814529,5.192,4.78695185471,0.0802752655839,0.0503040468409,0.0299712187429,59.7614716538,73.5267857143,78.7142284799
668,2012-03-23,5.23,5.42,5.17,5.42,29700,5.01,37412.0,5.20333333333,5.1815,5.1908,4.65713333333,5.55993229249,5.1815,4.80306770751,0.0656238665993,0.0428112421552,0.0228126244441,56.5178034593,74.1586538462,84.4190705128
669,2012-03-22,5.3,5.35,5.15,5.25,53100,4.85,37280.0,5.201,5.1825,5.1776,4.64886666667,5.56354461681,5.1825,4.80145538319,0.058187006563,0.0371080860442,0.0210789205189,51.3599189243,78.3253205128,88.8481570513
670,2012-03-21,5.48,5.48,5.34,5.35,33700,4.94,36728.0,5.207,5.1945,5.1674,4.642,5.59776046174,5.1945,4.79123953826,0.065157603294,0.0318383559145,0.0333192473795,54.9182226008,88.8461538462,92.0831378987
671,2012-03-20,5.5,5.5,5.41,5.47,128400,5.06,36464.0,5.20666666667,5.1925,5.1584,4.63433333333,5.59304338092,5.1925,4.79195661908,0.0629250543463,0.0235085440696,0.0394165102768,59.5125713389,96.3461538462,90.1879104128
672,2012-03-19,5.33,5.47,5.31,5.47,55400,5.06,34666.0,5.203,5.184,5.1478,4.62726666667,5.56747881297,5.184,4.80052118703,0.0469420547172,0.0136544165004,0.0332876382168,59.5125713389,91.875,84.1260162602
673,2012-03-16,5.35,5.35,5.2,5.3,83800,4.9,33904.0,5.19933333333,5.1785,5.1358,4.61953333333,5.54832563459,5.1785,4.80867436541,0.0258591416673,0.00533250694618,0.0205266347212,54.9042659267,91.2652439024,76.6185659745
674,2012-03-15,5.14,5.34,5.02,5.34,46300,4.94,32426.0,5.19833333333,5.171,5.1244,4.6132,5.5367266739,5.171,4.8052733261,0.0158826360413,0.000200848265893,0.0156817877754,56.3044666367,81.2652439024,64.6018045485
675,2012-03-14,5.21,5.23,5.15,5.16,24900,4.77,31924.0,5.19666666667,5.1485,5.112,4.606,5.52507801317,5.1485,4.77192198683,-0.00115476039105,-0.00371959867796,0.00256483828691,51.0926897812,72.0985772358,51.9600431224
676,2012-03-13,5.14,5.25,5.05,5.25,52700,4.85,31944.0,5.197,5.1425,5.099,4.60206666667,5.52196673108,5.1425,4.76303326892,-0.00455660441359,-0.00436080824969,-0.000195796163899,54.0879503795,61.8451988574,38.0856428074
677,2012-03-12,5.23,5.23,5.06,5.09,23800,4.7,31938.0,5.19566666667,5.142,5.0846,4.59533333333,5.52092479465,5.142,4.76307520535,-0.0179959529018,-0.00431185920871,-0.0136840936931,49.1686883919,43.1981981982,24.4941816817
678,2012-03-09,5.11,5.25,5.11,5.23,21400,4.83,31884.0,5.20066666667,5.15,5.0728,4.59133333333,5.53094619043,5.15,4.76905380957,-0.0185967802027,-0.000890835785446,-0.0177059444173,53.8572640517,30.6981981982,15.840988677
679,2012-03-08,5.05,5.14,5.0,5.12,13200,4.73,31786.0,5.19733333333,5.156,5.0592,4.58633333333,5.54548170689,5.156,4.76651829311,-0.0333477011547,0.00353565031887,-0.0368833514736,50.4069972786,16.600975976,10.8264943025
680,2012-03-07,4.86,5.02,4.85,5.02,35700,4.64,31772.0,5.19833333333,5.1715,5.0498,4.58246666667,5.5783058505,5.1715,4.7646941495,-0.0404901827895,0.0127564881873,-0.0532466709767,47.0657490821,7.47935435435,11.8132366099
681,2012-03-06,4.87,4.95,4.85,4.85,20600,4.48,31428.0,5.20133333333,5.1875,5.044,4.5788,5.5943845045,5.1875,4.7806154955,-0.0388358203263,0.0260681559315,-0.0649039762577,40.7659938317,8.5854261796,19.1043569254
682,2012-03-05,4.87,4.94,4.87,4.92,10600,4.55,31532.0,5.21066666667,5.213,5.0416,4.57686666667,5.59526169047,5.213,4.83073830953,-0.0188502766685,0.0422941499959,-0.0611444266644,42.7094526689,10.6402207002,29.3723839422
683,2012-03-02,5.07,5.07,4.88,4.88,43200,4.51,32724.0,5.219,5.235,5.04,4.5748,5.59740860917,5.235,4.87259139083,-0.000194542375663,0.057580256662,-0.0577747990377,41.2226104858,20.5479452055,44.8630136986
684,2012-03-01,4.95,5.21,4.92,5.06,34200,4.68,32752.0,5.223,5.2545,5.035,4.57333333333,5.57831939411,5.2545,4.93068060589,0.0276925154654,0.0720239564214,-0.044331440956,46.2367580169,36.6438356164,59.8148913557
685,2012-02-29,5.25,5.26,4.91,4.92,54400,4.55,33110.0,5.22033333333,5.266,5.0276,4.57093333333,5.57747391544,5.266,4.95452608456,0.0445564690668,0.0831068166604,-0.0385503475936,41.0588926298,49.6575342466,71.4602031176
686,2012-02-28,5.33,5.33,5.17,5.2,11200,4.81,32820.0,5.21866666667,5.2785,5.023,4.56966666667,5.55106375401,5.2785,5.00593624599,0.0796874575679,0.0927444035588,-0.013056945991,50.0022394805,72.602739726,80.2742678318
687,2012-02-27,5.39,5.45,5.27,5.33,15900,4.93,33932.0,5.21066666667,5.279,5.0146,4.5668,5.55102205793,5.279,5.00697794207,0.0948591925992,0.0960086400566,-0.00114944745739,55.1843860869,80.3554558337,80.2270311762
688,2012-02-24,5.5,5.59,5.44,5.44,42300,5.03,34084.0,5.197,5.2745,4.998,4.56366666667,5.54597559743,5.2745,5.00302440257,0.0996077097832,0.0962960019209,0.00331170786225,60.0764135593,83.2250826641,73.6117758082
689,2012-02-23,5.33,5.49,5.33,5.49,25900,5.07,33722.0,5.17433333333,5.259,4.98,4.56033333333,5.52627513914,5.259,4.99172486086,0.0930197050284,0.0954680749553,-0.00244836992694,62.4116506304,84.9137931034,62.3529518136
690,2012-02-22,5.3,5.37,5.3,5.31,35200,4.91,34106.0,5.14933333333,5.242,4.9608,4.5564,5.49096586111,5.242,4.99303413889,0.078167092341,0.0960801674371,-0.0179130750961,56.7979514566,72.4137931034,47.6277691746
691,2012-02-21,5.35,5.35,5.26,5.3,9100,4.9,34102.0,5.13566666667,5.232,4.9444,4.5536,5.48526665789,5.232,4.97873334211,0.0764000544405,0.100558436211,-0.0241583817706,56.4625214069,53.8944343618,35.4416490357
692,2012-02-17,5.18,5.37,5.02,5.36,43100,4.95,34412.0,5.12366666667,5.2235,4.9316,4.5508,5.47847254754,5.2235,4.96852745246,0.0740515798193,0.106598031654,-0.0325464518344,59.015396231,38.1897866856,32.4358071786
693,2012-02-16,4.88,5.17,4.86,5.15,36700,4.76,34116.0,5.10733333333,5.214,4.918,4.54806666667,5.46198387044,5.214,4.96601612956,0.0638678674145,0.114734644612,-0.0508667771979,51.9555386165,26.0130625477,38.6306534391
694,2012-02-15,5.05,5.05,4.87,4.89,49500,4.52,34508.0,5.09333333333,5.2065,4.9068,4.54693333333,5.47033896604,5.2065,4.94266103396,0.0713225782372,0.127451338912,-0.0561287606746,40.0914841463,23.6693125477,50.1733666315
695,2012-02-14,5.18,5.19,4.98,5.04,27300,4.66,34074.0,5.08766666667,5.211,4.897,4.54773333333,5.45545040397,5.211,4.96654959603,0.106272808004,0.14148352908,-0.0352107210766,46.2037178906,41.8710669336,64.8616390344
696,2012-02-13,5.29,5.3,5.17,5.24,26200,4.84,34274.0,5.07,5.2025,4.8832,4.5474,5.47976341266,5.2025,4.92523658734,0.13406349679,0.15028620935,-0.01622271256,56.9541905081,62.9691717274,75.9282654104
697,2012-02-10,5.27,5.41,5.2,5.25,35300,4.85,35180.0,5.04633333333,5.1885,4.8684,4.54546666667,5.48442397672,5.1885,4.89257602328,0.147220870523,0.15434188749,-0.0071210169668,57.5761738534,72.1839153171,81.3291514101
698,2012-02-09,5.39,5.44,5.33,5.35,28400,4.94,35108.0,5.02133333333,5.172,4.845,4.54333333333,5.4884553681,5.172,4.8555446319,0.160854887607,0.156122141731,0.00473274587612,64.0737026067,82.4224021592,85.8726656148
699,2012-02-08,5.37,5.44,5.3,5.43,27100,5.02,35324.0,4.99466666667,5.1425,4.8188,4.541,5.49502659474,5.1425,4.78997340526,0.165735325594,0.154938955262,0.0107963703316,69.9366432333,86.1375724379,87.1786056059
700,2012-02-07,5.37,5.44,5.28,5.34,29200,4.94,35146.0,4.96866666667,5.108,4.7864,4.53806666667,5.47594564816,5.108,4.74005435184,0.161408388979,0.152239862679,0.00916852629945,66.7592228045,84.572715726,87.4822236155
701,2012-02-06,5.32,5.43,5.27,5.36,23900,4.95,35746.0,4.94833333333,5.086,4.758,4.536,5.44840309049,5.086,4.72359690951,0.162701522405,0.149947731105,0.0127537913005,68.2476504231,90.3579721362,88.7285263913
702,2012-02-03,5.38,5.39,5.21,5.36,68500,4.95,35468.0,4.92733333333,5.065,4.7344,4.53373333333,5.40970277051,5.065,4.72029722949,0.159949099652,0.146759283279,0.0131898163728,68.2476504231,87.6461621234,88.1412868037
703,2012-02-02,5.27,5.3,5.13,5.27,48300,4.87,34568.0,4.91,5.0405,4.7118,4.53133333333,5.36702564983,5.0405,4.71397435017,0.15410947498,0.143461829186,0.0106476457939,65.2406670367,87.3520444763,89.8208833966
704,2012-02-01,5.27,5.3,5.12,5.29,74000,4.89,34228.0,4.88866666667,5.0135,4.6946,4.52973333333,5.34883714378,5.0135,4.67816285622,0.153578034399,0.140799917738,0.0127781166611,66.5409777547,89.5579268293,91.4914622314
705,2012-01-31,5.21,5.29,5.12,5.17,49800,4.78,33242.0,4.86866666667,4.985,4.6762,4.52813333333,5.31837666385,4.985,4.65162333615,0.148629497011,0.137605388572,0.0110241084387,62.3614393126,88.0090137858,92.1388723649
706,2012-01-30,5.12,5.25,5.12,5.21,30800,4.82,32598.0,4.85266666667,4.952,4.6594,4.52673333333,5.33287268214,4.952,4.57112731786,0.152369662062,0.134849361463,0.0175203005988,64.8695699856,94.364548495,93.71698902
707,2012-01-27,5.12,5.24,5.06,5.24,48200,4.8,32578.0,4.83833333333,4.918,4.6444,4.52506666667,5.32141541864,4.918,4.51458458136,0.15085445946,0.130469286313,0.0203851731465,66.738916271,94.0343598157,93.9466066132
708,2012-01-26,5.15,5.15,5.05,5.13,28200,4.7,32200.0,4.81366666667,4.881,4.6294,4.52313333333,5.29509660709,4.881,4.46690339291,0.143671717819,0.125372993026,0.0182987247926,63.1204816705,92.1475673629,94.7973996272
709,2012-01-25,5.09,5.15,5.08,5.15,44800,4.71,32184.0,4.794,4.852,4.6186,4.5214,5.27345462389,4.852,4.43054537611,0.143614157139,0.120798311828,0.0228158453104,64.3015039487,94.3214804064,94.887043413
710,2012-01-24,5.05,5.12,5.05,5.11,26900,4.68,31760.0,4.77333333333,4.827,4.6034,4.52006666667,5.23384640837,4.827,4.42015359163,0.139415391948,0.115094350501,0.0243210414477,63.0163876663,95.2830188679,94.0655618791
711,2012-01-23,5.15,5.16,5.05,5.13,41900,4.7,32122.0,4.75266666667,4.808,4.5872,4.51893333333,5.19522603218,4.808,4.42077396782,0.136101107768,0.109014090139,0.0270870176293,64.0875404772,97.4375318715,92.2684016122
712,2012-01-20,4.98,5.17,4.96,5.17,52900,4.73,31774.0,4.737,4.788,4.5754,4.51806666667,5.14692060403,4.788,4.42907939597,0.127854859847,0.102242335731,0.0256125241152,66.1765844827,92.5061425061,87.4054535819
713,2012-01-19,4.98,5.0,4.9,5.0,24600,4.58,30990.0,4.72066666667,4.7715,4.5594,4.51753333333,5.08628722973,4.7715,4.45671277027,0.111397214538,0.0958392047027,0.0155580098356,61.183161035,91.0355542708,82.538721877
714,2012-01-18,4.88,4.99,4.88,4.98,13000,4.56,30972.0,4.707,4.753,4.5498,4.51753333333,5.0551324213,4.753,4.4508675787,0.106080042315,0.0919497022438,0.0141303400713,60.5468655542,88.0943778003,77.4268921328
715,2012-01-17,4.99,4.99,4.85,4.87,24300,4.46,31532.0,4.68766666667,4.7385,4.5432,4.5184,5.02298374295,4.7385,4.45401625705,0.0997867782438,0.0884171172259,0.0113696610179,56.9421679456,77.9857397504,73.2954545455
716,2012-01-13,4.83,4.99,4.78,4.96,34800,4.54,32092.0,4.67033333333,4.7295,4.5326,4.51946666667,5.00810186647,4.7295,4.45089813353,0.101502840782,0.0855747019715,0.0159281388105,61.1896382639,73.0392156863,74.2348158776
717,2012-01-12,4.79,4.93,4.71,4.92,28200,4.5,32360.0,4.655,4.7205,4.5168,4.51973333333,4.97968912014,4.7205,4.46131087986,0.0930531192829,0.0815926672688,0.0114604520141,59.9569410929,70.5882352941,77.4938765882
718,2012-01-11,4.65,4.79,4.65,4.76,23100,4.36,32344.0,4.627,4.6995,4.5094,4.52066666667,4.95868912014,4.6995,4.44031087986,0.08498742938,0.0787275542653,0.00625987511474,54.6010767385,71.568627451,80.3190475267
719,2012-01-10,4.97,4.97,4.64,4.74,25500,4.34,32752.0,4.603,4.6885,4.5112,4.5222,4.9550539345,4.6885,4.4219460655,0.0897474043858,0.0771625854866,0.0125848188991,53.8851502169,81.7431850789,77.8149921801
720,2012-01-09,4.95,4.97,4.85,4.9,20500,4.49,35392.0,4.572,4.678,4.511,4.52386666667,4.95205109013,4.678,4.40394890987,0.0965538102384,0.0740163807618,0.0225374294765,61.0351908341,86.0754585288,67.6565785562
721,2012-01-06,4.86,4.98,4.82,4.94,38500,4.52,35736.0,4.53933333333,4.6575,4.5034,4.52433333333,4.92327245907,4.6575,4.39172754093,0.087545931014,0.0683820233927,0.0191639076213,62.9750179982,81.8889190482,52.5166257305
722,2012-01-05,4.74,4.88,4.71,4.87,17300,4.46,35650.0,4.514,4.6435,4.4922,4.5238,4.87564435164,4.6435,4.41135564836,0.0707024788984,0.0635910464874,0.00711143241103,60.9586934459,61.5524060646,35.5161242758
723,2012-01-04,4.68,4.77,4.62,4.73,9900,4.33,35998.0,4.49266666667,4.634,4.4868,4.5244,4.84265282169,4.634,4.42534717831,0.0553029821414,0.0618131883846,-0.00651020624322,56.5658894354,41.1095305832,25.884601707
724,2012-01-03,4.6,4.72,4.55,4.72,21200,4.32,36482.0,4.482,4.627,4.481,4.5262,4.83165580862,4.627,4.42234419138,0.049097762904,0.0634407399454,-0.0143429770414,56.2393099302,25.5156472262,24.8827698568
725,2011-12-30,4.51,4.52,4.48,4.51,25900,4.13,36512.0,4.47033333333,4.611,4.4726,4.52846666667,4.83334207879,4.611,4.38865792121,0.0414816792534,0.0670264842058,-0.0255448049524,48.7207580266,13.886913229,31.7918017467
726,2011-12-29,4.51,4.55,4.47,4.53,52400,4.15,36602.0,4.46433333333,4.603,4.4712,4.5318,4.84950354967,4.603,4.35649645033,0.0525392353319,0.0734126854439,-0.0208734501119,49.4724492325,23.0263157895,46.396878825
727,2011-12-28,4.55,4.55,4.47,4.5,21100,4.12,36408.0,4.462,4.6015,4.4718,4.53513333333,4.85011818115,4.6015,4.35288181885,0.0638521271219,0.0786310479719,-0.01477892085,48.3627765614,37.1022031824,58.8089045288
728,2011-12-27,4.62,4.62,4.53,4.55,16500,4.17,36866.0,4.46166666667,4.5805,4.469,4.53853333333,4.91572977195,4.5805,4.24527022805,0.0804172780666,0.0823257781844,-0.00190850011772,50.0643848559,53.1517747858,67.5230675078
729,2011-12-23,4.72,4.72,4.62,4.65,12500,4.26,37066.0,4.463,4.555,4.469,4.54153333333,4.96490242741,4.555,4.14509757259,0.0952998194097,0.0828029032138,0.0124969161959,53.5644000082,72.3072215422,72.1171717806
730,2011-12-22,4.75,4.75,4.6,4.73,18500,4.33,37468.0,4.45433333333,4.513,4.464,4.5436,5.03277302739,4.513,3.99322697261,0.102727356623,0.0796786741648,0.0230486824585,56.4985595131,72.6744186047,71.2575780163
731,2011-12-21,4.81,4.84,4.61,4.73,25800,4.33,38298.0,4.44,4.4725,4.4606,4.54546666667,5.04216218059,4.4725,3.90283781941,0.102567924389,0.0739165035502,0.0286514208386,56.4985595131,71.9588550984,71.2060652874
732,2011-12-20,4.75,4.84,4.66,4.84,70200,4.43,38806.0,4.43366666667,4.445,4.4552,4.54766666667,5.01538583433,4.445,3.87461416567,0.1008725338,0.0667536483405,0.0341188854596,60.4226650839,71.528191877,71.4828717094
733,2011-12-19,4.82,4.84,4.63,4.63,44600,4.24,38534.0,4.418,4.4145,4.4472,4.5488,4.96191118001,4.4145,3.86708881999,0.0860413620481,0.0582239269756,0.0278174350725,54.8654916658,68.8688464851,72.0004457887
734,2011-12-16,4.71,4.78,4.63,4.69,52100,4.29,38762.0,4.41433333333,4.4035,4.44,4.55153333333,4.94191526724,4.4035,3.86508473276,0.0872417012003,0.0512695682075,0.0359721329928,56.9884502549,72.468367689,72.2643179969
735,2011-12-15,4.85,4.85,4.55,4.69,39900,4.29,38416.0,4.413,4.3875,4.4316,4.55326666667,4.90968291814,4.3875,3.86531708186,0.0813957093371,0.0422765349593,0.0391191743778,56.9884502549,73.0660807867,73.3276997664
736,2011-12-14,4.53,4.85,4.5,4.78,66800,4.38,38256.0,4.40133333333,4.3695,4.4222,4.555,4.87322512346,4.3695,3.86577487654,0.072750160314,0.0324967413648,0.0402534189491,59.9907091155,73.5984881941,75.5498763783
737,2011-12-13,4.58,4.58,4.47,4.5,23500,4.12,38600.0,4.381,4.3535,4.4094,4.55653333333,4.82323503169,4.3535,3.88376496831,0.0514934754109,0.0224333866276,0.0290600887833,52.8085416881,69.9243353178,79.2785872142
738,2011-12-12,4.5,4.66,4.5,4.54,24200,4.16,39898.0,4.38266666667,4.353,4.3982,4.56006666667,4.82213111174,4.353,3.88386888826,0.052122310674,0.0151683644317,0.0369539462423,54.0967409604,76.7218947671,84.5260874512
739,2011-12-09,4.52,4.64,4.42,4.53,45100,4.15,41438.0,4.393,4.3555,4.389,4.5636,4.82910215371,4.3555,3.88189784629,0.0480940631637,0.00592987787117,0.0421641852925,53.8353178062,81.954787234,87.3139064291
740,2011-12-08,4.61,4.62,4.45,4.49,35000,4.11,41138.0,4.39966666667,4.3485,4.3806,4.5656,4.81567341534,4.3485,3.88132658466,0.0432711863318,-0.00461116845196,0.0478823547837,52.8376844598,88.5133315378,89.0828714841
741,2011-12-07,4.64,4.72,4.42,4.66,24600,4.27,41184.0,4.40066666667,4.339,4.3712,4.56753333333,4.80198596091,4.339,3.87601403909,0.0405587699197,-0.0165817571479,0.0571405270676,57.7640048023,90.914336266,85.2328728288
742,2011-12-06,4.5,4.75,4.5,4.68,28300,4.28,41566.0,4.39133333333,4.333,4.3648,4.56626666667,4.78209241811,4.333,3.88390758189,0.0191977035912,-0.0308668889148,0.050064592506,58.3584046288,87.8731706786,77.4579702137
743,2011-12-05,4.39,4.6,4.33,4.59,56300,4.2,41650.0,4.38866666667,4.3175,4.3532,4.56553333333,4.73811264841,4.3175,3.89688735159,-0.0103823876657,-0.0433830370413,0.0330006493756,56.4874478013,89.0306474541,65.5520546475
744,2011-12-02,4.5,4.53,4.31,4.4,27800,4.03,41154.0,4.38366666667,4.314,4.3428,4.56613333333,4.72657241789,4.314,3.90142758211,-0.0388226875948,-0.0516331993852,0.0128105117904,52.2848364277,73.1133369165,47.8584841203
745,2011-12-01,4.46,4.5,4.34,4.35,37300,3.98,42046.0,4.38033333333,4.3265,4.3346,4.5678,4.76318180635,4.3265,3.88981819365,-0.0552127040485,-0.0548358273328,-0.00037687671568,51.1314744503,59.8147258054,31.9526827859
746,2011-11-30,4.16,4.5,4.07,4.5,71500,4.12,42070.0,4.38333333333,4.326,4.3274,4.57033333333,4.76259592302,4.326,3.88940407698,-0.0702383220813,-0.0547416081539,-0.0154967139274,54.823024634,40.2495084141,17.5746592293
747,2011-11-29,4.01,4.11,4.01,4.08,31700,3.73,41920.0,4.38533333333,4.3095,4.3172,4.5724,4.7434804143,4.3095,3.8755195857,-0.103667553504,-0.050867429672,-0.0528001238319,44.3830046171,18.2563653452,10.1712733538
748,2011-11-28,3.95,4.08,3.95,4.04,39200,3.7,41876.0,4.39466666667,4.333,4.3166,4.57753333333,4.76562454854,4.333,3.90037545146,-0.102063880832,-0.037667398714,-0.0643964821182,43.2226647788,9.49013157895,8.87294778331
749,2011-11-25,3.92,3.99,3.81,3.81,18200,3.49,42338.0,4.41166666667,4.3735,4.3178,4.58313333333,4.83921557844,4.3735,3.90778442156,-0.0944597185374,-0.0215682781845,-0.0728914403529,36.1051810065,2.30263157895,10.2729374111
750,2011-11-23,4.15,4.15,3.85,3.92,59200,3.59,42498.0,4.43133333333,4.4195,4.322,4.58926666667,4.83222145571,4.4195,4.00677854429,-0.0599619009388,-0.00334541809625,-0.0566164828425,38.233702305,10.6359649123,16.8031353722
751,2011-11-22,4.23,4.24,4.18,4.18,10000,3.83,41782.0,4.45266666667,4.4495,4.3268,4.59506666667,4.79425933635,4.4495,4.10474066365,-0.0262579679174,0.0108087026144,-0.0370666705318,43.916048795,13.0630630631,23.2532051282
752,2011-11-21,4.31,4.4,4.23,4.23,23500,3.87,42050.0,4.462,4.4595,4.3242,4.5992,4.78338115104,4.4595,4.13561884896,-0.00933028660044,0.0200753702473,-0.0294056568478,45.1133358085,15.0900900901,31.9581855611
753,2011-11-18,4.36,4.44,4.3,4.41,31300,4.04,43112.0,4.469,4.478,4.32,4.6026,4.78935831449,4.478,4.16664168551,0.00732039444924,0.0274267844593,-0.02010639001,49.637091658,28.4234234234,41.7329858139
754,2011-11-17,4.33,4.47,4.32,4.37,24700,4.0,44022.0,4.46433333333,4.4795,4.3116,4.6044,4.78982080175,4.4795,4.16917919825,0.0101389670698,0.0324533819618,-0.022314414892,48.5729770541,36.4362439362,46.0911193999
755,2011-11-16,4.41,4.52,4.32,4.33,17600,3.96,44542.0,4.461,4.476,4.3056,4.6078,4.79269543729,4.476,4.15930456271,0.0176617420571,0.0380319856848,-0.0203702436277,47.5438008458,47.8829847947,47.6095093963
756,2011-11-15,4.43,4.58,4.32,4.46,29800,4.08,44938.0,4.45733333333,4.4815,4.301,4.61033333333,4.79161449499,4.4815,4.17138550501,0.031079367702,0.0431245465917,-0.0120451788898,50.5997445962,54.1892911011,44.0554298643
757,2011-11-14,4.54,4.61,4.42,4.49,29300,4.11,45376.0,4.44666666667,4.4865,4.2944,4.6116,4.79828678612,4.4865,4.17471321388,0.0345167099948,0.0461358413142,-0.0116191313194,51.3064140824,45.8559577677,39.9247737557
758,2011-11-11,4.45,4.6,4.4,4.59,27400,4.2,46126.0,4.42833333333,4.48,4.2866,4.61146666667,4.79660701193,4.48,4.16339298807,0.0353474020123,0.049040624144,-0.0136932221317,53.6244765881,42.5098039216,40.7941176471
759,2011-11-10,4.4,4.52,4.33,4.39,23600,4.02,51082.0,4.41133333333,4.478,4.279,4.61133333333,4.79229922049,4.478,4.16370077951,0.0257117048854,0.052463929677,-0.0267522247916,49.3768326237,33.6666666667,40.8333333333
760,2011-11-09,4.46,4.63,4.3,4.3,45000,3.94,51340.0,4.402,4.4785,4.2774,4.61493333333,4.79226902333,4.4785,4.16473097667,0.0334026993905,0.0591519858749,-0.0257492864844,47.362253151,37.6666666667,41.4166666667
761,2011-11-08,4.42,4.6,4.3,4.54,24500,4.16,50940.0,4.39266666667,4.4915,4.2816,4.62006666667,4.79601765138,4.4915,4.18698234862,0.0518969840222,0.0655893074959,-0.0136923234738,52.539582015,49.3333333333,40.7486979167
762,2011-11-07,4.45,4.46,4.3,4.37,13700,4.0,51190.0,4.386,4.4875,4.2816,4.6242,4.79146545856,4.4875,4.18353454144,0.0503111875482,0.0690123883644,-0.0187012008162,48.8628414518,42.6666666667,38.7591145833
763,2011-11-04,4.6,4.67,4.5,4.52,23700,4.14,51414.0,4.377,4.491,4.281,4.63033333333,4.791059994,4.491,4.190940006,0.0648644264116,0.0736876885684,-0.00882326215684,52.1745148656,36.0,41.4427083333
764,2011-11-03,4.38,4.66,4.32,4.65,41000,4.26,51666.0,4.362,4.4785,4.2766,4.63426666667,4.79316013411,4.4785,4.16383986589,0.0672234414494,0.0758935041076,-0.0086700626582,55.1844190304,34.9947916667,49.9026178728
765,2011-11-02,4.26,4.37,4.22,4.34,52300,3.97,51542.0,4.34,4.4595,4.275,4.63673333333,4.77632645092,4.4595,4.14267354908,0.056020243313,0.0780610197722,-0.0220407764592,48.6212872293,41.375,57.5675125313
766,2011-11-01,4.38,4.43,4.15,4.17,48200,3.82,51408.0,4.32833333333,4.4535,4.2772,4.64106666667,4.78342574922,4.4535,4.12357425078,0.0724696850616,0.083571213887,-0.0111015288254,44.4810432326,53.4010416667,62.935160166
767,2011-10-31,4.73,4.83,4.53,4.55,27400,4.17,51874.0,4.32233333333,4.452,4.2782,4.64706666667,4.78729688337,4.452,4.11670311663,0.109720140747,0.0863465960933,0.0233735446538,53.415298783,69.8396381579,63.3850250627
768,2011-10-28,4.68,4.87,4.68,4.85,43500,4.39,51996.0,4.30566666667,4.4215,4.2712,4.6504,4.82051253113,4.4215,4.02248746887,0.116978429411,0.0805032099299,0.0364752194813,62.6384015453,65.6543703008,57.6040974608
769,2011-10-27,4.62,4.9,4.53,4.73,157500,4.29,52574.0,4.28066666667,4.383,4.2578,4.65093333333,4.75701069503,4.383,4.00898930497,0.093995686151,0.0713844050596,0.0226112810914,60.0780573056,62.8455905388,54.7475656409
770,2011-10-26,4.45,4.59,4.36,4.52,37700,4.1,50134.0,4.257,4.352,4.2476,4.65306666667,4.70817972991,4.352,3.99582027009,0.0755123202276,0.0657315847867,0.00978073544088,55.0752737121,55.2005012531,52.6967484303
771,2011-10-25,4.58,4.58,4.35,4.38,34200,3.97,50204.0,4.245,4.327,4.2412,4.6562,4.70218528756,4.327,3.95181471244,0.0722042812457,0.0632864009265,0.00891788031921,51.2971282221,46.7159277504,53.65949631
772,2011-10-24,4.42,4.61,4.34,4.6,34700,4.17,50030.0,4.234,4.325,4.2418,4.6598,4.69945961064,4.325,3.95054038936,0.0811863219452,0.0610569308467,0.0201293910985,58.4726968885,54.2282430213,59.8351287319
773,2011-10-21,4.39,4.46,4.31,4.44,34100,4.02,50172.0,4.21466666667,4.3,4.236,4.6616,4.66430756237,4.3,3.93569243763,0.0690697801189,0.056024583072,0.0130451970468,54.1405328283,54.6423216963,64.5583954055
774,2011-10-20,4.44,4.44,4.26,4.3,22700,3.9,51756.0,4.19966666667,4.2815,4.2342,4.66393333333,4.65299831763,4.2815,3.91000168237,0.068890924477,0.0527632838103,0.0161276406666,49.8934680871,59.0514927721,69.3391730061
775,2011-10-19,4.49,4.55,4.39,4.44,30400,4.02,53440.0,4.192,4.266,4.2334,4.667,4.65839775738,4.266,3.87360224262,0.0819151352835,0.0487313736437,0.0331837616398,54.5877644275,71.4184574379,75.4867936402
776,2011-10-18,4.4,4.61,4.35,4.56,42700,4.13,55824.0,4.18066666667,4.2435,4.236,4.66733333333,4.64491126043,4.2435,3.84208873957,0.0830927260178,0.0404354332337,0.042657292784,59.0064689668,73.1213097155,79.2332595276
777,2011-10-17,4.5,4.55,4.33,4.36,44000,3.95,58524.0,4.16633333333,4.215,4.2296,4.66566666667,4.60320097888,4.215,3.82679902112,0.0711689567221,0.0297711100377,0.0413978466844,53.1355320879,73.7654320988,82.6311728395
778,2011-10-14,4.44,4.55,4.4,4.55,26500,4.12,59506.0,4.15766666667,4.1995,4.2322,4.66566666667,4.58806016265,4.1995,3.81093983735,0.0752783427232,0.0194216483666,0.0558566943566,60.8192632108,83.6419753086,84.7106481481
779,2011-10-13,4.56,4.64,4.34,4.4,32600,3.99,60720.0,4.14633333333,4.177,4.2308,4.66506666667,4.53247714413,4.177,3.82152285587,0.0600830013251,0.00545747477749,0.0546255265476,56.1732628503,86.4043209877,82.120283429
780,2011-10-12,4.47,4.68,4.46,4.56,60000,4.13,62742.0,4.14333333333,4.158,4.2336,4.6662,4.50427156973,4.158,3.81172843027,0.0550870128304,-0.00819890685942,0.0632859196898,63.6487706831,86.712962963,76.2469027126
781,2011-10-11,4.39,4.46,4.36,4.46,51200,4.04,62952.0,4.14166666667,4.138,4.2318,4.66706666667,4.43123028493,4.138,3.84476971507,0.031618140056,-0.0240203867819,0.0556385268379,60.606248715,82.0833333333,67.7142018779
782,2011-10-10,4.34,4.44,4.28,4.44,56600,4.02,63314.0,4.14433333333,4.1175,4.2338,4.669,4.37267640957,4.1175,3.86232359043,0.0113852422231,-0.0379300184913,0.0493152607145,59.984247954,73.2805164319,58.9891431925
783,2011-10-07,4.29,4.4,4.1,4.27,56000,3.87,62978.0,4.141,4.0965,4.2372,4.67106666667,4.30733405797,4.0965,3.88566594203,-0.0125685327159,-0.05025883367,0.0376903009541,54.2874132679,62.9107981221,51.4964788732
784,2011-10-06,4.22,4.28,4.18,4.27,34800,3.87,62922.0,4.142,4.0825,4.245,4.67393333333,4.28228738699,4.0825,3.88271261301,-0.0256503540713,-0.0596814089085,0.0340310548372,54.2874132679,52.5821596244,45.5399061033
785,2011-10-05,3.99,4.25,3.99,4.22,31900,3.82,63792.0,4.152,4.0725,4.2536,4.67706666667,4.25281916149,4.0725,3.89218083851,-0.0419744190875,-0.0681891726178,0.0262147535302,52.5751918199,47.1830985915,45.6866197183
786,2011-10-04,3.9,4.19,3.87,4.14,84000,3.75,64136.0,4.15966666667,4.0665,4.2638,4.68093333333,4.23434218778,4.0665,3.89865781222,-0.0571084159761,-0.0747428610003,0.0176344450243,49.7805143403,43.3098591549,49.4257209926
787,2011-10-03,4.07,4.15,3.92,3.94,88400,3.57,63528.0,4.16233333333,4.066,4.2764,4.68533333333,4.23302095677,4.066,3.89897904323,-0.0674487768632,-0.0791514722564,0.0117026953932,41.8218254564,39.0845070423,55.6652414487
788,2011-09-30,4.05,4.3,4.05,4.08,101200,3.7,62088.0,4.171,4.074,4.2948,4.69133333333,4.23114961025,4.074,3.91685038975,-0.0593021280048,-0.0820771461047,0.0227750180999,46.6246683387,53.1690140845,64.0949865862
789,2011-09-29,4.12,4.12,4.0,4.11,30100,3.72,60594.0,4.17433333333,4.0805,4.312,4.69813333333,4.24848511839,4.0805,3.91251488161,-0.0622960106909,-0.0877709006296,0.0254748899387,47.7150006034,62.1395036888,66.5494863118
790,2011-09-28,4.35,4.39,4.01,4.02,37300,3.64,60724.0,4.178,4.0905,4.3278,4.70586666667,4.2858944728,4.0905,3.8951055272,-0.0682657153457,-0.0941396231143,0.0258739077686,44.0715537945,68.2679409792,64.2018398268
791,2011-09-27,4.18,4.47,4.13,4.34,43700,3.93,61234.0,4.184,4.115,4.3452,4.71286666667,4.37953733196,4.115,3.85046266804,-0.0657286370637,-0.100608100056,0.0348794629928,57.2409138025,72.8034875922,59.1812110034
792,2011-09-26,4.1,4.13,3.99,4.1,32500,3.71,61386.0,4.18633333333,4.125,4.356,4.7172,4.43416015267,4.125,3.81583984733,-0.094116167881,-0.109327965805,0.0152117979237,46.00408407,62.987012987,53.0762987013
793,2011-09-23,4.0,4.12,3.99,4.07,31500,3.69,62574.0,4.19333333333,4.137,4.373,4.723,4.4596825065,4.137,3.8143174935,-0.104543653864,-0.113130915286,0.0085872614215,44.3052338157,52.7489177489,48.5748373566
794,2011-09-22,3.92,4.05,3.76,3.99,72400,3.61,62646.0,4.20266666667,4.1485,4.3912,4.72933333333,4.47715027004,4.1485,3.81984972996,-0.113277737372,-0.115277730641,0.00199999326924,39.5996009096,48.1854256854,47.0246908662
795,2011-09-21,4.01,4.08,3.98,3.99,38500,3.61,62296.0,4.21166666667,4.1775,4.4116,4.73613333333,4.54513432919,4.1775,3.80986567081,-0.114632473232,-0.115777728958,0.00114525572583,39.5996009096,48.3838383838,44.9814304636
796,2011-09-20,4.05,4.15,3.97,3.99,64000,3.61,62800.0,4.231,4.2005,4.4316,4.74286666667,4.57581187032,4.2005,3.82518812968,-0.114694227393,-0.11606404289,0.00136981549662,39.5996009096,44.9811676083,40.9128235374
797,2011-09-19,4.03,4.09,4.0,4.05,29500,3.67,62694.0,4.23933333333,4.212,4.4508,4.74953333333,4.57468995023,4.212,3.84931004977,-0.113104768487,-0.116406496764,0.00330172827689,41.71608196,46.5483317874,36.2065368475
798,2011-09-16,4.05,4.17,4.05,4.1,62300,3.71,63256.0,4.254,4.2195,4.4684,4.75586666667,4.57460421006,4.2195,3.86439578994,-0.115539971578,-0.117231928833,0.00169195725518,43.51580064,40.012384075,28.3226002714
799,2011-09-15,4.18,4.18,4.0,4.02,26200,3.64,62746.0,4.26666666667,4.2235,4.4864,4.76186666667,4.5749128626,4.2235,3.8720871374,-0.122058503936,-0.117654918147,-0.0044035857896,39.6473909635,32.109410679,20.5576911913
800,2011-09-14,4.09,4.18,4.02,4.16,23400,3.77,63626.0,4.284,4.2335,4.5058,4.7684,4.57233771927,4.2335,3.89466228073,-0.120457670635,-0.116554021699,-0.00390364893559,44.612327876,26.1560208485,13.9185983112
801,2011-09-13,4.02,4.08,4.0,4.05,23400,3.67,64102.0,4.29433333333,4.2355,4.5232,4.774,4.57304851503,4.2355,3.89795148497,-0.130916859103,-0.115578109466,-0.0153387496374,39.0430016105,15.012585483,8.45535288864
802,2011-09-12,3.94,4.11,3.85,4.02,76600,3.64,66446.0,4.31133333333,4.2535,4.5426,4.78093333333,4.5879413252,4.2535,3.9190586748,-0.131162341706,-0.111743422056,-0.0194189196496,37.4502087554,8.95274775479,6.30978920614
803,2011-09-09,4.04,4.08,3.96,3.99,76800,3.61,65854.0,4.331,4.268,4.5622,4.78873333333,4.58540195337,4.268,3.95059804663,-0.12651330544,-0.106888692144,-0.0196246132959,35.8948008732,5.55303915839,7.35590909362
804,2011-09-08,4.09,4.11,4.06,4.07,50700,3.69,64908.0,4.35333333333,4.286,4.583,4.796,4.57812326166,4.286,3.99387673834,-0.115684705617,-0.10198253882,-0.0137021667974,38.2500363356,4.30303915839,13.1054044061
805,2011-09-07,4.2,4.2,4.09,4.1,37400,3.71,65142.0,4.37433333333,4.2955,4.6026,4.8046,4.5707798576,4.2955,4.0202201424,-0.108326242489,-0.0985569971205,-0.00976924536899,39.1444102461,6.43033075299,24.0423997185
806,2011-09-06,4.13,4.21,4.07,4.13,51700,3.74,65850.0,4.39533333333,4.319,4.6198,4.81353333333,4.60359796204,4.319,4.03440203796,-0.100413058752,-0.0961146857782,-0.00429837297371,40.0131819668,13.1372273047,36.1848170303
807,2011-09-02,4.15,4.3,4.1,4.1,66800,3.71,71094.0,4.41666666667,4.3245,4.6364,4.8222,4.59832293549,4.3245,4.05067706451,-0.0919069506542,-0.0950400925348,0.00313314188062,38.7509161091,28.5510204082,46.5255102041
808,2011-09-01,4.3,4.44,4.21,4.21,275200,3.81,70644.0,4.442,4.344,4.6534,4.8292,4.60640426826,4.344,4.08159573174,-0.0766586897636,-0.095823378005,0.0191646882414,41.7414541512,48.0510204082,54.2192768412
809,2011-08-31,4.51,4.52,4.31,4.31,36500,3.9,66318.0,4.46633333333,4.3575,4.6666,4.8352,4.61871829951,4.3575,4.09628170049,-0.0672813285575,-0.100614550065,0.0333332215079,44.6502545986,55.0,56.4244071146
810,2011-08-30,4.49,4.53,4.34,4.51,25000,4.09,68026.0,4.486,4.369,4.6794,4.84253333333,4.64087497126,4.369,4.09712502874,-0.0645155863845,-0.108947855442,0.0444322690578,51.2877689563,54.5,55.8470797242
811,2011-08-29,4.42,4.56,4.37,4.54,37000,4.11,69296.0,4.49866666667,4.367,4.688,4.84973333333,4.63526106687,4.367,4.09873893313,-0.0804107214818,-0.120055922707,0.0396452012249,52.372166817,59.3260869565,54.5835821209
812,2011-08-26,4.28,4.38,4.25,4.34,24900,3.93,70106.0,4.51,4.368,4.6972,4.85686666667,4.63896863287,4.368,4.09703136713,-0.102583628875,-0.129967223013,0.0273835941377,45.1994474434,56.871541502,47.2049133799
813,2011-08-25,4.6,4.65,4.29,4.3,36300,3.9,70360.0,4.53033333333,4.3815,4.7122,4.8638,4.67176022807,4.3815,4.09123977193,-0.10902855971,-0.136813121547,0.0277845618371,43.6226609095,52.6906904381,37.3148810024
814,2011-08-24,4.49,4.61,4.4,4.57,34800,4.14,70242.0,4.553,4.3995,4.7262,4.8708,4.71117130121,4.3995,4.08782869879,-0.111596037835,-0.143759262007,0.0321632241718,53.2208381139,49.4460095871,28.049365066
815,2011-08-23,4.22,4.47,4.22,4.45,45600,4.03,70002.0,4.56766666667,4.406,4.737,4.87613333333,4.73647844105,4.406,4.07552155895,-0.140740767545,-0.15180006805,0.0110593005043,48.5488172722,29.8114119923,21.8266441006
816,2011-08-22,4.32,4.32,4.18,4.22,71500,3.82,69418.0,4.58566666667,4.42,4.7486,4.88266666667,4.77922138021,4.42,4.06077861979,-0.163674720484,-0.154564893176,-0.00910982730847,37.4262069208,17.3114119923,21.8352359077
817,2011-08-19,4.16,4.32,4.16,4.2,33500,3.81,68972.0,4.61,4.4475,4.7642,4.89146666667,4.82501158923,4.4475,4.06998841077,-0.167147879028,-0.152287436349,-0.0148604426796,36.3145544736,15.6286266925,26.3994283642
818,2011-08-18,4.17,4.25,4.15,4.18,72400,3.79,68948.0,4.63433333333,4.4805,4.7814,4.90166666667,4.88042374273,4.4805,4.08057625727,-0.167113286784,-0.148572325679,-0.0185409611052,35.2463456876,24.5551257253,31.8865165591
819,2011-08-17,4.31,4.43,4.18,4.22,35500,3.82,68164.0,4.66166666667,4.5185,4.7976,4.91186666667,4.94079255262,4.5185,4.09620744738,-0.162602032148,-0.143937085402,-0.0186649467456,36.3795779309,29.8457792208,36.3828157729
820,2011-08-16,4.36,4.43,4.19,4.2,41200,3.81,67980.0,4.68733333333,4.5525,4.813,4.92193333333,4.98261045093,4.5525,4.12238954907,-0.158551637581,-0.139270848716,-0.0192807888655,35.4154857853,35.5681818182,37.4359158986
821,2011-08-15,4.35,4.43,4.33,4.41,25500,4.0,68462.0,4.715,4.587,4.8284,4.9326,5.00909477609,4.587,4.16490522391,-0.14903929197,-0.1344506515,-0.0145886404704,41.5552636123,37.5769794721,36.6844335454
822,2011-08-12,4.48,4.48,4.23,4.31,41800,3.9,69032.0,4.73533333333,4.6105,4.8374,4.94133333333,5.04277190517,4.6105,4.17822809483,-0.15611205387,-0.130803491382,-0.0253085624879,36.7030700057,42.5403225806,35.8749302061
823,2011-08-11,4.21,4.39,4.21,4.35,113300,3.94,69104.0,4.75833333333,4.6425,4.8504,4.95133333333,5.07580705049,4.6425,4.20919294951,-0.152686931002,-0.12447635076,-0.0282105802422,37.8708834246,34.0581797235,31.4890049924
824,2011-08-10,4.47,4.59,4.23,4.26,106900,3.86,68218.0,4.781,4.674,4.8634,4.9614,5.10926543626,4.674,4.23873456374,-0.150167055182,-0.117423705699,-0.0327433494825,33.4466413543,32.5622524052,29.6622119842
825,2011-08-09,4.36,4.58,4.12,4.57,149600,4.14,67068.0,4.80733333333,4.7115,4.8794,4.97173333333,5.12638673153,4.7115,4.29661326847,-0.135602892878,-0.109237868329,-0.0263650245491,43.3112223958,34.3389661149,26.1553072384
826,2011-08-08,4.37,4.55,4.24,4.24,177700,3.84,64514.0,4.82033333333,4.7325,4.8882,4.97926666667,5.15896805273,4.7325,4.30603194727,-0.146604956368,-0.102646612192,-0.0439583441763,19.9834312375,24.996621726,21.1820886485
827,2011-08-05,4.38,4.57,4.38,4.49,93100,4.07,61762.0,4.84433333333,4.768,4.904,4.98913333333,5.13919267234,4.768,4.39680732766,-0.124915154402,-0.0916570261475,-0.033258128255,28.1250619425,26.7510076909,17.5156269304
828,2011-08-04,4.49,4.67,4.46,4.48,87200,4.06,60658.0,4.85966666667,4.79,4.9144,4.99713333333,5.14445733171,4.79,4.43554266829,-0.120868677648,-0.0833424940837,-0.0375261835643,27.0206873268,18.5346334219,13.7341673519
829,2011-08-03,4.49,4.56,4.29,4.54,133700,4.11,60140.0,4.87266666667,4.816,4.9248,5.0054,5.15146385796,4.816,4.48053614204,-0.112927630188,-0.0739609481926,-0.0389666819958,29.5503851371,14.4460917552,12.2250553089
830,2011-08-02,4.55,4.59,4.43,4.47,70500,4.05,59154.0,4.88633333333,4.8385,4.9332,5.01353333333,5.15682530531,4.8385,4.52017469469,-0.107258473174,-0.0642192776937,-0.0430391954799,21.5987316224,10.3307748538,11.4906828491
831,2011-08-01,4.68,4.68,4.55,4.56,69300,4.13,58734.0,4.902,4.8665,4.944,5.02206666667,5.1464482095,4.8665,4.5865517905,-0.0913351713376,-0.0534594788237,-0.0378756925139,24.9625054163,11.6251693767,11.8632646148
832,2011-07-29,4.57,4.66,4.55,4.61,39800,4.18,58526.0,4.91666666667,4.8895,4.954,5.03033333333,5.13885717355,4.8895,4.64014282645,-0.0788463726838,-0.0439905556952,-0.0348558169886,27.1432412117,12.4981852497,14.4000526278
833,2011-07-28,4.68,4.74,4.57,4.66,53200,4.18,58440.0,4.93266666667,4.909,4.962,5.03793333333,5.12688988044,4.909,4.69111011956,-0.0668501769813,-0.0352766014481,-0.0315735755332,29.539497707,11.5086019164,18.6114438153
834,2011-07-27,4.7,4.72,4.65,4.7,78300,4.21,59252.0,4.944,4.9275,4.9696,5.0454,5.1189027168,4.9275,4.7360972832,-0.0556572118921,-0.0273832075648,-0.0282740043273,31.6126837033,11.8211019164,23.4217933362
835,2011-07-26,4.76,4.82,4.71,4.73,49100,4.24,58956.0,4.95766666667,4.945,4.9746,5.05266666667,5.11251119366,4.945,4.77748880634,-0.0446340860962,-0.0203147064829,-0.0243193796133,33.2372475814,21.7723214286,26.9040178571
836,2011-07-25,4.84,4.86,4.74,4.77,53600,4.28,59674.0,4.96766666667,4.9565,4.979,5.05946666667,5.0918920234,4.9565,4.8211079766,-0.0329698915553,-0.0142348615796,-0.0187350299757,35.4956682318,29.34375,26.6015625
837,2011-07-22,4.83,4.93,4.83,4.86,16400,4.36,60132.0,4.97533333333,4.966,4.9838,5.06626666667,5.07095713411,4.966,4.86104286589,-0.0216753030096,-0.00955110408572,-0.0121241989239,41.3684973586,30.75,25.28125
838,2011-07-21,4.9,5.0,4.88,4.94,26500,4.43,61274.0,4.982,4.9705,4.9872,5.07253333333,5.06398261871,4.9705,4.87701738129,-0.0161076601311,-0.00652005435475,-0.00958760577634,47.9114559405,25.75,26.96875
839,2011-07-20,4.9,4.92,4.81,4.9,36600,4.39,63320.0,4.98366666667,4.967,4.9898,5.07826666667,5.06958654883,4.967,4.86441345117,-0.0169124845279,-0.00412315291067,-0.0127893316172,43.7833102595,20.5625,33.421875
840,2011-07-19,4.93,4.95,4.86,4.89,62800,4.38,63528.0,4.98666666667,4.9695,4.9884,5.08413333333,5.06778021164,4.9695,4.87121978836,-0.013621006074,-0.00092582000636,-0.0126951860676,42.729656528,24.0625,41.171875
841,2011-07-18,4.92,4.96,4.88,4.88,51300,4.37,63812.0,4.98933333333,4.972,4.9862,5.08913333333,5.06443376007,4.972,4.87956623993,-0.00820357712259,0.00224797651054,-0.0104515536331,41.7152717274,37.5,46.6579861111
842,2011-07-15,4.98,5.05,4.92,4.95,91900,4.44,64474.0,4.98866666667,4.978,4.978,5.09526666667,5.06084926071,4.978,4.89515073929,-0.000151461230148,0.00486086491882,-0.00501232614897,47.142794084,51.5625,49.2378472222
843,2011-07-14,5.03,5.06,4.98,4.98,35100,4.46,63494.0,4.989,4.985,4.9704,5.10086666667,5.07997368057,4.985,4.89002631943,0.00300089703592,0.00611394645607,-0.00311304942015,49.7170419208,51.5625,49.2864583333
844,2011-07-13,5.0,5.05,4.97,5.01,54900,4.49,63212.0,4.98966666667,4.986,4.9644,5.10606666667,5.08116301803,4.986,4.89083698197,0.00392625762953,0.0068922088111,-0.00296595118157,52.3725915271,46.0069444444,52.8819444444
845,2011-07-12,4.95,5.02,4.93,4.99,63700,4.47,63554.0,4.99133333333,4.991,4.9572,5.111,5.10016043239,4.991,4.88183956761,0.00199569958532,0.0076336966065,-0.00563799702117,50.7439217952,47.8194444444,61.3802083333
846,2011-07-11,4.92,4.98,4.91,4.95,58700,4.44,63432.0,4.992,4.993,4.952,5.11613333333,5.10347171584,4.993,4.88252828416,0.00153894077856,0.00904319586179,-0.00750425508323,47.4036895301,51.7569444444,68.5059923835
847,2011-07-08,4.91,5.01,4.9,4.93,57600,4.42,63318.0,4.99466666667,4.9955,4.9492,5.12153333333,5.10421522433,4.9955,4.88678477567,0.0050062931266,0.0109192596326,-0.005912966506,45.6938669954,65.9444444444,74.5828853047
848,2011-07-07,5.03,5.03,4.96,5.0,36800,4.48,62906.0,4.99733333333,5.002,4.9476,5.1264,5.10981465578,5.002,4.89418534422,0.0113954404054,0.0123975012591,-0.00100206085374,51.0918393386,80.0,76.4516129032
849,2011-07-06,5.0,5.02,4.91,4.99,70200,4.47,62946.0,4.99733333333,5.0015,4.9452,5.13226666667,5.10943979804,5.0015,4.89356020196,0.0122572910716,0.0126480164725,-0.000390725400925,50.3132096451,76.3225806452,72.5806451613
850,2011-07-05,5.01,5.03,4.98,5.03,47200,4.51,62620.0,4.99633333333,5.0015,4.94,5.13706666667,5.10943979804,5.0015,4.89356020196,0.01419721987,0.0127456978228,0.00145152204728,53.4753301322,76.064516129,68.8225806452
851,2011-07-01,5.0,5.05,4.98,5.02,140600,4.5,62278.0,4.99566666667,4.9985,4.9352,5.14333333333,5.10643979804,4.9985,4.89056020196,0.0123940421565,0.0123828173109,1.12248455342e-05,52.7864907034,73.4193548387,63.1935483871
852,2011-06-30,5.06,5.06,4.97,5.0,47000,4.48,60146.0,4.997,4.9905,4.9308,5.14913333333,5.11354064369,4.9905,4.86745935631,0.0109304365343,0.0123800110996,-0.00144957456522,51.4515708491,64.5161290323,53.7903225806
853,2011-06-29,5.05,5.05,5.0,5.03,29500,4.51,59746.0,4.99733333333,4.9885,4.9256,5.1558,5.11215678307,4.9885,4.86484321693,0.0109397190089,0.0127424047409,-0.001802685732,53.560894931,61.2903225806,44.5887096774
854,2011-06-28,4.97,5.05,4.9,5.05,62400,4.53,60160.0,4.99766666667,4.987,4.9186,5.16066666667,5.10932742947,4.987,4.86467257053,0.00773789818168,0.0131930761739,-0.00545517799219,54.9555944132,53.5483870968,33.690188172
855,2011-06-27,4.96,4.96,4.92,4.96,72800,4.45,60006.0,4.99433333333,4.9875,4.9152,5.16746666667,5.11093014219,4.9875,4.86406985781,0.00150229562505,0.0145568706719,-0.0130545750469,49.4560058029,35.8064516129,25.251344086
856,2011-06-24,4.97,4.98,4.88,4.96,313900,4.45,59106.0,4.994,4.99,4.9102,5.1742,5.11312595177,4.99,4.86687404823,0.00268518406187,0.0178205144336,-0.0151353303717,49.4560058029,27.7096774194,25.9729631927
857,2011-06-23,4.84,4.96,4.81,4.95,44300,4.44,54496.0,4.99566666667,4.9935,4.904,5.18233333333,5.11699493917,4.9935,4.87000506083,0.00415592262579,0.0216043470266,-0.0174484244008,48.8577912863,17.6962365591,31.4046732837
858,2011-06-22,4.91,4.95,4.85,4.87,58900,4.36,55778.0,4.99833333333,4.9965,4.8944,5.18806666667,5.11852868515,4.9965,4.87447131485,0.0069908518819,0.0259664531268,-0.0189756012449,43.9278729708,19.7930107527,44.2676282051
859,2011-06-21,4.98,5.0,4.91,4.95,121900,4.44,56196.0,5.005,5.003,4.8884,5.19586666667,5.1103498952,5.003,4.8956501048,0.0186530219232,0.030710353438,-0.0120573315147,48.2464527593,38.6929280397,57.7488626964
860,2011-06-20,4.98,5.0,4.92,4.94,88500,4.43,54332.0,5.001,5.0035,4.888,5.2044,5.10994717,5.0035,4.89705283,0.0251214204571,0.0337246863166,-0.00860326585954,47.6490730342,49.4365177833,65.0628101737
861,2011-06-17,5.12,5.12,4.97,5.0,77500,4.48,53138.0,4.99566666667,5.007,4.8906,5.2126,5.10939140589,5.007,4.90460859411,0.0340302284701,0.0358755027815,-0.00184527431147,50.9239823817,69.1480562448,71.3358451321
862,2011-06-16,4.99,5.09,4.96,5.09,37600,4.56,53356.0,4.978,5.01,4.8938,5.22146666667,5.11488088482,5.01,4.90511911518,0.0387970310107,0.0363368213594,0.00246020965127,56.3150650617,73.7179487179,71.6677613974
863,2011-06-15,5.04,5.08,4.96,5.0,30400,4.48,54170.0,4.96066666667,5.006,4.8978,5.22953333333,5.10426494797,5.006,4.90773505203,0.0351532476205,0.0357217689466,-0.000568521326056,51.5525073023,67.9487179487,71.1260217486
864,2011-06-14,5.09,5.11,5.03,5.11,22800,4.58,54550.0,4.95,5.008,4.9,5.23846666667,5.10731767214,5.008,4.90868232786,0.0391547714008,0.0358638992781,0.00329087212271,58.8317427782,74.5286576169,72.3729504209
865,2011-06-13,5.02,5.09,4.99,5.03,16400,4.51,54574.0,4.93466666667,5.0,4.8982,5.24773333333,5.09055385138,5.0,4.90944614862,0.0324926468963,0.0350411812474,-0.00254853435107,54.4923053557,70.4757213059,68.4585279521
866,2011-06-10,5.05,5.16,4.98,5.0,49200,4.48,55350.0,4.92466666667,4.996,4.8974,5.25706666667,5.08795651146,4.996,4.90404348854,0.0316621876649,0.0356783148352,-0.00401612717029,52.7583306102,71.5509901231,63.2051890235
867,2011-06-09,5.0,5.11,5.0,5.06,32300,4.54,54970.0,4.91833333333,4.9965,4.8988,5.26453333333,5.08864662229,4.9965,4.90435337771,0.0331962242434,0.0366823466278,-0.00348612238432,56.7759386835,72.9364326376,56.7197712418
868,2011-06-08,4.96,5.03,4.96,4.99,33200,4.47,55102.0,4.91133333333,4.995,4.8986,5.2704,5.08388194417,4.995,4.90611805583,0.0285622676692,0.0375538772238,-0.00899160955459,52.8894558882,58.8709677419,51.5104966718
869,2011-06-07,5.0,5.05,4.92,4.99,26300,4.47,54992.0,4.90766666667,4.999,4.8974,5.2752,5.09363614532,4.999,4.90436385468,0.0293594755666,0.0398017796125,-0.0104423040459,52.8894558882,49.4623655914,52.1697388633
870,2011-06-06,4.86,4.98,4.85,4.97,65300,4.45,55384.0,4.899,4.991,4.8986,5.2786,5.11098333218,4.991,4.87101666782,0.0299499558201,0.042412355624,-0.0124623998038,51.822269931,45.6093189964,58.0457149258
871,2011-06-03,4.87,4.96,4.77,4.86,54000,4.36,54828.0,4.893,4.9815,4.899,5.28253333333,5.13266547225,4.9815,4.83033452775,0.0323043512591,0.0455279555749,-0.0132236043159,45.5193421545,52.0993343574,65.8398137481
872,2011-06-02,5.03,5.04,4.91,4.96,45400,4.45,54180.0,4.891,4.962,4.9002,5.28833333333,5.22790223767,4.962,4.69609776233,0.04603953451,0.0488338566539,-0.00279432214382,51.1705124447,61.5079365079,70.0603505291
873,2011-06-01,5.06,5.06,4.95,5.0,69000,4.48,53926.0,4.88366666667,4.9425,4.8984,5.2944,5.25859334064,4.9425,4.62640665936,0.0527191388121,0.0495324371898,0.00318670162225,53.6441740498,72.9662698413,70.7793114851
874,2011-05-31,5.07,5.08,4.95,5.06,49400,4.54,53302.0,4.873,4.9265,4.8942,5.30006666667,5.2611804446,4.9265,4.5918195554,0.0564051917385,0.0487357617843,0.00766942995422,57.5169554813,76.7857142857,68.4822840691
875,2011-05-27,5.04,5.04,4.96,5.01,21900,4.49,54234.0,4.867,4.906,4.8882,5.30546666667,5.2553651385,4.906,4.5566348615,0.0541804055938,0.0468184042957,0.00736200129811,55.0032423381,68.9814814815,66.4405671105
876,2011-05-26,4.98,5.04,4.97,5.03,40100,4.51,54670.0,4.857,4.892,4.8778,5.3112,5.24598305044,4.892,4.53801694956,0.0556435999242,0.0449779039712,0.010665695953,56.239231809,64.3837803321,68.0033475065
877,2011-05-25,4.97,5.02,4.92,5.01,37900,4.49,59120.0,4.84433333333,4.881,4.8634,5.31673333333,5.23079422522,4.881,4.53120577478,0.0546654428706,0.0423114799829,0.0123539628876,55.3066549008,63.778160177,73.3233118105
878,2011-05-24,4.99,5.03,4.91,5.0,61300,4.48,60028.0,4.82633333333,4.873,4.8504,5.32286666667,5.21791158287,4.873,4.52808841713,0.0546581886986,0.039222989261,0.0154351994375,54.8600264948,68.6188464515,78.8195980967
879,2011-05-23,4.91,5.0,4.9,4.96,84400,4.45,60876.0,4.812,4.867,4.8396,5.32866666667,5.2070058823,4.867,4.5269941177,0.0548720833561,0.0353641894016,0.0195078939545,53.1199561837,75.2326030653,82.2898864839
880,2011-05-20,5.0,5.06,4.99,5.01,49500,4.49,63192.0,4.811,4.8555,4.8318,5.33493333333,5.1976973115,4.8555,4.5133026885,0.0584196785975,0.030487215913,0.0279324626845,55.6080604422,85.663637548,84.1067357175
881,2011-05-19,5.07,5.07,4.93,5.06,58900,4.54,63996.0,4.813,4.8445,4.8254,5.33853333333,5.18020671724,4.8445,4.50879328276,0.0570070502897,0.0235041002419,0.0335029500478,58.1366368873,85.7633053221,83.2265406162
882,2011-05-18,5.07,5.07,4.92,5.01,35500,4.49,63182.0,4.81633333333,4.8315,4.8192,5.34246666667,5.15264015632,4.8315,4.51035984368,0.0492839203362,0.0151283627299,0.0341555576062,56.2910964327,82.5,83.4782608696
883,2011-05-17,4.9,5.08,4.87,5.04,93800,4.52,65328.0,4.82566666667,4.818,4.814,5.34653333333,5.13057639066,4.818,4.50542360934,0.0438004501725,0.00658947332838,0.0372109768441,57.7085076498,82.5,84.4971061547
884,2011-05-16,4.93,5.0,4.92,4.95,63500,4.44,64024.0,4.828,4.8,4.8072,5.3484,5.1005994012,4.8,4.4994005988,0.0331099053428,-0.00271327088264,0.0358231762254,54.5182173196,82.1428571429,84.3633540373
885,2011-05-13,4.98,5.03,4.84,4.95,85000,4.44,63688.0,4.83033333333,4.7965,4.803,5.35,5.09161184321,4.7965,4.50138815679,0.0281469204098,-0.011669064939,0.0398159853488,54.5182173196,86.7701863354,79.4649915302
886,2011-05-12,4.98,5.07,4.96,5.01,76500,4.49,65874.0,4.83166666667,4.7845,4.8,5.35166666667,5.07311566139,4.7845,4.49588433861,0.021402937162,-0.0216230612762,0.0430259984382,56.9894345249,86.5753811406,67.4315358554
887,2011-05-11,5.06,5.11,4.95,5.03,73500,4.51,65524.0,4.83366666667,4.7665,4.7958,5.35166666667,5.04118345418,4.7665,4.49181654582,0.00637475582162,-0.0323795608857,0.0387543167074,57.8003844944,81.9649915302,51.2788929163
888,2011-05-10,4.84,5.1,4.82,5.07,128800,4.54,65484.0,4.83433333333,4.7385,4.792,5.3524,5.01420092492,4.7385,4.46279907508,-0.0149357557194,-0.0420681400626,0.0271323843432,59.3693274572,62.5494071146,32.0743019253
889,2011-05-09,4.75,4.83,4.68,4.83,47000,4.33,64470.0,4.82966666667,4.7135,4.7926,5.35286666667,4.95268821041,4.7135,4.47431178959,-0.0459911976394,-0.0488512361484,0.00286003850903,52.1298389347,38.6363636364,18.5001221896
890,2011-05-06,4.6,4.8,4.6,4.78,77000,4.28,64554.0,4.837,4.7185,4.8014,5.35313333333,4.97102920623,4.7185,4.46597079377,-0.0605239079062,-0.0495662457756,-0.0109576621305,50.4208998104,21.9648093842,14.3968503824
891,2011-05-05,4.56,4.56,4.41,4.47,84400,4.01,63818.0,4.844,4.733,4.8072,5.35506666667,5.02776092007,4.733,4.43823907993,-0.0731016739862,-0.046826830243,-0.0262748437432,37.5949905428,5.14662756598,18.6120632111
892,2011-05-04,4.68,4.71,4.57,4.57,42900,4.1,64734.0,4.859,4.7675,4.8176,5.3596,5.09115877093,4.7675,4.44384122907,-0.0565285437977,-0.0402581193072,-0.0162704244905,40.75291569,8.25268817204,32.370363161
893,2011-05-03,4.65,4.76,4.65,4.68,21000,4.19,67834.0,4.869,4.8035,4.8256,5.3634,5.18608463116,4.8035,4.42091536884,-0.0447347879018,-0.0361905131846,-0.00854427471723,44.5776090766,22.2232764073,46.6955387641
894,2011-05-02,4.73,4.76,4.65,4.65,72000,4.17,74246.0,4.87266666667,4.825,4.8324,5.3666,5.22532486808,4.825,4.42467513192,-0.0402309789162,-0.0340544445053,-0.00617653441089,43.2282927362,38.8256606991,57.1123433264
895,2011-04-29,4.81,4.88,4.69,4.73,57600,4.24,74010.0,4.87633333333,4.8435,4.8396,5.37,5.24396348148,4.8435,4.44303651852,-0.0308427575721,-0.0325103109026,0.00166755333049,46.0015151906,60.1798273657,61.4484594989
896,2011-04-28,4.83,4.95,4.78,4.81,53000,4.27,74044.0,4.86833333333,4.8565,4.845,5.3724,5.25825987853,4.8565,4.45474012147,-0.0265568058555,-0.0329271992352,0.00637039337972,48.9154368903,65.5533905841,56.8838081275
897,2011-04-27,4.87,4.96,4.84,4.85,37000,4.3,73774.0,4.85166666667,4.8695,4.8486,5.37226666667,5.28110539355,4.8695,4.45789460645,-0.0288455466702,-0.0345197975801,0.00567425090992,50.3976172911,63.8904946565,49.555620761
898,2011-04-26,4.77,4.95,4.73,4.88,38800,4.33,74216.0,4.83533333333,4.8795,4.8516,5.37266666667,5.29837826394,4.8795,4.46062173606,-0.035419967904,-0.0359383603076,0.000518392403636,51.4840540391,56.1701253891,42.2636027205
899,2011-04-25,4.79,4.79,4.71,4.73,53900,4.2,75354.0,4.82133333333,4.882,4.854,5.37286666667,5.30145679158,4.882,4.46254320842,-0.0463506660183,-0.0360679584085,-0.0102827076098,46.0881530228,41.9212218803,35.6552818996
900,2011-04-21,4.85,4.86,4.7,4.79,30100,4.25,76782.0,4.816,4.898,4.8594,5.3748,5.31745679158,4.898,4.47854320842,-0.044355292833,-0.0334972815061,-0.0108580113269,48.0740918532,36.2406411181,32.0170816926
901,2011-04-20,4.84,4.84,4.76,4.8,34000,4.26,78638.0,4.81266666667,4.908,4.8636,5.3758,5.32621525558,4.908,4.48978474442,-0.0472723940717,-0.0307827786743,-0.0164896153974,48.3968354201,34.7224224946,28.4174477289
902,2011-04-19,4.72,4.78,4.69,4.74,27000,4.2,79298.0,4.811,4.914,4.8694,5.37653333333,5.32927821999,4.914,4.49872178001,-0.0513262593753,-0.026660374825,-0.0246658845503,46.3916932893,29.7368421053,22.5
903,2011-04-18,4.81,4.81,4.66,4.68,50200,4.15,79480.0,4.81133333333,4.9205,4.8784,5.3774,5.32868990678,4.9205,4.51231009322,-0.0496448109537,-0.0204939036874,-0.0291509072663,44.3850235535,27.3684210526,16.7216981132
904,2011-04-15,4.7,4.89,4.7,4.88,54700,4.33,81572.0,4.812,4.926,4.8864,5.3782,5.32391456369,4.926,4.52808543631,-0.0406674740818,-0.0132061768708,-0.027461297211,50.2014180969,21.8421052632,12.4739324727
905,2011-04-14,4.62,4.74,4.62,4.71,27800,4.18,82392.0,4.80733333333,4.92,4.896,5.3784,5.32407920016,4.92,4.51592079984,-0.0489812372149,-0.00634085256808,-0.0426403846469,44.4564845483,11.0526315789,13.1938113533
906,2011-04-13,4.5,4.71,4.5,4.65,83400,4.12,82486.0,4.81033333333,4.909,4.9106,5.379,5.34598512561,4.909,4.47201487439,-0.0415710768908,0.00431924359363,-0.0458903204845,42.2739688356,6.62363455809,21.8912310688
907,2011-04-12,4.55,4.6,4.47,4.47,108400,3.96,82032.0,4.81533333333,4.892,4.9262,5.38006666667,5.39014054242,4.892,4.39385945758,-0.0253992565951,0.0157918237148,-0.0411910803099,35.1785262994,10.3773584906,36.8492019263
908,2011-04-11,4.93,5.05,4.57,4.57,79800,4.05,80916.0,4.82766666667,4.8865,4.9398,5.38233333333,5.4051627035,4.8865,4.3678372965,0.0139385832237,0.0260895937922,-0.0121510105686,37.5601779508,24.7216207856,53.5952382222
909,2011-04-08,5.12,5.12,4.93,4.93,28700,4.37,80786.0,4.84533333333,4.881,4.9506,5.38353333333,5.41507490111,4.881,4.34692509889,0.053763410291,0.0291273464344,0.0246360638566,48.5472852258,45.8423104408,67.8062401448
910,2011-04-07,5.16,5.2,5.06,5.07,28800,4.5,80938.0,4.85666666667,4.863,4.9602,5.3834,5.41327629424,4.863,4.31272370576,0.067157812689,0.0229683304702,0.0441894822188,54.2811229679,66.455517988,77.145099487
911,2011-04-06,5.33,5.42,5.16,5.16,88400,4.58,80878.0,4.85666666667,4.844,4.9706,5.38206666667,5.39060406146,4.844,4.29739593854,0.0690225544743,0.0119209599155,0.0571015945588,58.3984112108,77.3615036744,81.2534097514
912,2011-04-05,5.12,5.38,5.12,5.29,78300,4.69,81598.0,4.851,4.8235,4.9796,5.3802,5.35160131604,4.8235,4.29539868396,0.0612350422879,-0.00235443872416,0.063589481012,65.012592469,81.5656284761,82.491141843
913,2011-04-04,5.05,5.15,5.04,5.11,49400,4.53,80978.0,4.84033333333,4.7965,4.9814,5.37666666667,5.27975045266,4.7965,4.31324954734,0.0371682897549,-0.0182518089772,0.055420098732,59.0493843735,83.1977478097,83.5884987689
914,2011-04-01,5.01,5.08,4.9,5.02,24000,4.45,80898.0,4.83733333333,4.776,4.9862,5.37413333333,5.23866186357,4.776,4.31333813643,0.0242370050345,-0.0321068336602,0.0563438386946,55.5304052176,82.8887590456,84.8396236143
915,2011-03-31,5.07,5.08,4.97,4.99,55200,4.43,81258.0,4.837,4.762,4.9932,5.37306666667,5.21102561174,4.762,4.31297438826,0.0165430815545,-0.0461927933338,0.0627358748883,54.3152792676,82.3124320406,86.5985037112
916,2011-03-30,5.05,5.07,4.98,5.07,30200,4.5,81736.0,4.83733333333,4.7525,5.002,5.37146666667,5.18971276285,4.7525,4.31528723715,0.00953675621739,-0.0618767620559,0.0714135182733,58.2570431967,85.9550561798,90.0464093796
917,2011-03-29,4.91,5.06,4.89,5.05,38900,4.48,82588.0,4.83466666667,4.739,5.0114,5.37066666667,5.15217792777,4.739,4.32582207223,-0.00769003366691,-0.0797301416242,0.0720401079573,57.541746792,88.202247191,93.1701654635
918,2011-03-28,5.09,5.09,4.91,4.93,27700,4.37,82932.0,4.833,4.7285,5.025,5.3698,5.11961507258,4.7285,4.33738492742,-0.027529463175,-0.0977401686136,0.0702107054386,53.0603973567,89.9242794333,95.2691608316
919,2011-03-25,5.0,5.15,4.92,5.05,45900,4.48,83070.0,4.83533333333,4.737,5.0406,5.36846666667,5.15192649952,4.737,4.32207350048,-0.0402331791918,-0.115292844973,0.0750596657814,58.8258029825,96.1040547142,93.6214243066
920,2011-03-24,4.93,4.99,4.81,4.99,37500,4.43,82812.0,4.83366666667,4.748,5.0542,5.36633333333,5.20506017109,4.748,4.29093982891,-0.0680807123015,-0.134057761419,0.0659770491171,56.6382876027,98.4500805153,84.2944847021
921,2011-03-23,4.84,4.95,4.8,4.92,21600,4.36,82470.0,4.834,4.752,5.0704,5.36426666667,5.21875903848,4.752,4.28524096152,-0.0965249351097,-0.150552023698,0.0540270885881,53.9901606605,96.5982286634,68.4660776337
922,2011-03-22,4.81,4.87,4.75,4.87,32700,4.32,83062.0,4.83966666667,4.7555,5.0864,5.36346666667,5.22825680852,4.7555,4.28274319148,-0.124298834983,-0.164058795845,0.0397599608614,52.0478078324,83.3333333333,47.3135964912
923,2011-03-21,4.79,4.79,4.57,4.79,37800,4.25,82854.0,4.85033333333,4.7605,5.1052,5.36306666667,5.24006125782,4.7605,4.28093874218,-0.152849538677,-0.17399878606,0.0211492473832,48.8389367749,58.7962962963,27.0757188109
924,2011-03-18,4.53,4.79,4.53,4.76,96000,4.22,83278.0,4.86,4.772,5.1266,5.363,5.26469057227,4.772,4.27930942773,-0.178921898101,-0.179286097906,0.00036419980453,47.6183474136,35.1364522417,13.6026283058
925,2011-03-17,4.38,4.52,4.26,4.49,43700,3.98,82176.0,4.88,4.7845,5.1476,5.3626,5.2879073897,4.7845,4.2810926103,-0.206542663795,-0.179377147857,-0.0271655159374,34.5734050894,11.9883040936,6.89941931879
926,2011-03-16,4.33,4.44,4.3,4.31,262600,3.82,82600.0,4.91166666667,4.81,5.1718,5.36246666667,5.30270680937,4.81,4.31729319063,-0.211301638715,-0.172585768873,-0.038715869842,22.6484729325,2.38182261209,7.05746611878
927,2011-03-15,4.34,4.43,4.34,4.36,83300,3.87,78540.0,4.949,4.844,5.2,5.3632,5.28515303467,4.844,4.40284696533,-0.195975070141,-0.162906801412,-0.0330682687286,23.7657636436,4.90393427599,9.94265412248
928,2011-03-14,4.54,4.8,4.46,4.46,103700,3.96,77894.0,4.97533333333,4.876,5.2266,5.365,5.26140368447,4.876,4.49059631553,-0.178653157959,-0.15463973423,-0.0240134237289,26.1626916996,8.32361629353,12.4276080535
929,2011-03-11,4.69,4.77,4.54,4.57,200200,4.05,78026.0,4.997,4.903,5.2518,5.36646666667,5.24076323068,4.903,4.56523676932,-0.164127325931,-0.148636378298,-0.0154909476332,29.1674511222,12.6204912935,13.5730453716
930,2011-03-10,4.71,4.73,4.61,4.69,89700,4.16,74502.0,5.025,4.9245,5.2756,5.36726666667,5.22771444557,4.9245,4.62128555443,-0.154399775584,-0.14476364139,-0.00963613419416,33.007570438,13.9225746269,13.1596678312
931,2011-03-09,4.75,4.77,4.72,4.75,18200,4.21,73368.0,5.055,4.94,5.2968,5.36933333333,5.2248157299,4.94,4.6551842701,-0.15195625095,-0.142354607841,-0.00960164310905,35.1565791224,14.84375,12.3556652909
932,2011-03-08,4.71,4.76,4.69,4.75,142800,4.21,74214.0,5.08366666667,4.957,5.3178,5.37193333333,5.23492804824,4.957,4.67907195176,-0.152736243131,-0.139954197064,-0.0127820460674,35.1565791224,12.905365566,13.9162349787
933,2011-03-07,4.75,4.75,4.69,4.7,28600,4.17,72570.0,5.10466666667,4.979,5.3378,5.3738,5.25756058587,4.979,4.70043941413,-0.151510178706,-0.136758685547,-0.0147514931588,31.974232746,10.9669811321,21.4729686096
934,2011-03-04,4.8,4.8,4.64,4.74,46700,4.2,72786.0,5.12633333333,4.998,5.3594,5.37613333333,5.24824787711,4.998,4.74775212289,-0.142650581149,-0.133070812257,-0.00957976889171,33.1840397313,10.7065644654,33.7857868187
935,2011-03-03,4.8,4.84,4.77,4.8,194300,4.26,72910.0,5.14733333333,5.029,5.3804,5.3784,5.29672373821,5.029,4.76127626179,-0.133340322723,-0.130675870034,-0.00266445268903,35.0301809199,21.0860287511,48.6521351203
936,2011-03-02,4.86,4.91,4.75,4.8,59000,4.26,69988.0,5.16833333333,5.061,5.3994,5.38046666667,5.36245646452,5.061,4.75954353548,-0.12562664273,-0.130009756862,0.00438311413246,35.0301809199,43.1323000898,59.2619110013
937,2011-03-01,5.1,5.11,4.8,4.84,71500,4.29,70800.0,5.193,5.0925,5.4192,5.38213333333,5.40954100681,5.0925,4.77545899319,-0.113953885462,-0.131105535395,0.0171516499337,36.1874463182,60.2182539683,61.0367063492
938,2011-02-28,5.24,5.26,5.06,5.1,78100,4.52,70128.0,5.22266666667,5.108,5.4384,5.384,5.40374313179,5.108,4.81225686821,-0.10147041876,-0.135393447879,0.0339230291187,45.2002548384,70.171957672,55.7169455947
939,2011-02-25,5.08,5.28,5.05,5.27,51200,4.67,69632.0,5.243,5.1085,5.4524,5.385,5.40422115244,5.1085,4.81277884756,-0.110533769715,-0.143874205158,0.0333404354432,53.2528519065,63.5251322751,46.3339258844
940,2011-02-24,5.0,5.09,4.98,5.07,40200,4.5,69716.0,5.25833333333,5.1155,5.4626,5.3838,5.43207384605,5.1155,4.79892615395,-0.137803228284,-0.152209314019,0.0144060857351,41.956278595,50.2314814815,37.5800832837
941,2011-02-23,4.96,5.04,4.96,4.99,130200,4.43,74658.0,5.28266666667,5.1415,5.474,5.38486666667,5.51850265251,5.1415,4.76449734749,-0.150240926628,-0.155810835453,0.00556990882519,36.2327392373,38.9392109501,29.961498245
942,2011-02-22,5.05,5.05,4.95,4.97,197900,4.41,73122.0,5.307,5.1725,5.4902,5.3848,5.59392021784,5.1725,4.75107978216,-0.155785175399,-0.157203312659,0.00141813726009,34.7388462191,32.6398788311,23.7175600025
943,2011-02-18,5.01,5.02,4.96,5.02,341600,4.45,70118.0,5.335,5.193,5.5066,5.38573333333,5.61290951406,5.193,4.77309048594,-0.158559323098,-0.157557846974,-0.00100147612366,36.7367656915,28.509761872,18.094797791
944,2011-02-17,4.97,5.01,4.95,5.01,60200,4.44,65388.0,5.363,5.2095,5.5214,5.386,5.62684757697,5.2095,4.79215242303,-0.164884736006,-0.157307477943,-0.00757725806323,36.0537622375,19.7571413269,13.0372079023
945,2011-02-16,5.0,5.0,4.86,5.0,59300,4.43,65376.0,5.38966666667,5.2275,5.5362,5.38613333333,5.63990150339,5.2275,4.81509849661,-0.169541757777,-0.155413163427,-0.0141285943496,35.4062058066,13.9634579799,10.335726266
946,2011-02-15,5.0,5.0,4.91,4.99,39500,4.43,65846.0,5.413,5.249,5.5514,5.3868,5.65652423241,5.249,4.84147576759,-0.172001567269,-0.15188101484,-0.0201205524293,34.7930486021,10.148829985,10.0788637205
947,2011-02-14,4.99,5.06,4.97,5.0,59100,4.43,67652.0,5.43733333333,5.2765,5.5668,5.38833333333,5.68463110639,5.2765,4.86836889361,-0.171621155861,-0.146850876733,-0.0247702791282,35.1024582763,8.27940231745,10.8545904354
948,2011-02-11,4.99,5.13,4.95,5.0,95700,4.43,67778.0,5.46033333333,5.313,5.58,5.38986666667,5.74553207974,5.313,4.88046792026,-0.169657486669,-0.140658306951,-0.0289991797184,35.1024582763,8.95121478171,14.5566904607
949,2011-02-10,5.03,5.03,4.99,5.0,125300,4.43,67064.0,5.48433333333,5.3485,5.5976,5.39233333333,5.78892138913,5.3485,4.90807861087,-0.164683385458,-0.133408512021,-0.0312748734369,35.1024582763,12.9360077978,21.0217862025
950,2011-02-09,5.05,5.05,4.96,5.0,122900,4.43,65980.0,5.50966666667,5.385,5.6118,5.39613333333,5.82484088032,5.385,4.94515911968,-0.155939228851,-0.125589793662,-0.0303494351891,35.1024582763,13.2517368448,28.4909283686
951,2011-02-08,5.16,5.22,5.01,5.09,67000,4.51,64340.0,5.53466666667,5.425,5.6312,5.39946666667,5.86301826446,5.425,4.98698173554,-0.142510298362,-0.118002434865,-0.0245078634975,37.3233413679,23.0878024186,36.0158812248
952,2011-02-07,5.09,5.22,5.06,5.19,36100,4.6,63300.0,5.55833333333,5.4565,5.6472,5.402,5.88411080435,5.4565,5.02888919565,-0.132460859107,-0.11187546899,-0.0205853901172,39.9298466885,34.811597749,38.2129652285
953,2011-02-04,5.3,5.32,5.02,5.08,154800,4.51,63252.0,5.577,5.4875,5.6634,5.40086666667,5.92315467976,5.4875,5.05184532024,-0.127889235053,-0.106729121461,-0.0211601135925,35.3157733771,42.812576462,35.2110303549
954,2011-02-03,5.45,5.47,5.28,5.36,95700,4.75,61254.0,5.60033333333,5.5265,5.677,5.40066666667,5.94869782093,5.5265,5.10430217907,-0.108993973296,-0.101439093063,-0.00755488023369,43.149803461,43.3515482696,29.8635259701
955,2011-02-02,5.4,5.48,5.39,5.44,32500,4.82,59826.0,5.61466666667,5.549,5.6912,5.39833333333,5.98115275077,5.549,5.11684724923,-0.111800472315,-0.0995503730044,-0.0122500993108,45.8480699786,31.8761384335,27.1590564111
956,2011-02-01,5.17,5.45,5.14,5.43,60700,4.82,60284.0,5.625,5.562,5.7018,5.39666666667,5.99589399627,5.562,5.12810600373,-0.121901851465,-0.0964878481767,-0.0254140032886,45.4521485561,22.8038582547,27.8136353896
957,2011-01-31,5.1,5.21,5.08,5.15,52600,4.57,60010.0,5.637,5.5765,5.7168,5.39553333333,6.0111619376,5.5765,5.1418380624,-0.132003584832,-0.0901343473545,-0.0418692374774,32.6491575068,21.4225589226,29.4294662309
958,2011-01-28,5.4,5.46,5.11,5.11,73300,4.53,60680.0,5.65866666667,5.6035,5.73,5.39813333333,5.99364228174,5.6035,5.21335771826,-0.114467926913,-0.0796670379852,-0.0348008889281,30.4847904982,32.5336700337,28.4907902555
959,2011-01-27,5.54,5.57,5.39,5.41,36300,4.8,60432.0,5.68166666667,5.634,5.7486,5.40113333333,5.95414996486,5.634,5.31385003514,-0.0863483355057,-0.0709668157531,-0.0153815197526,39.2745155281,34.4944543474,21.5625309467
960,2011-01-26,5.64,5.67,5.56,5.59,25800,4.91,60762.0,5.694,5.6515,5.765,5.40206666667,5.95876373037,5.6515,5.34423626963,-0.0797469903199,-0.067121435815,-0.0126255545049,46.7911279202,29.2671816201,14.1473005337
961,2011-01-25,5.38,5.69,5.31,5.61,124400,4.93,61154.0,5.69566666667,5.6595,5.7766,5.4032,5.96827014104,5.6595,5.35072985896,-0.0884885898781,-0.0639650471888,-0.0245235426893,47.7336881645,17.6678550208,10.7269760768
962,2011-01-24,5.34,5.44,5.34,5.38,47300,4.73,59298.0,5.702,5.669,5.791,5.40446666667,5.98274511948,5.669,5.35525488052,-0.100395306552,-0.0578341615164,-0.0425611450359,33.4094571684,4.82063279857,12.236263834
963,2011-01-21,5.4,5.43,5.34,5.35,45400,4.7,59824.0,5.71566666667,5.6875,5.8094,5.40693333333,5.97328838325,5.6875,5.40171161675,-0.0907141295576,-0.0471938752575,-0.0435202543001,31.1231669074,4.83353269537,19.498664618
964,2011-01-20,5.37,5.45,5.34,5.37,42000,4.72,61368.0,5.72933333333,5.709,5.8292,5.40886666667,5.95139636961,5.709,5.46660363039,-0.0739834035817,-0.0363138116824,-0.0376695918992,31.7990268358,15.5858837926,30.5747642028
965,2011-01-19,5.63,5.63,5.41,5.43,79100,4.77,63112.0,5.742,5.73,5.8518,5.4086,5.91793615937,5.73,5.54206384063,-0.0535891547385,-0.0268964137076,-0.0266927410308,33.8465252665,23.7050060496,38.7472587719
966,2011-01-18,5.71,5.71,5.51,5.54,72800,4.87,64570.0,5.753,5.746,5.8718,5.4084,5.87396874618,5.746,5.61803125382,-0.0328882894188,-0.0202232284499,-0.0126650609689,38.0133220986,33.8702359347,47.0451451906
967,2011-01-14,5.73,5.75,5.65,5.73,56100,5.04,64986.0,5.76033333333,5.7585,5.8834,5.40753333333,5.84596999486,5.7585,5.67103000514,-0.0171880825646,-0.0170569632077,-0.00013111935695,47.3658712124,49.1379310345,56.0185185185
968,2011-01-13,5.75,5.75,5.7,5.71,34600,5.02,64632.0,5.758,5.762,5.8876,5.40553333333,5.85022698,5.762,5.67377302,-0.0162443555244,-0.0170241833685,0.000779827844031,46.0689158349,48.275862069,62.8021232439
969,2011-01-12,5.85,5.85,5.73,5.73,33000,5.04,64604.0,5.76366666667,5.7665,5.8876,5.4034,5.85281917516,5.7665,5.68018082484,-0.0127671714764,-0.0172191403295,0.00445196885309,47.1476971031,56.8965517241,69.7150383142
970,2011-01-11,5.72,5.8,5.69,5.8,20400,5.1,64482.0,5.763,5.769,5.883,5.40133333333,5.85382924024,5.769,5.68417075976,-0.0101796795245,-0.0183321325427,0.00815245301826,51.0314024188,69.7637292465,73.0719189017
971,2011-01-10,5.76,5.83,5.68,5.72,51200,5.03,65220.0,5.76866666667,5.761,5.8782,5.3988,5.86137928073,5.761,5.66062071927,-0.0138563035492,-0.0203702457973,0.00651394224815,46.3406979963,76.2723499361,69.38098659
972,2011-01-07,5.89,5.89,5.71,5.81,22300,5.11,64986.0,5.77433333333,5.765,5.8784,5.3964,5.86489994995,5.765,5.66510005005,-0.0102020119799,-0.0219987313593,0.0117967193794,51.4934630426,75.9275223499,60.6989285178
973,2011-01-06,5.79,5.87,5.6,5.86,59000,5.15,65246.0,5.78066666667,5.764,5.8796,5.3936,5.862468269,5.764,5.665531731,-0.0145530505664,-0.0249479112042,0.0103948606378,54.6269472632,70.3240740741,53.6471949891
974,2011-01-05,5.67,5.81,5.65,5.81,40900,5.11,64532.0,5.77733333333,5.759,5.8794,5.39086666667,5.84706815543,5.759,5.67093184457,-0.024985786354,-0.0275466263636,0.00256084000961,51.909573636,55.0,48.6907679739
975,2011-01-04,5.7,5.74,5.63,5.7,64900,5.01,64460.0,5.786,5.756,5.8806,5.39073333333,5.84094704233,5.756,5.67105295767,-0.0328474122305,-0.028186836366,-0.00466057586448,45.2057190422,41.5441176471,51.2372344771
976,2011-01-03,5.75,5.75,5.66,5.72,59600,5.03,63916.0,5.795,5.759,5.884,5.38973333333,5.83996912992,5.759,5.67803087008,-0.0312039250804,-0.0270216923999,-0.00418223268051,46.2952896807,47.7205882353,59.7824754902
977,2010-12-31,5.73,5.73,5.62,5.69,51000,5.0,64172.0,5.81033333333,5.761,5.8868,5.3884,5.83996834809,5.761,5.68203165191,-0.0306887262077,-0.0259761342298,-0.0047125919779,44.4297213525,50.4983660131,67.7394812092
978,2010-12-30,5.78,5.81,5.65,5.72,110300,5.03,64140.0,5.81433333333,5.7595,5.8916,5.3894,5.84469976526,5.7595,5.67430023474,-0.0265302181744,-0.0247979862353,-0.00173223193905,45.9106267639,65.1858660131,76.3611694678
979,2010-12-29,5.75,5.78,5.7,5.76,24000,5.06,64020.0,5.825,5.7675,5.8946,5.3906,5.86545407087,5.7675,5.66954592913,-0.0238911011111,-0.0243649282506,0.000473827139434,47.8867932947,75.7250816993,79.9158934407
980,2010-12-28,5.8,5.81,5.71,5.75,33000,5.05,65292.0,5.84066666667,5.765,5.8974,5.39113333333,5.86609401565,5.765,5.66390598435,-0.024247848407,-0.0244833850354,0.000235536628452,47.3608064647,79.5486111111,80.8060515873
981,2010-12-27,5.72,5.82,5.69,5.8,60500,5.1,65812.0,5.85466666667,5.776,5.8934,5.39193333333,5.91052137377,5.776,5.64147862623,-0.0233323098877,-0.0245422691925,0.00120995930479,49.6893013257,84.9851190476,80.5480196886
982,2010-12-23,5.76,5.78,5.65,5.75,60600,5.05,65498.0,5.87233333333,5.7805,5.8904,5.3902,5.92367471844,5.7805,5.63732528156,-0.0269152798521,-0.0248447590187,-0.00207052083337,47.2825808544,79.4047619048,78.4397893773
983,2010-12-22,5.8,5.8,5.68,5.78,39400,5.08,65714.0,5.89066666667,5.793,5.8878,5.38906666667,5.96424251808,5.793,5.62175748192,-0.0260060483542,-0.0243271288104,-0.00167891954383,48.5772683699,79.2857142857,77.6373626374
984,2010-12-21,5.76,5.8,5.68,5.79,52900,5.09,65588.0,5.90933333333,5.792,5.8786,5.38726666667,5.96376728443,5.792,5.62023271557,-0.0275218139936,-0.0239073989244,-0.00361441506917,48.9924971275,78.5164835165,73.4718406593
985,2010-12-20,5.79,5.8,5.65,5.75,48200,5.05,64898.0,5.933,5.806,5.8666,5.38833333333,6.01618087449,5.806,5.59581912551,-0.0300743466607,-0.0230037951571,-0.00707055150353,47.3199601143,76.5521978022,67.8772085757
986,2010-12-17,5.8,5.8,5.72,5.79,99600,5.09,64962.0,5.95566666667,5.817,5.8556,5.39186666667,6.03709997728,5.817,5.59690002272,-0.0288221342225,-0.0212361572812,-0.00758597694124,48.8059990854,76.1950549451,61.1498734109
987,2010-12-16,5.79,5.8,5.69,5.8,37900,5.1,63512.0,5.96666666667,5.8365,5.84,5.3966,6.10692743944,5.8365,5.56607256056,-0.0308773520309,-0.0193396630459,-0.0115376889849,49.1644189447,62.6236263736,52.8329023917
988,2010-12-15,5.79,5.8,5.72,5.8,53300,5.1,63486.0,5.97133333333,5.837,5.8268,5.39953333333,6.10719252395,5.837,5.56680747605,-0.0340696140041,-0.0164552407997,-0.0176143732044,49.1644189447,56.1379551821,48.6966036415
989,2010-12-14,5.64,5.8,5.64,5.78,55400,5.08,63274.0,5.96833333333,5.849,5.8136,5.40393333333,6.13254188403,5.849,5.56545811597,-0.0376485430825,-0.0120516474986,-0.0255968955839,48.5123666673,49.6428571429,45.2871148459
990,2010-12-13,5.5,5.76,5.5,5.64,287300,4.96,63486.0,5.959,5.8715,5.7954,5.40966666667,6.19776829451,5.8715,5.54523170549,-0.0396325792069,-0.00565242360264,-0.0339801556042,43.8292120454,42.9271708683,42.1737861811
991,2010-12-10,5.77,5.8,5.71,5.8,53400,5.1,58128.0,5.95633333333,5.898,5.784,5.41466666667,6.23078221106,5.898,5.56521778894,-0.0273339114353,0.00284261529842,-0.0301765267337,48.5118510356,46.0784313725,38.5729616705
992,2010-12-09,5.83,5.85,5.74,5.79,47700,5.09,57620.0,5.954,5.9245,5.771,5.41546666667,6.30310137348,5.9245,5.54589862652,-0.0275296640406,0.0103867469818,-0.0379164110224,48.1906101417,42.5,33.8607926221
993,2010-12-08,5.79,5.84,5.69,5.76,105100,5.06,57198.0,5.95666666667,5.95,5.758,5.41353333333,6.35659562221,5.95,5.54340437779,-0.0263609022525,0.0198658497375,-0.04622675199,47.274214153,37.1895424837,27.7515647502
994,2010-12-07,5.81,5.82,5.69,5.75,59600,5.05,56516.0,5.95966666667,5.979,5.746,5.41426666667,6.40929757145,5.979,5.54870242855,-0.0214311604466,0.0314225377349,-0.0528536981815,46.9839616085,28.523872826,23.6045298014
995,2010-12-06,5.7,5.78,5.54,5.76,82800,5.06,55804.0,5.96366666667,6.0165,5.7342,5.41746666667,6.48907909391,6.0165,5.54392090609,-0.0138091094806,0.0446359622803,-0.0584450717609,47.225365138,27.2297551789,22.4200088258
996,2010-12-03,5.67,5.89,5.63,5.76,129800,5.06,55060.0,5.96733333333,6.05,5.7208,5.4218,6.53977545876,6.05,5.56022454124,-0.00489792283697,0.0592472302206,-0.0641451530575,47.225365138,18.0630885122,21.6764415045
997,2010-12-02,5.9,5.9,5.61,5.66,65400,4.98,53024.0,5.97066666667,6.068,5.7014,5.4272,6.53995762522,6.068,5.59604237478,0.00654723426578,0.0752835184849,-0.0687362842192,44.7789551834,20.6014026885,23.3192378195
998,2010-12-01,5.85,5.9,5.7,5.88,60000,5.17,52358.0,5.97966666667,6.082,5.6864,5.43206666667,6.52011414038,6.082,5.64388585962,0.0312420022876,0.0924675895397,-0.0612255872521,49.4630167646,23.7857889237,24.3664044894
999,2010-11-30,5.9,5.99,5.71,5.71,71100,5.02,51652.0,5.97933333333,6.0735,5.667,5.436,6.53303345906,6.0735,5.61396654094,0.0399070770749,0.107773986353,-0.0678669092778,45.362066907,24.2554858934,24.9093640837
1000,2010-11-29,5.88,6.05,5.85,5.97,40900,5.25,51358.0,5.98566666667,6.063,5.6532,5.44,6.56308399295,6.063,5.56291600705,0.0676954877733,0.124740713672,-0.0570452258989,51.2706556105,24.6342737722,26.1292398989
1001,2010-11-26,5.94,5.96,5.82,5.89,15000,5.18,51620.0,5.97166666667,6.0425,5.6326,5.4416,6.58772930956,6.0425,5.49727069044,0.0757062157879,0.139002020147,-0.063295804359,49.3870745222,24.7900693684,27.6008982454
1002,2010-11-24,5.83,6.01,5.83,6.0,33700,5.27,51682.0,5.96366666667,6.0345,5.613,5.44533333333,6.59297918493,6.0345,5.47602081507,0.0929750909515,0.154825971237,-0.0618508802852,51.951001748,25.9576273006,28.8042016967
1003,2010-11-23,6.0,6.05,5.75,5.76,54900,5.06,51456.0,5.951,6.028,5.5904,5.44933333333,6.59094227057,6.028,5.46505772943,0.102464090292,0.170288691308,-0.067824601016,46.3032693553,29.1349891545,32.337099041
1004,2010-11-22,5.99,6.14,5.99,6.07,24300,5.34,50960.0,5.93633333333,6.0325,5.5712,5.4556,6.58819326071,6.0325,5.47680673929,0.137521480864,0.187244841562,-0.0497233606979,53.9023945589,30.520907158,35.8269346941
1005,2010-11-19,6.15,6.15,5.92,5.97,55400,5.25,51626.0,5.907,6.0225,5.548,5.46013333333,6.58231693436,6.0225,5.46268306564,0.148703510564,0.199675681736,-0.050972171173,51.5191085516,29.6032831737,43.3117230714
1006,2010-11-18,5.88,6.2,5.88,6.18,47000,5.43,50860.0,5.88133333333,6.0175,5.5246,5.46426666667,6.58087820334,6.0175,5.45412179666,0.170994704681,0.21241872453,-0.0414240198489,57.2954453519,40.0892166776,53.4652501041
1007,2010-11-17,6.07,6.07,5.75,5.81,86100,5.11,50258.0,5.84233333333,6.0015,5.4972,5.46626666667,6.56368413354,6.0015,5.43931586646,0.175577360377,0.222774729492,-0.047197369115,47.7022059,43.0943317671,61.5951198477
1008,2010-11-16,6.2,6.2,6.0,6.04,60900,5.31,49124.0,5.82,6.0075,5.4772,5.47066666667,6.56391261668,6.0075,5.45108738332,0.216545370224,0.234574071771,-0.0180287015471,54.8092004604,60.4600606673,70.7671890799
1009,2010-11-15,6.18,6.33,6.12,6.23,52800,5.48,48538.0,5.79,5.999,5.4514,5.47446666667,6.5583531979,5.999,5.4396468021,0.242267515588,0.239081247157,0.00318626843089,61.8812938592,70.2173913043,76.8795738269
1010,2010-11-12,6.3,6.41,6.15,6.17,45400,5.42,48198.0,5.74466666667,5.9825,5.425,5.47626666667,6.53302247911,5.9825,5.43197752089,0.2522289809,0.23828468005,0.0139443008501,60.3823111484,72.6086956522,81.8309480213
1011,2010-11-11,6.27,6.41,6.12,6.33,31600,5.56,47962.0,5.708,5.9515,5.399,5.47646666667,6.52561758378,5.9515,5.37738241622,0.267383738721,0.234798604837,0.0325851338835,66.8962602605,79.7826086957,87.472539607
1012,2010-11-10,6.36,6.37,6.12,6.3,73600,5.54,48058.0,5.66866666667,5.9175,5.37,5.47486666667,6.47831636923,5.9175,5.35668363077,0.266546593412,0.226652321366,0.0398942720461,66.2625905469,84.9095996556,88.8004057025
1013,2010-11-09,6.54,6.58,6.19,6.34,122600,5.57,47098.0,5.63,5.8835,5.3392,5.47406666667,6.42969685096,5.8835,5.33730314904,0.264655595679,0.216678753355,0.0479768423237,67.8711046096,90.0228880818,82.90235993
1014,2010-11-08,6.5,6.6,6.35,6.5,129200,5.71,46398.0,5.59066666667,5.8325,5.307,5.47333333333,6.3890563763,5.8325,5.2759436237,0.254319731725,0.204684542774,0.0496351889507,74.5970512911,95.1750619949,70.5633988447
1015,2010-11-05,6.15,6.46,6.13,6.43,152000,5.65,44740.0,5.546,5.767,5.2742,5.47126666667,6.30183081437,5.767,5.23216918563,0.221137305635,0.192275745536,0.0288615600984,73.5314569304,85.0940730776,53.7595074887
1016,2010-11-04,6.0,6.16,5.92,6.12,93600,5.38,43264.0,5.50133333333,5.7055,5.2406,5.4698,6.20279166492,5.7055,5.20820833508,0.182695193707,0.185060355512,-0.00236516180462,68.0138812639,61.3174165658,40.9486797613
1017,2010-11-03,5.79,5.94,5.74,5.94,38400,5.22,41970.0,5.457,5.65,5.2172,5.47373333333,6.19530725284,5.65,5.10469274716,0.162535331665,0.185651645963,-0.0231163142974,63.963593646,40.6670437406,38.7625484918
1018,2010-11-02,5.59,5.71,5.45,5.71,33200,5.02,42800.0,5.42266666667,5.61,5.1968,5.48106666667,6.18110419365,5.61,5.03889580635,0.15276713929,0.191430724537,-0.0386635852472,57.59209172,27.9594965708,46.2814940887
1019,2010-11-01,5.51,5.64,5.49,5.5,26900,4.83,43084.0,5.396,5.5815,5.1772,5.4908,6.18572760612,5.5815,4.97727239388,0.161495488086,0.201096620849,-0.0396011327624,50.1141010035,33.8507621679,59.3069910484
1020,2010-10-29,5.75,5.75,5.5,5.56,57300,4.84,43260.0,5.38,5.55,5.1618,5.50173333333,6.22899926362,5.55,4.87100073638,0.191668827996,0.210996904039,-0.0193280760431,52.5736380763,52.5728914879,71.5036110027
1021,2010-10-28,5.88,5.9,5.69,5.73,39500,4.99,43372.0,5.35933333333,5.5255,5.1442,5.5128,6.23592170575,5.5255,4.81507829425,0.221283980711,0.21582892305,0.00545505766038,60.3686726074,70.7428261284,79.9689739893
1022,2010-10-27,5.85,5.91,5.85,5.87,35300,5.11,43318.0,5.332,5.4965,5.1256,5.5216,6.21842174091,5.4965,4.77457825909,0.238555917728,0.214465158635,0.0240907590931,68.0887129181,80.0614844093,83.989075538
1023,2010-10-26,5.85,5.92,5.85,5.85,23300,5.1,43856.0,5.29866666667,5.46,5.1044,5.53166666667,6.17649145145,5.46,4.74350854855,0.242876740355,0.208442468862,0.0344342714928,67.5380319542,82.6372419851,86.587301749
1024,2010-10-25,5.92,5.95,5.85,5.87,37300,5.11,43970.0,5.26366666667,5.4255,5.083,5.54153333333,6.12989974446,5.4255,4.72110025554,0.246895292284,0.199833900989,0.047061391295,68.6378857476,86.4343434343,88.3590401908
1025,2010-10-22,5.88,5.88,5.85,5.87,37700,5.11,44624.0,5.23166666667,5.39,5.0596,5.55093333333,6.07243681026,5.39,4.70756318974,0.246396857949,0.188068553165,0.058328304784,68.6378857476,86.8232323232,89.5252532702
1026,2010-10-21,5.95,5.95,5.84,5.86,72400,5.1,45740.0,5.196,5.351,5.0316,5.5584,6.00792921993,5.351,4.69407078007,0.242176720191,0.173486476969,0.0686902432225,68.4161414916,90.4543892534,91.0786191274
1027,2010-10-20,5.9,5.96,5.9,5.93,49400,5.17,46302.0,5.161,5.2975,5.0028,5.56593333333,5.95418485592,5.2975,4.64081514408,0.23428590116,0.156313916163,0.0779719849967,71.7118701725,89.7241957521,91.522671295
1028,2010-10-19,5.9,6.01,5.85,5.87,104300,5.11,46102.0,5.12366666667,5.2465,4.9768,5.57293333333,5.85547536896,5.2465,4.63752463104,0.213679279034,0.136820919914,0.0768583591198,70.5840380599,91.0991957521,92.2919478049
1029,2010-10-18,5.59,5.91,5.56,5.9,87600,5.14,45334.0,5.08633333333,5.1985,4.953,5.57986666667,5.75215241804,5.1985,4.64484758196,0.190378764553,0.117606330134,0.0727724344183,71.9152479098,93.0366957521,92.3528909814
1030,2010-10-15,5.7,5.7,5.48,5.55,59000,4.83,46800.0,5.05333333333,5.1545,4.9288,5.58546666667,5.60918560567,5.1545,4.69981439433,0.154815144039,0.0994132215296,0.0554019225095,64.7036412073,92.2305979236,89.0306104738
1031,2010-10-14,5.64,5.65,5.46,5.65,44800,4.92,45916.0,5.03066666667,5.124,4.9178,5.5936,5.54936572499,5.124,4.69863427501,0.142807539034,0.0855627409022,0.057244798132,69.4338458764,92.8013017917,85.1814936883
1032,2010-10-13,5.34,5.67,5.32,5.62,71400,4.9,45444.0,5.005,5.087,4.9076,5.60053333333,5.44656084325,5.087,4.72743915675,0.115222449896,0.0712515413692,0.0439709085272,68.7984207879,91.3429684584,81.1822248592
1033,2010-10-12,5.16,5.34,5.11,5.32,33100,4.63,45004.0,4.97633333333,5.0495,4.8958,5.60786666667,5.32565032138,5.0495,4.77334967862,0.0813924277622,0.0602588142374,0.0211336135248,61.3345961595,79.7475737215,73.2388272422
1034,2010-10-11,5.18,5.25,5.11,5.19,18400,4.52,45044.0,4.95666666667,5.0235,4.8904,5.6168,5.29065351392,5.0235,4.75634648608,0.0675745823798,0.0549754108562,0.0125991715236,57.2164780511,76.8341307815,69.49511563
1035,2010-10-08,5.03,5.23,5.02,5.2,51400,4.53,45662.0,4.94566666667,5.0095,4.8882,5.62373333333,5.26953653589,5.0095,4.74946346411,0.0621914476207,0.0518256179753,0.0103658296453,57.6550955032,76.8042264753,66.6218102073
1036,2010-10-07,5.15,5.15,5.01,5.01,27100,4.36,45354.0,4.93066666667,4.9895,4.8864,5.63073333333,5.24938266583,4.9895,4.72961733417,0.0533978254718,0.049234160564,0.0041636649078,51.0322635925,59.5693779904,63.7559808612
1037,2010-10-06,5.1,5.15,5.04,5.14,36600,4.48,45224.0,4.92866666667,4.9795,4.8872,5.63746666667,5.25060698995,4.9795,4.70839301005,0.0607427248313,0.0481932443371,0.0125494804943,56.6627410285,64.7727272727,69.3181818182
1038,2010-10-05,4.94,5.14,4.94,5.14,42700,4.48,45262.0,4.92133333333,4.963,4.8868,5.64313333333,5.23319252395,4.963,4.69280747605,0.0559975931072,0.0450558742135,0.0109417188937,56.6627410285,65.3409090909,75.4119318182
1039,2010-10-04,5.05,5.09,4.87,4.87,66000,4.24,44920.0,4.90766666667,4.9435,4.889,5.65006666667,5.21606375401,4.9435,4.67093624599,0.0491265690795,0.0423204444901,0.00680612458948,45.9915422142,65.3409090909,82.2159090909
1040,2010-10-01,5.15,5.15,5.03,5.07,19400,4.42,44598.0,4.903,4.9455,4.8934,5.658,5.21645940655,4.9455,4.67454059345,0.0671329846795,0.0406189133427,0.0265140713368,55.3693868752,81.8181818182,84.521780303
1041,2010-09-30,5.15,5.15,5.06,5.15,28000,4.49,45636.0,4.89,4.9355,4.8966,5.66253333333,5.20206894043,4.9355,4.66893105957,0.0687756026317,0.0339903955085,0.0347852071232,59.9064401946,89.1477272727,80.1988636364
1042,2010-09-29,5.15,5.15,5.05,5.14,26600,4.48,45920.0,4.87833333333,4.922,4.8932,5.66586666667,5.17048339985,4.922,4.67351660015,0.061726353507,0.0252940937277,0.0364322597793,59.5214457248,92.5568181818,71.2484217172
1043,2010-09-28,5.19,5.21,5.08,5.16,71000,4.49,45962.0,4.86733333333,4.903,4.8926,5.6696,5.13973614004,4.903,4.66626385996,0.0528492922095,0.0161860287829,0.0366632634266,60.6021660838,74.5643939394,61.0550820707
1044,2010-09-27,5.13,5.17,5.11,5.16,24000,4.49,44938.0,4.85466666667,4.8815,4.8906,5.67333333333,5.09822794005,4.8815,4.66477205995,0.0387138533577,0.00702021292624,0.0316936404314,60.6021660838,64.5265151515,59.512987013
1045,2010-09-24,4.84,5.09,4.83,5.09,45600,4.43,45746.0,4.83933333333,4.8665,4.888,5.67693333333,5.04157426995,4.8665,4.69142573005,0.0201087826288,-0.000903197181614,0.0210119798105,58.3182258487,53.345959596,63.1048205267
1046,2010-09-23,4.86,4.96,4.77,4.79,28000,4.17,45452.0,4.81866666667,4.8495,4.8882,5.68106666667,4.99856039045,4.8495,4.70043960955,0.0031967282422,-0.00615619213423,0.00935292037643,45.8184454564,51.783459596,70.7386363636
1047,2010-09-22,4.87,5.0,4.83,4.91,32100,4.28,45480.0,4.80633333333,4.8575,4.8968,5.68753333333,5.01006146302,4.8575,4.70493853698,0.012109753687,-0.00849442222834,0.0206041759153,51.5617097883,68.3960137085,76.0287022006
1048,2010-09-21,5.0,5.08,4.9,4.91,24700,4.28,46106.0,4.797,4.858,4.9032,5.6928,5.01131014317,4.858,4.70468985683,0.0110916915647,-0.0136454662072,0.0247371577719,51.5617097883,78.8938492063,78.0419522607
1049,2010-09-20,4.98,5.04,4.9,5.02,56400,4.37,45866.0,4.78933333333,4.849,4.9124,5.6978,5.0099844713,4.849,4.6880155287,0.0096309403968,-0.0198297556501,0.0294606960469,57.2319154076,83.8812229437,75.0167222823
1050,2010-09-17,4.98,5.0,4.85,4.94,54000,4.3,45726.0,4.77833333333,4.8345,4.9234,5.70186666667,4.98302272553,4.8345,4.68597727447,-0.00357359568148,-0.0271949296619,0.0236213339804,53.8009429836,72.9437229437,69.6714165464
1051,2010-09-16,4.85,4.93,4.84,4.91,18100,4.28,45484.0,4.78033333333,4.8215,4.9346,5.70686666667,4.97619647701,4.8215,4.66680352299,-0.0122299512478,-0.033100263157,0.0208703119091,52.4732988456,76.449013949,67.1682444312
1052,2010-09-15,4.8,4.88,4.77,4.87,22400,4.24,46854.0,4.788,4.816,4.9458,5.71193333333,4.96545233354,4.816,4.66654766646,-0.0200461730617,-0.0383178411343,0.0182716680726,50.7199272589,66.7929292929,59.7062579821
1053,2010-09-14,4.88,4.93,4.78,4.8,30100,4.18,47392.0,4.79333333333,4.813,4.9488,5.717,4.96039063742,4.813,4.66560936258,-0.0256582063868,-0.0428857581524,0.0172275517656,47.5771755183,62.5,56.1524004412
1054,2010-09-13,4.84,4.92,4.75,4.91,57600,4.28,47706.0,4.80166666667,4.812,4.9538,5.7218,4.96,4.812,4.664,-0.025320718647,-0.0471926460938,0.0218719274468,52.4588332236,62.9310344828,54.1768257285
1055,2010-09-10,4.9,4.9,4.77,4.8,17100,4.18,47972.0,4.80733333333,4.8015,4.9558,5.72573333333,4.94999579119,4.8015,4.65300420881,-0.0357216602061,-0.0526606279555,0.0169389677494,47.4522924314,46.6010681528,53.0274004412
1056,2010-09-09,4.89,4.89,4.76,4.81,16900,4.19,48526.0,4.81766666667,4.785,4.9636,5.73026666667,4.99221969018,4.785,4.57778030982,-0.0372774560113,-0.0568953698928,0.0196179138815,47.8779161227,52.5774991292,56.0941565759
1057,2010-09-08,4.76,4.83,4.72,4.81,29400,4.19,49992.0,4.82566666667,4.7655,4.9726,5.735,5.0261511078,4.7655,4.5048488922,-0.0397391814789,-0.0617998483632,0.0220606668844,47.8779161227,54.5977011494,54.2187211875
1058,2010-09-07,4.9,4.9,4.74,4.75,31600,4.14,49854.0,4.836,4.7565,4.9872,5.7402,5.02275363847,4.7565,4.49024636153,-0.0423032138905,-0.0673150150843,0.0250118011938,45.341575432,58.3333333333,51.5374331551
1059,2010-09-03,4.91,4.91,4.77,4.91,35800,4.28,53888.0,4.85266666667,4.753,5.0034,5.7458,5.02133561076,4.753,4.48466438924,-0.0388514412393,-0.0735679653828,0.0347165241435,51.5535300712,58.8680926916,46.9418449198
1060,2010-09-02,4.89,4.93,4.8,4.87,33600,4.24,54860.0,4.85866666667,4.742,5.0162,5.7506,5.00158428304,4.742,4.48241571696,-0.0501715213646,-0.0822470964186,0.0320755750541,49.9621056399,45.0757575758,46.14356232
1061,2010-09-01,4.82,4.88,4.71,4.88,36400,4.25,54948.0,4.87066666667,4.7485,5.034,5.7548,5.02644064114,4.7485,4.47055935886,-0.0598175651411,-0.0902659901822,0.0304484250411,50.3460289043,43.8725490196,52.9873680241
1062,2010-08-31,4.74,4.79,4.67,4.76,25600,4.15,54790.0,4.874,4.7615,5.0524,5.759,5.08363506484,4.7615,4.43936493516,-0.0722775327955,-0.0978780964424,0.0256005636469,45.6962760244,39.9509803922,60.1093514329
1063,2010-08-30,4.82,4.82,4.66,4.73,87600,4.12,55450.0,4.88566666667,4.775,5.0722,5.76333333333,5.11772437906,4.775,4.43227562094,-0.0749114910338,-0.104278237354,0.0293667463203,44.4895577273,55.6749622926,68.6792986425
1064,2010-08-27,4.78,4.88,4.69,4.86,46300,4.23,55700.0,4.89666666667,4.791,5.0904,5.76893333333,5.15315466309,4.791,4.42884533691,-0.0741292124066,-0.111619923934,0.0374907115276,48.858251678,72.4509803922,70.7220965309
1065,2010-08-26,4.78,4.85,4.7,4.75,78200,4.14,55330.0,4.90233333333,4.802,5.0998,5.7734,5.18465389061,4.802,4.41934610939,-0.0852888609601,-0.120992601816,0.035703740856,44.5825785464,72.3604826546,66.8401206637
1066,2010-08-25,4.91,4.95,4.83,4.95,28900,4.31,54016.0,4.914,4.82,5.1128,5.77933333333,5.22442551848,4.82,4.41557448152,-0.0870920653181,-0.12991853703,0.0428264717121,51.9096348158,74.2307692308,62.9206730769
1067,2010-08-24,4.7,4.99,4.69,4.92,79900,4.29,54230.0,4.923,4.825,5.122,5.78286666667,5.2381101548,4.825,4.4118898452,-0.108490452476,-0.140625154958,0.0321347024824,50.7829923294,63.8461538462,58.2391826923
1068,2010-08-23,4.75,4.92,4.73,4.73,47400,4.12,53266.0,4.93333333333,4.835,5.1322,5.7852,5.26611483389,4.835,4.40388516611,-0.131169987321,-0.148658830579,0.0174888432577,42.9184916731,56.9230769231,55.7151442308
1069,2010-08-20,4.66,4.77,4.66,4.73,35700,4.12,53098.0,4.95466666667,4.861,5.1454,5.78813333333,5.32510774611,4.861,4.39689225389,-0.138863939254,-0.153031041393,0.0141671021397,42.9184916731,56.6826923077,52.109375
1070,2010-08-19,4.8,4.92,4.67,4.68,62900,4.08,53456.0,4.98266666667,4.879,5.1592,5.78806666667,5.34927226157,4.879,4.40872773843,-0.146664380604,-0.156572816928,0.0099084363245,40.7709697498,55.5048076923,45.2946272478
1071,2010-08-18,4.79,5.0,4.75,4.8,36800,4.18,52960.0,5.01,4.9065,5.174,5.78873333333,5.39111427961,4.9065,4.42188572039,-0.149396371118,-0.159049926009,0.00965355489123,44.5021827024,53.75,35.5329001777
1072,2010-08-17,4.84,4.9,4.77,4.81,62200,4.19,53290.0,5.03233333333,4.9155,5.1852,5.78853333333,5.39855175706,4.9155,4.43244824294,-0.162928528158,-0.161463314732,-0.00146521342625,44.8195782506,42.5,23.8723254275
1073,2010-08-16,4.7,4.81,4.66,4.78,29000,4.16,53232.0,5.03933333333,4.9305,5.1968,5.78826666667,5.41812588118,4.9305,4.44287411882,-0.178848793644,-0.161097011375,-0.0177517822683,43.7010252266,29.4237012987,14.567519908
1074,2010-08-13,4.49,4.72,4.49,4.7,70000,4.09,53606.0,5.04833333333,4.9445,5.2102,5.7882,5.43011198503,4.9445,4.45888801497,-0.193512859138,-0.156659065808,-0.0368537933293,40.7257894465,16.4578994119,10.5168963479
1075,2010-08-12,4.35,4.62,4.35,4.47,93500,3.89,53780.0,5.05866666667,4.961,5.232,5.788,5.43453563752,4.961,4.48746436248,-0.201269352053,-0.147445617476,-0.0538237345773,30.9896105319,7.10770099921,13.801755253
1076,2010-08-11,4.55,4.55,4.38,4.42,100500,3.85,52966.0,5.08266666667,4.9925,5.2536,5.7892,5.41192222163,4.9925,4.57307777837,-0.184823721527,-0.133989683832,-0.0508340376951,28.6229337736,5.28077792229,21.7447296687
1077,2010-08-10,4.63,4.72,4.62,4.63,39400,4.03,52242.0,5.11066666667,5.0325,5.2756,5.79006666667,5.37060501327,5.0325,4.69439498673,-0.156053862614,-0.121281174408,-0.0347726882064,33.0422923882,13.2212070584,32.6527960577
1078,2010-08-09,4.75,4.81,4.65,4.68,65900,4.08,52052.0,5.141,5.0625,5.2998,5.79,5.35595357384,5.0625,4.76904642616,-0.138445004692,-0.112588002356,-0.0258570023354,34.2100837607,29.5973350321,42.6627116845
1079,2010-08-06,4.96,4.96,4.64,4.69,160900,4.09,51306.0,5.17033333333,5.097,5.3242,5.791,5.36346575765,5.097,4.83053424235,-0.119046862329,-0.106123751773,-0.012923110557,34.4361077118,38.8795986622,48.1709866221
1080,2010-08-05,5.08,5.1,5.0,5.0,14800,4.36,49388.0,5.199,5.141,5.3472,5.79126666667,5.41463479311,5.141,4.86736520689,-0.0935743698987,-0.102892974133,0.00931860423461,42.5234500708,48.9130434783,51.6304347826
1081,2010-08-04,5.04,5.15,4.99,5.14,21200,4.48,50130.0,5.22433333333,5.166,5.3646,5.79026666667,5.47288108446,5.166,4.85911891554,-0.0912647614521,-0.105222625192,0.0139578637398,47.1689165432,53.2608695652,53.5326086957
1082,2010-08-03,5.02,5.11,5.0,5.03,49400,4.38,50712.0,5.24633333333,5.1825,5.3726,5.78766666667,5.51631881313,5.1825,4.84868118687,-0.101243919232,-0.108712091127,0.00746817189498,42.5933713919,51.6304347826,55.4002394989
1083,2010-08-02,5.1,5.15,5.03,5.05,35100,4.4,51626.0,5.27033333333,5.182,5.3836,5.78513333333,5.51675961525,5.182,4.84724038475,-0.101308314518,-0.110579134101,0.00927081958223,43.2254121689,52.7173913043,56.1925597431
1084,2010-07-30,5.01,5.1,5.01,5.08,49300,4.38,53260.0,5.29,5.182,5.3928,5.7822,5.51675961525,5.182,4.84724038475,-0.101953294473,-0.112896838996,0.0109435445233,44.1376731314,56.5217391304,56.4904038648
1085,2010-07-29,5.1,5.15,4.96,5.11,36000,4.41,53424.0,5.29833333333,5.1785,5.4102,5.7788,5.5188689175,5.1785,4.8381310825,-0.104348111877,-0.115632725127,0.01128461325,45.0199404262,60.7313927782,52.1018616714
1086,2010-07-28,5.09,5.15,5.04,5.05,20600,4.36,54522.0,5.308,5.1825,5.4336,5.7758,5.5214321466,5.1825,4.8435678534,-0.108941524464,-0.11845387844,0.00951235397582,42.9002610142,54.7997157596,43.7486387696
1087,2010-07-27,5.27,5.27,5.09,5.12,38500,4.42,54866.0,5.32,5.193,5.4626,5.77333333333,5.5278492198,5.193,4.8581507802,-0.107110694355,-0.120831966933,0.0137212725786,44.7701491362,53.9087677909,35.2148012878
1088,2010-07-26,5.14,5.29,5.06,5.25,25600,4.53,55042.0,5.33033333333,5.214,5.485,5.77186666667,5.57920679074,5.214,4.84879320926,-0.110343188371,-0.124262285078,0.0139190967073,48.4088022491,38.9675703568,24.3605216413
1089,2010-07-23,5.08,5.12,4.83,5.09,49900,4.39,55774.0,5.335,5.2295,5.5092,5.76753333333,5.62459365978,5.2295,4.83440634022,-0.126100397993,-0.127742059255,0.00164166126195,43.1260874299,27.318501171,18.0410876063
1090,2010-07-22,5.06,5.25,4.96,5.23,71300,4.51,56202.0,5.346,5.2525,5.5402,5.76493333333,5.66557989542,5.2525,4.83942010458,-0.128087230667,-0.12815247457,6.52439031654e-05,47.0396178144,20.6643658326,15.4407856218
1091,2010-07-21,5.13,5.13,4.98,4.98,42200,4.3,56120.0,5.35233333333,5.279,5.5634,5.7626,5.74722644094,5.279,4.81077355906,-0.143014610107,-0.128168785546,-0.014845824561,37.6590441695,10.491649205,16.301479878
1092,2010-07-20,5.01,5.12,4.96,5.11,28700,4.41,56640.0,5.365,5.32,5.5822,5.76246666667,5.81891883107,5.32,4.82108116893,-0.134532616446,-0.124457329406,-0.0100752870395,41.1810880644,13.6898342167,23.1706635955
1093,2010-07-19,5.04,5.1,5.0,5.06,19800,4.36,58882.0,5.37433333333,5.352,5.59,5.76173333333,5.8744787077,5.352,4.8295212923,-0.134986033751,-0.121938507646,-0.0130475261046,39.1485515317,16.9172932331,33.4597173713
1094,2010-07-16,5.05,5.13,5.02,5.03,64400,4.34,61198.0,5.38733333333,5.381,5.6062,5.76226666667,5.89980246723,5.381,4.86219753277,-0.128510416802,-0.11867662612,-0.00983379068215,37.9540088626,24.1071428571,44.4747386716
1095,2010-07-15,5.21,5.22,5.07,5.1,30900,4.4,60668.0,5.41266666667,5.396,5.6302,5.76406666667,5.89010120421,5.396,4.90189879579,-0.115321386925,-0.116218178449,0.000896791524321,39.6400048955,37.9683840749,54.7430379839
1096,2010-07-14,5.19,5.23,5.15,5.22,29400,4.5,60884.0,5.42766666667,5.411,5.6564,5.7642,5.88609577982,5.411,4.93590422018,-0.103937259527,-0.11644237633,0.0125051168037,42.6563505924,54.8460493201,57.9319071636
1097,2010-07-13,5.42,5.42,5.11,5.23,63400,4.51,61274.0,5.43766666667,5.4205,5.6834,5.76473333333,5.88746787898,5.4205,4.95353212102,-0.100113340418,-0.119568655531,0.0194553151134,42.9090067847,60.9773784341,51.9750984825
1098,2010-07-12,5.53,5.53,5.35,5.37,12700,4.63,60732.0,5.458,5.4305,5.7066,5.76466666667,5.88921450816,5.4305,4.97178549184,-0.094794616895,-0.12443248431,0.0296378674148,46.4886213717,65.1803401065,40.6088752445
1099,2010-07-09,5.47,5.57,5.42,5.57,49400,4.8,61602.0,5.47566666667,5.4315,5.7286,5.76286666667,5.88976957132,5.4315,4.97323042868,-0.100881706262,-0.131841951163,0.0309602449018,52.2733863464,50.7238607935,25.4358140274
1100,2010-07-08,5.51,5.54,5.35,5.5,41900,4.74,61292.0,5.48466666667,5.424,5.7434,5.76106666667,5.87784578879,5.424,4.97015421121,-0.127547311871,-0.139582012389,0.0120347005177,50.2619264758,31.0188145959,14.1992932734
1101,2010-07-07,5.05,5.51,5.01,5.47,86600,4.72,61694.0,5.497,5.42,5.7576,5.76086666667,5.87250414363,5.42,4.96749585637,-0.152599814858,-0.142590687518,-0.0100091273401,49.4134807213,15.512485482,10.6122483546
1102,2010-07-06,5.1,5.17,5.02,5.02,49300,4.33,60598.0,5.49933333333,5.4145,5.7772,5.7608,5.86711352167,5.4145,4.96188647833,-0.179301739546,-0.140088405683,-0.0392133338627,33.6485477129,4.4880952381,14.130952381
1103,2010-07-02,5.01,5.12,5.01,5.05,45800,4.36,60326.0,5.518,5.433,5.8088,5.76293333333,5.84831193096,5.433,5.01768806904,-0.164956898117,-0.130285072218,-0.0346718258998,34.3104716356,5.77777777778,22.7807539683
1104,2010-07-01,5.23,5.26,5.01,5.01,70900,4.32,59828.0,5.53333333333,5.453,5.8418,5.76513333333,5.82930306935,5.453,5.07669693065,-0.14730283654,-0.121617115743,-0.025685720797,32.6706360073,16.6706349206,36.0238095238
1105,2010-06-30,5.28,5.28,5.1,5.19,44800,4.48,59716.0,5.56466666667,5.492,5.8766,5.76806666667,5.83694057459,5.492,5.14705942541,-0.118554520322,-0.115195685543,-0.00335883477816,36.4754424983,29.5873015873,49.251984127
1106,2010-06-29,5.5,5.57,5.22,5.26,90200,4.54,59738.0,5.601,5.51,5.9046,5.7698,5.82641744579,5.51,5.19358255421,-0.098464058235,-0.114355976849,0.0158919186139,38.0767537362,39.0873015873,61.8088624339
1107,2010-06-28,5.55,5.62,5.43,5.54,22500,4.78,58666.0,5.64233333333,5.523,5.929,5.77026666667,5.81789659205,5.523,5.22810340795,-0.0785163912338,-0.118328956502,0.0398125652686,45.495263548,58.75,74.9594907407
1108,2010-06-25,5.59,5.68,5.42,5.56,233300,4.8,59248.0,5.66566666667,5.538,5.9476,5.76966666667,5.8637360895,5.538,5.2122639105,-0.0804229487525,-0.12828209782,0.0478591490671,46.0908693794,69.5833333333,78.7232905983
1109,2010-06-24,5.76,5.8,5.54,5.55,84400,4.79,55980.0,5.69566666667,5.555,5.9686,5.76986666667,5.91702209877,5.555,5.19297790123,-0.0837229847308,-0.140246885086,0.0565239003555,45.7611927148,79.8148148148,75.5079237892
1110,2010-06-23,5.83,5.83,5.65,5.76,38000,4.97,55456.0,5.732,5.5695,5.9876,,5.95219962111,5.5695,5.18680037889,-0.0856990599653,-0.154377860175,0.0686788002099,51.9571078306,91.6898148148,65.5101495726
1111,2010-06-22,5.75,5.85,5.68,5.8,28500,5.0,55514.0,5.753,5.575,5.9964,,5.97140887982,5.575,5.17859112018,-0.108356536938,-0.171547560228,0.0631910232899,53.2318901292,73.8051994302,48.1635850335
1112,2010-06-21,5.69,5.79,5.49,5.75,58600,4.96,57370.0,5.757,5.562,6.0022,,5.94486289974,5.562,5.17913710026,-0.139772348827,-0.18734531605,0.047572967223,51.860964907,56.7218660969,35.575300409
1113,2010-06-18,5.37,5.65,5.25,5.64,100100,4.86,57040.0,5.74866666667,5.5535,6.0108,,5.926717095,5.5535,5.180282905,-0.172746387292,-0.199238557856,0.0264921705638,48.7946460163,39.8237179487,27.0982170831
1114,2010-06-17,5.4,5.4,5.3,5.33,27800,4.6,56266.0,5.75633333333,5.547,6.0226,,5.9184888962,5.547,5.1755111038,-0.201120576209,-0.205861600497,0.00474102428817,38.5520042121,22.3035566584,22.3035789575
1115,2010-06-16,5.37,5.45,5.35,5.4,12500,4.66,57492.0,5.78633333333,5.578,6.0398,,5.97451481687,5.578,5.18148518313,-0.20284733259,-0.207046856569,0.00419952397887,40.2397358694,23.4520609319,20.6961048104
1116,2010-06-15,5.49,5.49,5.35,5.41,39600,4.67,61620.0,5.82,5.622,6.056,,6.11363401021,5.622,5.13036598979,-0.209228067715,-0.208096737564,-0.00113133015183,40.4747847898,22.8135327934,17.7457067914
1117,2010-06-14,5.46,5.51,5.34,5.43,31700,4.68,63556.0,5.85866666667,5.6765,6.082,,6.28888141709,5.6765,5.06411858291,-0.215347070472,-0.207813905026,-0.00753316544674,40.9186692621,20.6451654464,14.7088710872
1118,2010-06-11,5.35,5.47,5.35,5.39,39000,4.65,65200.0,5.89066666667,5.717,6.1142,,6.36492283491,5.717,5.06907716509,-0.222061185693,-0.205930613664,-0.0161305720295,39.6903319184,15.8736600701,14.4831927407
1119,2010-06-10,5.52,5.52,5.35,5.42,53600,4.67,66266.0,5.92666666667,5.7705,6.1498,,6.47575101914,5.7705,5.06524898086,-0.223328130056,-0.201897970657,-0.0214301593999,40.2734585737,11.6504688556,16.6400837207
1120,2010-06-09,5.38,5.55,5.26,5.42,38100,4.67,66436.0,5.95633333333,5.8315,6.1842,,6.61196844907,5.8315,5.05103155093,-0.224751348061,-0.196540430807,-0.0282109172542,40.2734585737,10.6661899766,20.7996016318
1121,2010-06-08,5.43,5.48,5.28,5.36,53300,4.62,68286.0,5.98266666667,5.88,6.2202,,6.67261592212,5.88,5.08738407788,-0.223298781251,-0.189487701493,-0.0338110797579,38.7208883494,19.7424520604,26.5905009462
1122,2010-06-07,5.49,5.58,5.38,5.39,59300,4.65,69840.0,6.019,5.908,6.254,,6.66387300521,5.908,5.15212699479,-0.212087704614,-0.181034931554,-0.0310527730599,39.1939174735,24.5012239902,29.5267617646
1123,2010-06-04,5.61,5.78,5.45,5.45,47700,4.7,72026.0,6.05933333333,5.9135,6.2938,,6.65569337103,5.9135,5.17130662897,-0.197747927457,-0.173271738289,-0.0244761891679,40.1037744504,28.2885405002,32.0007465472
1124,2010-06-03,5.63,5.86,5.41,5.79,78700,4.99,74378.0,6.101,5.9345,6.3314,,6.64618743139,5.9345,5.22281256861,-0.182677914759,-0.167152690997,-0.015525223762,45.6841435705,33.829787234,35.079320642
1125,2010-06-02,5.54,5.7,5.4,5.55,52800,4.79,76040.0,6.133,5.9565,6.3612,,6.67611864901,5.9565,5.23688135099,-0.195404147064,-0.163271385056,-0.0321327620079,40.2330116631,31.4874953341,35.4427958193
1126,2010-06-01,5.81,5.88,5.52,5.52,64300,4.76,76628.0,6.16766666667,5.9995,6.39,,6.71959652131,5.9995,5.27940347869,-0.184368841431,-0.155238194554,-0.0291306468769,39.5285854362,34.3971631206,34.9734042553
1127,2010-05-28,5.9,5.98,5.75,5.84,29900,5.04,78020.0,6.19966666667,6.052,6.4194,,6.77768863847,6.052,5.32631136153,-0.164547504548,-0.147955532835,-0.016591971713,44.7530368685,40.6028368794,31.5906686113
1128,2010-05-27,5.98,6.03,5.78,5.9,28600,5.09,79012.0,6.22066666667,6.0795,6.4422,,6.81261595263,6.0795,5.34638404737,-0.16943667086,-0.143807539907,-0.0256291309532,45.8071302752,35.2836879433,26.4616255996
1129,2010-05-26,5.93,6.24,5.78,5.84,65000,5.04,80144.0,6.24433333333,6.108,6.4624,,6.85517066324,6.108,5.36082933676,-0.179321582467,-0.137400257168,-0.0419213252991,44.5953664337,29.609929078,25.634792306
1130,2010-05-25,5.45,5.91,5.4,5.87,51900,5.06,80704.0,6.26633333333,6.1315,6.4804,,6.87301938613,6.1315,5.38998061387,-0.183220919356,-0.126919925844,-0.0563009935125,45.0631910859,20.8662205445,30.1578798845
1131,2010-05-24,5.68,5.82,5.52,5.54,50300,4.78,83212.0,6.27733333333,6.1485,6.4984,,6.88079160858,6.1485,5.41620839142,-0.188587405067,-0.112844677465,-0.0757427276016,38.4701254723,20.0866648326,40.4888454095
1132,2010-05-21,5.45,5.67,5.29,5.58,95100,4.81,84690.0,6.29566666667,6.194,6.5214,,6.88109242464,6.194,5.50690757536,-0.159093902755,-0.0939089955651,-0.0651849071902,38.9968885101,31.9763547688,53.6489973832
1133,2010-05-20,5.78,5.95,5.46,5.51,116800,4.75,84862.0,6.31566666667,6.245,6.5442,,6.89250289575,6.245,5.59749710425,-0.123208103037,-0.0776127687675,-0.0455953342697,37.6086325052,47.7022793922,66.0061483604
1134,2010-05-19,6.23,6.24,5.95,5.95,57500,5.13,85538.0,6.33966666667,6.3045,6.5672,,6.88627229222,6.3045,5.72272770778,-0.0684853826256,-0.0662139352001,-0.00227144742552,43.369256113,62.1900826446,74.4232093664
1135,2010-05-18,6.52,6.7,6.21,6.28,90900,5.42,86564.0,6.34766666667,6.3445,6.5728,,6.93324357746,6.3445,5.75575642254,-0.0424431411894,-0.0656460733437,0.0232029321543,48.5480727128,72.7272727273,77.832778543
1136,2010-05-17,6.22,6.53,6.22,6.5,37800,5.61,86468.0,6.34533333333,6.36,6.5722,,6.95739434212,6.36,5.76260565788,-0.0421864164299,-0.0714468063823,0.0292603899524,52.4232979991,81.4049586777,73.6498029538
1137,2010-05-14,6.4,6.4,6.2,6.24,47300,5.38,87016.0,6.35233333333,6.359,6.5626,,6.95551990746,6.359,5.76248009254,-0.0636451216796,-0.0787619038704,0.0151167821908,47.8555857309,81.370523416,62.9323265119
1138,2010-05-13,6.61,6.7,6.39,6.46,62200,5.57,87270.0,6.379,6.3705,6.5576,,6.96626757213,6.3705,5.77473242787,-0.0636357582467,-0.0825410994181,0.0189053411714,51.7600722581,75.8283593511,47.8484588854
1139,2010-05-12,6.43,6.64,6.26,6.64,71300,5.73,88538.0,6.40266666667,6.378,6.552,,6.98180791648,6.378,5.77419208352,-0.0850981960723,-0.087267434711,0.00216923863865,55.180513808,55.9953703704,34.3700396825
1140,2010-05-11,5.7,6.43,5.7,6.39,67200,5.51,89850.0,6.41933333333,6.371,6.5404,,6.9656730194,6.371,5.7763269806,-0.129581552045,-0.0878097443707,-0.0417718076745,51.0048743228,38.5350529101,30.1727843915
1141,2010-05-10,5.57,5.98,5.57,5.92,68200,5.11,89946.0,6.447,6.3615,6.5276,,6.9607086448,6.3615,5.7622913552,-0.159019122002,-0.077366792452,-0.0816523295504,41.4885260802,21.0350529101,30.9556878307
1142,2010-05-07,5.7,5.95,5.49,5.5,140800,4.74,90250.0,6.48466666667,6.37,6.5222,,6.94837703965,6.37,5.79162296035,-0.146424614973,-0.0569537100644,-0.089470904909,30.2463267284,21.9146825397,38.6135912698
1143,2010-05-06,6.23,6.32,5.49,5.87,135600,5.06,88200.0,6.54733333333,6.404,6.5262,,6.8349709967,6.404,5.9730290033,-0.0854559952386,-0.0345859838372,-0.0508700114014,35.8867565902,39.2063492063,45.0099206349
1144,2010-05-05,6.4,6.4,6.21,6.23,37900,5.37,85962.0,6.596,6.422,6.5232,,6.78732725056,6.422,6.05667274944,-0.0440675970281,-0.0218684809868,-0.0221991160412,43.1581668167,41.6666666667,42.821969697
1145,2010-05-04,6.51,6.51,6.31,6.41,41700,5.53,86354.0,6.631,6.42,6.5126,,6.78991891003,6.42,6.05008108997,-0.0272545128099,-0.0163187019765,-0.0109358108333,47.6398385136,51.6666666667,40.928030303
1146,2010-05-03,6.38,6.57,6.3,6.57,48900,5.67,86484.0,6.65033333333,6.41,6.4986,,6.79110366044,6.41,6.02889633956,-0.0237257469487,-0.0135847492682,-0.0101409976805,52.1059230334,47.5,38.0303030303
1147,2010-04-30,6.56,6.56,6.39,6.39,36300,5.51,87030.0,6.66433333333,6.417,6.4824,,6.81439652741,6.417,6.01960347259,-0.0351675658394,-0.0110494998481,-0.0241180659913,46.906358016,30.4545454545,40.2840909091
1148,2010-04-29,6.29,6.49,6.29,6.47,56200,5.58,87238.0,6.684,6.4495,6.4686,,6.93031077359,6.4495,5.96868922641,-0.0309326864476,-0.00501998335024,-0.0259127030974,49.1065332906,34.0909090909,52.9356060606
1149,2010-04-28,6.15,6.32,6.15,6.31,33900,5.44,87050.0,6.69866666667,6.4845,6.4524,,7.05897280179,6.4845,5.91002719821,-0.0332229649483,0.0014581924241,-0.0346811573724,44.2501300933,40.0757575758,66.6568704284
1150,2010-04-27,6.45,6.57,6.2,6.21,62000,5.36,87946.0,6.713,6.526,6.4388,,7.16080390673,6.526,5.89119609327,-0.0193720409264,0.0101284817672,-0.0295005226936,40.9817356063,56.5151515152,77.9838288334
1151,2010-04-26,6.56,6.69,6.45,6.45,31800,5.56,87674.0,6.73166666667,6.5765,6.4284,,7.26143138342,6.5765,5.89156861658,0.00877036814781,0.0175036124406,-0.0087332442928,47.1407897722,81.0606060606,81.8478929897
1152,2010-04-23,6.72,6.75,6.52,6.6,35700,5.69,87890.0,6.73966666667,6.6065,6.4128,,7.31865939227,6.6065,5.89434060773,0.0201263831022,0.0196869235138,0.000439459588389,51.6453254251,88.9759665622,76.420831605
1153,2010-04-22,6.72,6.73,6.6,6.7,20900,5.78,88572.0,6.74366666667,6.6455,6.3934,,7.43336991312,6.6455,5.85763008688,0.0190553129807,0.0195770586167,-0.000521745636037,54.8923776565,85.3835911956,65.8748060779
1154,2010-04-21,6.54,6.75,6.54,6.75,65300,5.82,89544.0,6.74233333333,6.677,6.3698,,7.51954614117,6.677,5.83445385883,0.00722925165493,0.0197074950257,-0.0124782433708,56.5429009727,71.9714081406,52.8880951933
1155,2010-04-20,6.5,6.59,6.31,6.59,45900,5.64,89978.0,6.725,6.7035,6.3448,,7.58595736441,6.7035,5.82104263559,-0.0130611648249,0.0228270558684,-0.0358882206933,52.2792442742,59.3523605215,40.8309606847
1156,2010-04-19,6.48,6.52,6.35,6.48,36600,5.55,93878.0,6.71366666667,6.7235,6.3226,,7.61286550417,6.7235,5.83413449583,-0.0224782249162,0.0317991110417,-0.054277335958,49.0905888542,46.7918644538,29.2179653703
1157,2010-04-16,6.62,6.63,6.44,6.47,51600,5.54,94978.0,6.69833333333,6.749,6.3034,,7.63822213198,6.749,5.85977786802,-0.0229708619795,0.0453684450312,-0.0683393070107,48.8018018901,33.4367476573,19.0991389071
1158,2010-04-15,6.47,6.67,6.47,6.61,69900,5.66,96306.0,6.68233333333,6.7745,6.2858,,7.65949661016,6.7745,5.88950338984,-0.022247342566,0.0624532717839,-0.0847006143499,52.6871271585,23.7428701063,12.1430858959
1159,2010-04-14,6.23,6.54,6.23,6.5,58200,5.56,96850.0,6.668,6.7895,6.2654,,7.67300382003,6.7895,5.90599617997,-0.0352548164409,0.0836284253714,-0.118883241812,49.769434386,12.9003792638,8.11976153174
1160,2010-04-13,6.09,6.28,6.09,6.2,40900,5.31,97266.0,6.65333333333,6.8015,6.248,,7.67541704412,6.8015,5.92758295588,-0.0401442857657,0.113349235824,-0.15349352159,40.4729565211,6.31655860104,7.03220059113
1161,2010-04-12,6.25,6.33,6.09,6.09,121300,5.21,97806.0,6.63833333333,6.83,6.234,,7.65965052884,6.83,6.00034947116,-0.0152556551838,0.151722616222,-0.166978271406,36.4696547016,5.61253561254,9.10567844822
1162,2010-04-09,6.21,6.24,6.17,6.18,42100,5.29,97676.0,6.62366666667,6.86,6.2224,,7.62099934297,6.86,6.09900065703,0.027933188289,0.193467184074,-0.165533995784,38.4333657362,7.64957264957,14.4541203858
1163,2010-04-08,6.15,6.35,6.1,6.23,61400,5.33,99036.0,6.60766666667,6.887,6.207,,7.58531511512,6.887,6.18868488488,0.0734879203101,0.23485068302,-0.16136276271,39.5314391219,8.55013550136,22.5178100386
1164,2010-04-07,6.18,6.34,6.11,6.19,89100,5.3,99540.0,6.59066666667,6.9085,6.1938,,7.54863357981,6.9085,6.26836642019,0.125472499431,0.275191373697,-0.149718874266,38.2202220549,14.6104700294,34.4834449861
1165,2010-04-06,6.7,6.71,6.1,6.21,218900,5.32,100518.0,6.57433333333,6.9105,6.1806,,7.5418311334,6.9105,6.2791688666,0.194071398607,0.312621092264,-0.118549693656,38.6089251447,27.0063033628,47.2422432996
1166,2010-04-05,7.04,7.07,6.63,6.71,136400,5.74,99396.0,6.55766666667,6.9125,6.1692,,7.53513552742,6.9125,6.28986447258,0.276769318668,0.342258515678,-0.0654891970101,50.5412867815,39.9043312608,59.317115214
1167,2010-04-01,7.14,7.14,6.94,7.04,113900,6.03,101502.0,6.526,6.878,6.1446,,7.60876945749,6.878,6.14723054251,0.327387110182,0.35863081493,-0.0312437047481,62.3510677562,56.4126752916,70.4433293047
1168,2010-03-31,7.07,7.23,7.03,7.17,92300,6.14,101220.0,6.48133333333,6.8255,6.1092,,7.64736312729,6.8255,6.00363687271,0.353631824294,0.366441741117,-0.0128099168228,68.1786538677,65.6456632831,78.8531562661
1169,2010-03-30,7.22,7.25,7.05,7.14,62100,6.11,106422.0,6.431,6.776,6.0692,,7.6276196334,6.776,5.9243803666,0.368749523772,0.369644220323,-0.000894696551295,67.5283102044,75.3057910204,86.7116189652
1170,2010-03-29,6.95,7.25,6.9,7.22,130600,6.18,106450.0,6.38066666667,6.722,6.0208,,7.61060790003,6.722,5.83339209997,0.385736121668,0.369867894461,0.0158682272069,71.1278597454,84.4091876237,92.4106172855
1171,2010-03-26,7.4,7.4,6.96,7.05,131000,6.03,104644.0,6.32966666667,6.6485,5.972,,7.60106023432,6.6485,5.69593976568,0.393661035758,0.365900837659,0.027760198099,67.7341068697,90.0519831371,95.9594721713
1172,2010-03-25,7.33,7.45,7.24,7.38,168600,6.32,103262.0,6.28366666667,6.5785,5.9264,,7.60559833999,6.5785,5.55140166001,0.415359220131,0.358960788134,0.0563984319971,85.9434539936,97.0795140797,97.9597025798
1173,2010-03-24,7.22,7.38,7.16,7.33,165300,6.27,101280.0,6.22533333333,6.4945,5.8742,,7.52045272796,6.4945,5.46854727204,0.403412404984,0.344861180135,0.0585512248492,85.3908906286,98.1017843016,97.0573928022
1174,2010-03-23,6.96,7.3,6.96,7.28,161800,6.23,99860.0,6.165,6.414,5.823,,7.41750186846,6.414,5.41049813154,0.387387016851,0.330223373923,0.0571636429284,84.8374235547,98.6046071668,95.0923893399
1175,2010-03-22,7.0,7.0,6.9,6.99,82200,5.98,98398.0,6.10566666667,6.335,5.7708,,7.3014471015,6.335,5.3685528985,0.366388983025,0.315932463191,0.0504565198347,80.9506243478,98.0529047709,91.9051187504
1176,2010-03-19,6.98,7.0,6.83,6.99,133900,5.98,97844.0,6.05533333333,6.271,5.724,,7.22491613887,6.271,5.31708386113,0.363785834644,0.303318333232,0.0604675014116,80.9506243478,93.4702749693,88.0700389723
1177,2010-03-18,6.93,7.0,6.81,6.98,79500,5.97,97104.0,6.00633333333,6.2095,5.6752,,7.12800911808,6.2095,5.29099088192,0.355171840387,0.288201457879,0.0669703825079,80.8043206768,90.2417704527,86.5357976626
1178,2010-03-17,6.77,6.95,6.68,6.91,85200,5.91,97190.0,5.96,6.1455,5.628,,7.01754300353,6.1455,5.27345699647,0.340029297312,0.271458862252,0.0685704350599,79.7956907711,85.8555248087,85.2314133897
1179,2010-03-16,6.7,6.74,6.5,6.74,93000,5.77,96274.0,5.916,6.083,5.5864,,6.90463495544,6.083,5.26136504456,0.322883298008,0.254316253487,0.068567044521,77.0797953445,82.7125856583,85.7884022664
1180,2010-03-15,6.8,6.8,6.08,6.77,177300,5.8,95902.0,5.879,6.0275,5.5462,,6.813295775,6.0275,5.241704225,0.313611374562,0.237174492357,0.0764368822051,78.8158780269,87.3333097306,85.6572453338
1181,2010-03-12,6.7,6.8,6.65,6.69,124200,5.73,93392.0,5.83666666667,5.9735,5.5078,,6.69345208174,5.9735,5.25354791826,0.294160863188,0.218065271806,0.0760955913823,77.5646186138,85.0242333611,81.6614614551
1182,2010-03-11,6.75,6.94,6.63,6.72,103700,5.75,92262.0,5.79733333333,5.9225,5.469,,6.57340321861,5.9225,5.27159678139,0.273201688842,0.19904137396,0.0741603148824,79.1934370094,88.0834803157,78.6196888291
1183,2010-03-10,6.21,6.67,6.21,6.66,150600,5.7,91176.0,5.75366666667,5.868,5.4276,,6.41727588696,5.868,5.31872411304,0.239421772658,0.180501295239,0.0589204774188,78.3490707772,82.1879579276,75.1265543125
1184,2010-03-09,6.26,6.42,6.2,6.23,108800,5.33,88638.0,5.71733333333,5.811,5.3866,,6.24398498819,5.811,5.37801501181,0.198932908399,0.165771175885,0.0331617325143,70.3386849505,71.350174216,74.4709367565
1185,2010-03-08,6.12,6.29,6.02,6.25,86100,5.35,88564.0,5.694,5.7745,5.3534,,6.18239582003,5.7745,5.36660417997,0.188142642986,0.157480742756,0.0306619002298,71.480889002,72.8571428571,75.3153495441
1186,2010-03-05,6.02,6.03,5.91,6.02,65200,5.15,88264.0,5.67366666667,5.736,5.3216,,6.10010987353,5.736,5.37189012647,0.169597356688,0.149815267699,0.0197820889894,65.4980677646,74.1109422492,74.5106987427
1187,2010-03-04,6.15,6.18,5.95,5.99,60000,5.13,88842.0,5.65566666667,5.711,5.2948,,6.06210682135,5.711,5.35989317865,0.166878138807,0.144869745451,0.0220083933556,64.5985710726,79.5654877038,72.1142864942
1188,2010-03-03,6.08,6.3,6.04,6.18,125600,5.29,91494.0,5.63166666667,5.691,5.273,,6.02120599631,5.691,5.36079400369,0.164034655056,0.139367647112,0.0246670079436,76.2964825929,74.7278253661,68.0843515184
1189,2010-03-02,5.76,6.07,5.72,6.06,136900,5.19,90560.0,5.598,5.6615,5.2414,,5.90598108311,5.6615,5.41701891689,0.138673922631,0.133200895127,0.00547302750482,73.4800375069,69.6385396518,68.3639118719
1190,2010-03-01,5.7,5.76,5.65,5.75,72000,4.92,90194.0,5.55333333333,5.64,5.2142,,5.80235762994,5.64,5.47764237006,0.116505512553,0.13183263825,-0.0153271256975,62.907802125,64.5252932551,72.2595436539
1191,2010-02-26,5.72,5.74,5.6,5.65,83400,4.84,90376.0,5.521,5.6275,5.1968,,5.79253030025,5.6275,5.46246969975,0.118079570779,0.135664419675,-0.0175848488956,57.8779260216,63.4457478006,78.722228338
1192,2010-02-25,5.68,5.72,5.65,5.7,38300,4.88,90820.0,5.49166666667,5.6205,5.183,,5.79283397808,5.6205,5.44816602192,0.128552938613,0.140060631899,-0.0115076932856,61.7667166041,75.8460667799,86.2483042878
1193,2010-02-24,5.74,5.75,5.69,5.72,23700,4.9,92100.0,5.46066666667,5.606,5.169,,5.79693454376,5.606,5.41506545624,0.13495999445,0.14293755522,-0.00797756076978,63.347626998,85.2210667799,90.5711013183
1194,2010-02-23,5.74,5.77,5.68,5.7,57500,4.88,92726.0,5.429,5.5985,5.1574,,5.78259508413,5.5985,5.41440491587,0.139138309436,0.144931945412,-0.00579363597654,62.4553154459,90.3760319917,92.5501483488
1195,2010-02-22,5.75,5.79,5.68,5.71,48200,4.89,93676.0,5.39466666667,5.59,5.1494,,5.77022208522,5.59,5.40977791478,0.144483892426,0.146380354407,-0.00189646198075,63.1693282459,93.5500515996,93.2327947626
1196,2010-02-19,5.71,5.76,5.67,5.76,76200,4.93,93554.0,5.35933333333,5.5865,5.1376,,5.75985224256,5.5865,5.41314775744,0.148187034461,0.146854469902,0.00133256455955,66.7102340739,93.137254902,93.2027664789
1197,2010-02-18,5.68,5.7,5.6,5.7,46700,4.88,92902.0,5.319,5.5725,5.1284,,5.73223415414,5.5725,5.41276584586,0.145667233431,0.146521328762,-0.000854095331056,64.4924166236,93.137254902,92.2616486754
1198,2010-02-17,5.66,5.69,5.63,5.66,46800,4.84,93430.0,5.283,5.551,5.1188,,5.74776381781,5.551,5.35423618219,0.146441345811,0.146734852595,-0.000293506783561,62.9650221988,93.1066176471,89.0598925741
1199,2010-02-16,5.71,5.71,5.57,5.63,78700,4.82,93848.0,5.25533333333,5.5265,5.1076,,5.77744023193,5.5265,5.27555976807,0.149372066037,0.146808229291,0.00256383674683,61.8212803133,93.4299384647,82.2822360038
1200,2010-02-12,5.65,5.69,5.6,5.69,48400,4.87,93526.0,5.22533333333,5.481,5.101,,5.90835933358,5.481,5.05364066642,0.15399459162,0.146167270104,0.00782732151635,65.5826885023,89.3727836879,72.6042148474
1201,2010-02-11,5.63,5.68,5.55,5.67,42600,4.85,94818.0,5.19733333333,5.4355,5.0966,,5.94921100825,5.4355,4.92178899175,0.15154560294,0.144210439725,0.00733516321576,64.9220858804,80.3302304965,63.2177719319
1202,2010-02-10,5.5,5.65,5.48,5.63,69800,4.82,96764.0,5.16666666667,5.3905,5.0924,,5.96788981633,5.3905,4.81311018367,0.148251866801,0.142376648921,0.00587521788032,63.6254863555,65.995991366,56.2458640391
1203,2010-02-09,5.53,5.53,5.39,5.52,69500,4.73,96478.0,5.134,5.3475,5.0866,,5.97321159491,5.3475,4.72178840509,0.145964198248,0.140907844451,0.00505635379721,59.8342969581,54.717853839,55.0666544152
1204,2010-02-08,5.48,5.62,5.22,5.5,87000,4.71,96140.0,5.10366666667,5.31,5.0838,,5.97831130471,5.31,4.64168869529,0.152121185684,0.139643756001,0.0124774296823,59.1148538314,51.8270120259,57.9750951151
1205,2010-02-05,5.5,5.58,5.2,5.48,240900,4.69,95138.0,5.07266666667,5.2685,5.0828,,5.9857523963,5.2685,4.5512476037,0.159803432401,0.136524398581,0.02327903382,58.4233316801,52.4425989253,62.3109257082
1206,2010-02-04,5.6,5.64,5.51,5.52,91600,4.73,91764.0,5.04533333333,5.227,5.0822,,5.98536930318,5.227,4.46863069682,0.16932072283,0.130704640126,0.0386160827046,60.3179981681,61.2791528705,66.0996011495
1207,2010-02-03,5.57,5.65,5.45,5.59,118000,4.78,91274.0,5.01733333333,5.1785,5.0784,,5.97863186413,5.1785,4.37836813587,0.174932672101,0.12105061945,0.0538820526515,63.6735086602,66.3516166386,67.5171010675
1208,2010-02-02,5.65,5.67,5.59,5.59,97100,4.78,90364.0,4.99433333333,5.13,5.0756,,5.94198522154,5.13,4.31801477846,0.172423812122,0.107580106287,0.0648437058348,63.6735086602,69.1703343984,67.9353022477
1209,2010-02-01,5.5,5.65,5.45,5.63,79000,4.82,90650.0,4.96133333333,5.092,5.0756,,5.88523640864,5.092,4.29876359136,0.166713611753,0.0913691798281,0.075344431925,65.4679658979,67.5973006905,68.791970635
1210,2010-01-29,5.5,5.53,5.5,5.5,67900,4.71,,4.93033333333,5.047,,,5.81475256431,5.047,4.27924743569,0.152927667112,0.0725330718469,0.0803945952651,62.258020188,66.9491525424,71.9409359108
1211,2010-01-28,5.44,5.53,5.2,5.51,114800,4.72,,4.90966666667,5.0145,,,5.75742597209,5.0145,4.27157402791,0.146343749885,0.0524344230306,0.0939093268541,62.674156861,68.0244213596,76.6718943641
1212,2010-01-27,5.56,5.56,5.28,5.41,110100,4.63,,4.89133333333,4.9765,,,5.69137831132,4.9765,4.26162168868,0.134793459171,0.028957091317,0.105836367854,60.2041765171,72.5970079476,82.2443263899
1213,2010-01-26,5.53,5.64,5.48,5.57,86600,4.73,,4.87766666667,4.9385,,,5.63779321461,4.9385,4.23920678539,0.128272274163,0.00249799935361,0.125774274809,66.7685136611,80.1931617938,84.6020005155
1214,2010-01-25,5.65,5.89,5.48,5.53,138000,4.69,,4.86333333333,4.8905,,,5.53982195404,4.8905,4.24117804596,0.101792183128,-0.0289455693486,0.130737752477,65.9055280559,85.8729863552,83.8233624239
1215,2010-01-22,5.53,5.8,5.52,5.64,162800,4.78,,4.85566666667,4.8425,,,5.43508332747,4.8425,4.24991667253,0.0705860715437,-0.0616300074678,0.132216079011,70.5863546162,90.3141494629,79.8494198948
1216,2010-01-21,5.32,5.58,5.3,5.48,241700,4.65,,4.83833333333,4.7935,,,5.26361807028,4.7935,4.32338192972,0.01852901899,-0.0946840272207,0.113213046211,67.4653893667,82.0277044501,73.4473531173
1217,2010-01-20,5.08,5.3,5.0,5.27,99800,4.47,,4.83233333333,4.7535,,,5.10411517366,4.7535,4.40288482634,-0.0318933138183,-0.122987288773,0.0910939749551,62.6332425318,77.0786094275,70.03601524
1218,2010-01-19,4.83,5.25,4.81,5.17,352400,4.39,,4.83066666667,4.735,,,5.00425824036,4.735,4.46574175964,-0.0744048249472,-0.145760782512,0.0713559575649,60.0067431468,69.9772162386,65.8398922949
1219,2010-01-15,4.8,4.8,4.72,4.72,63500,4.0,,4.82833333333,4.7065,,,4.89371912295,4.7065,4.51928087705,-0.117400901698,-0.163599771903,0.0461988702054,43.3755331887,64.7058823529,61.8474264706
1220,2010-01-14,4.71,4.8,4.71,4.78,40300,4.05,,4.84766666667,4.7055,,,4.89263364209,4.7055,4.51836635791,-0.124753699272,-0.175149489455,0.0503957901832,45.7299986028,68.3823529412,56.0386029412
1221,2010-01-13,4.78,4.82,4.69,4.77,61900,4.05,,4.87066666667,4.7105,,,4.91024734041,4.7105,4.51075265959,-0.138433034367,-0.187748437,0.0493154026336,45.2702344115,60.2941176471,46.7984068627
1222,2010-01-12,4.76,4.84,4.74,4.77,69500,4.05,,4.89366666667,4.72,,,4.94645087768,4.72,4.49354912232,-0.152861087025,-0.200077287659,0.0472162006338,45.2702344115,54.0073529412,41.4797794118
1223,2010-01-11,4.7,4.8,4.65,4.77,94300,4.05,,4.91266666667,4.7315,,,4.98827032539,4.7315,4.47472967461,-0.169053094788,-0.211881337817,0.0428282430289,45.2702344115,41.4705882353,38.1403186275
1224,2010-01-08,4.68,4.76,4.65,4.67,88700,3.96,,4.933,4.75,,,5.06247399892,4.75,4.43752600108,-0.187261030591,-0.222588398575,0.0353273679832,41.2877903354,31.4215686275,41.3756127451
1225,2010-01-07,4.58,4.72,4.54,4.65,54500,3.94,,4.959,4.7815,,,5.17251278751,4.7815,4.39048721249,-0.197595362753,-0.23142024057,0.0338248778173,40.483507615,39.0196078431,47.964293672
1226,2010-01-06,4.64,4.73,4.54,4.55,96900,3.86,,4.98566666667,4.805,,,5.21748030256,4.805,4.39251969744,,,,36.4410810876,40.6495098039,49.9740975936
1227,2010-01-05,4.78,4.83,4.61,4.62,83800,3.92,,5.01166666667,4.8425,,,5.29028901282,4.8425,4.39471098718,,,,38.1242166357,54.4117647059,49.6902367666
1228,2010-01-04,4.77,4.88,4.72,4.83,39400,4.1,,5.03933333333,4.8725,,,5.3367359314,4.8725,4.4082640686,,,,43.7538585233,57.7762923351,42.0496303569
1229,2009-12-31,4.77,4.88,4.7,4.73,74400,4.01,,5.06466666667,4.886,,,5.3601054735,4.886,4.4118945265,,,,39.8247525019,47.0588235294,31.755121477
1230,2009-12-30,4.75,4.85,4.72,4.85,51800,4.11,,,4.9145,,,5.41543811993,4.9145,4.41356188007,,,,43.1863362667,39.5140664962,23.4229884566
1231,2009-12-29,4.64,4.75,4.61,4.75,67700,4.03,,,4.9455,,,5.50045855701,4.9455,4.39054144299,,,,39.2161280485,23.8493390667,18.3292703673
1232,2009-12-28,4.59,4.69,4.55,4.65,49400,3.94,,,4.981,,,5.57111524298,4.981,4.39088475702,,,,34.9981790177,16.5982568156,16.8312213149
1233,2009-12-24,4.6,4.64,4.54,4.61,23700,3.91,,,5.0155,,,5.60485473189,5.0155,4.42614526811,,,,33.2784728366,13.7302914477,16.4899233753
1234,2009-12-23,4.68,4.68,4.48,4.57,105100,3.88,,,5.054,,,5.63287477057,5.054,4.47512522943,,,,31.598073985,19.1391941392,16.0735660863
1235,2009-12-22,4.67,4.69,4.6,4.66,71100,3.95,,,5.098,,,5.65644784895,5.098,4.53955215105,,,,33.3530866906,17.8571428571,12.3611587198
1236,2009-12-21,4.92,4.99,4.65,4.68,94100,3.97,,,5.1375,,,5.67790262768,5.1375,4.59709737232,,,,33.7397782388,15.233065057,9.64820762613
1237,2009-12-18,4.63,4.93,4.58,4.9,192600,4.16,,,5.17,,,5.67334878563,5.17,4.66665121437,,,,38.2720787888,12.064862292,9.12361818386
1238,2009-12-17,4.7,4.78,4.56,4.6,78900,3.9,,,5.1975,,,5.69893294666,5.1975,4.69606705334,,,,25.6205386697,4.28956467298,12.7624952034
1239,2009-12-16,4.9,4.93,4.69,4.7,118600,3.99,,,5.247,,,5.69537930372,5.247,4.79862069628,,,,27.3559721011,7.00533848251,19.1481480167
1240,2009-12-15,4.98,5.14,4.87,4.88,81100,4.14,,,,,,,,,,,,30.8485153446,13.1347072879,27.2873857866
1241,2009-12-14,5.0,5.02,4.93,4.96,105600,4.21,,,,,,,,,,,,32.5643058637,26.6203703704,34.4564506674
1242,2009-12-11,5.14,5.17,4.9,5.0,102300,4.24,,,,,,,,,,,,33.4275218988,29.8321759259,34.7818775553
1243,2009-12-10,5.39,5.39,5.13,5.14,55000,4.36,,,,,,,,,,,,36.5788298347,39.5622895623,35.1881914382
1244,2009-12-09,5.2,5.4,5.03,5.3,105000,4.5,,,,,,,,,,,,40.6451612903,,
1245,2009-12-08,5.27,5.34,5.1,5.12,42100,4.34,,,,,,,,,,,,,,
1246,2009-12-07,5.2,5.33,5.1,5.3,43600,4.5,,,,,,,,,,,,,,
1247,2009-12-04,5.3,5.31,5.0,5.22,73100,4.43,,,,,,,,,,,,,,
1248,2009-12-03,5.32,5.32,5.1,5.1,67700,4.33,,,,,,,,,,,,,,
1249,2009-12-02,5.45,5.49,5.25,5.3,62600,4.5,,,,,,,,,,,,,,
1250,2009-12-01,5.54,5.54,5.2,5.47,113000,4.64,,,,,,,,,,,,,,
1251,2009-11-30,5.13,5.52,5.1,5.46,139900,4.63,,,,,,,,,,,,,,
1252,2009-11-27,5.31,5.45,5.26,5.34,55500,4.53,,,,,,,,,,,,,,
1253,2009-11-25,5.44,5.45,5.37,5.38,52600,4.56,,,,,,,,,,,,,,
1254,2009-11-24,5.49,5.49,5.32,5.45,36900,4.62,,,,,,,,,,,,,,
1255,2009-11-23,5.28,5.55,5.25,5.45,72200,4.62,,,,,,,,,,,,,,
1256,2009-11-20,5.45,5.63,5.25,5.33,67100,4.52,,,,,,,,,,,,,,
1257,2009-11-19,5.65,5.65,5.45,5.45,72500,4.62,,,,,,,,,,,,,,
1258,2009-11-18,5.25,5.59,5.24,5.59,111400,4.74,,,,,,,,,,,,,,
