,Date,Open,High,Low,Close,Volume,Adj Close,50DayAvgVol,30DaySMA,4WeekSMA,10WeekSMA,30WeekSMA,20.2UpperBB,20.2MiddleBB,20.2LowerBB,12.26.9MACD,12.26.9MACDSignal,12.26.9MACDHist,RSI14,10.4STOC,10.4.4STOC
0,2014-11-18,15.04,15.04,15.04,15.04,500,15.04,3950.0,15.0596666667,15.064,15.0634,14.9944666667,15.3050311183,15.064,14.8229688817,-0.0225306403187,-0.0193365130347,-0.00319412728402,49.7723491503,65.2004381843,48.2530206825
1,2014-11-17,14.88,15.08,14.88,14.95,3400,14.95,3990.0,15.069,15.0645,15.0642,14.9888,15.3053713349,15.0645,14.8236286651,-0.0262287897838,-0.0185379812137,-0.0076908085701,45.6946676202,52.769119503,35.450271619
2,2014-11-14,14.95,15.1,14.87,15.06,6100,15.06,4052.0,15.0773333333,15.065,15.0672,14.9837333333,15.3049583297,15.065,14.8250416703,-0.0214038272497,-0.0166152790712,-0.00478854817846,50.3321398782,46.6121716122,23.9524676106
3,2014-11-13,14.92,15.07,14.82,15.07,4000,15.07,4074.0,15.0756666667,15.0575,15.0698,14.978,15.3068090452,15.0575,14.8081909548,-0.0261340921279,-0.0154181420266,-0.0107159501013,50.7670710566,28.4303534304,15.5065094282
4,2014-11-12,15.01,15.01,15.01,15.01,300,15.01,4120.0,15.0746666667,15.052,15.0628,14.9730666667,15.3047924049,15.052,14.7992075951,-0.0328096797778,-0.0127391545013,-0.0200705252766,48.2769175964,13.9894419306,14.9078925837
5,2014-11-11,14.93,15.01,14.93,14.95,900,14.9,4344.0,15.076,15.0475,15.0622,14.9682666667,15.3062566424,15.0475,14.7887433576,-0.0347438344907,-0.00772152318211,-0.0270223113086,45.7279643669,6.77790346908,20.6086453086
6,2014-11-10,15.01,15.01,14.86,14.86,600,14.81,4454.0,15.0793333333,15.049,15.0626,14.9643333333,15.3058190024,15.049,14.7921809976,-0.0305980634588,-0.000965945354969,-0.0296321181038,41.7281201944,12.8283388827,31.650018498
7,2014-11-07,14.92,14.92,14.92,14.92,100,14.87,4520.0,15.081,15.059,15.067,14.961,15.3007353925,15.059,14.8172646075,-0.0156978529642,0.00644208417099,-0.0221399371352,43.7229241364,26.0358860525,44.8344432112
8,2014-11-06,14.91,15.0,14.87,14.87,2900,14.82,4886.0,15.0806666667,15.068,15.0686,14.9578,15.3016321896,15.068,14.8343678104,-0.00256052461708,0.0119770684548,-0.0145375930719,41.561166478,36.7924528302,57.6650943396
9,2014-11-05,15.05,15.07,14.96,15.07,2100,15.02,5194.0,15.084,15.098,15.0774,14.9536666667,15.3727071168,15.098,14.8232928832,0.0193356366495,0.0156114667228,0.00372416992674,48.477780087,50.9433962264,70.5761455526
10,2014-11-04,15.13,15.13,15.13,15.13,0,15.08,5440.0,15.086,15.0995,15.096,14.9482,15.3739066326,15.0995,14.8250933674,0.0266382186785,0.0146804242411,0.0119577944374,50.8344598429,65.5660377358,82.4831536388
11,2014-11-03,14.98,15.15,14.94,15.13,4800,15.08,5622.0,15.0833333333,15.109,15.1074,14.9431333333,15.3996475529,15.109,14.8183524471,0.0294624129238,0.0116909756317,0.0177714372921,50.8344598429,77.358490566,86.4934299191
12,2014-10-31,15.19,15.19,15.15,15.15,2300,15.1,5624.0,15.074,15.1125,15.1084,14.9383333333,15.4057490409,15.1125,14.8192509591,0.0326385675726,0.00724811630869,0.0253904512639,51.5547978227,88.4366576819,83.6493429919
13,2014-10-30,15.38,15.38,15.38,15.38,700,15.33,5586.0,15.0656666667,15.1055,15.1064,14.9334,15.4015050675,15.1055,14.8094949325,0.0341813894324,0.000900503492709,0.0332808859397,60.7469133253,98.5714285714,74.1758241758
14,2014-10-29,15.19,15.19,15.19,15.19,300,15.14,5592.0,15.0513333333,15.0885,15.0996,14.9266666667,15.3572954613,15.0885,14.8197045387,0.0122352254871,-0.0074197179922,0.0196549434793,54.5277176845,81.6071428571,58.1164148352
15,2014-10-28,15.18,15.18,15.18,15.18,0,15.13,5632.0,15.05,15.0815,15.1006,14.922,15.3466244991,15.0815,14.8163755009,0.00339142749889,-0.012333453862,0.0157248813609,54.17286769,65.9821428571,45.4429945055
16,2014-10-27,15.02,15.19,14.89,15.18,7200,15.13,6160.0,15.042,15.075,15.1028,14.918,15.3364956979,15.075,14.8135043021,-0.00692762269691,-0.0162646742023,0.00933705150534,54.17286769,50.5425824176,35.0051510989
17,2014-10-24,15.04,15.04,15.02,15.02,1300,14.97,6060.0,15.049,15.0615,15.0982,14.9133333333,15.3277536385,15.0615,14.7952463615,-0.0199977177076,-0.0185989370786,-0.00139878062901,48.6439477938,34.3337912088,27.2898780907
18,2014-10-23,14.85,15.05,14.85,15.05,3500,15.0,6230.0,15.06,15.056,15.0952,14.9097333333,15.3298904891,15.056,14.7821095109,-0.0200981267182,-0.0182492419213,-0.00184888479688,49.6876648774,30.9134615385,22.2911658654
19,2014-10-22,15.05,15.07,15.05,15.07,1500,15.02,6226.0,15.0653333333,15.052,15.095,14.905,15.3284489103,15.052,14.7755510897,-0.022988494194,-0.0177870207221,-0.00520147347193,50.3565226347,24.2307692308,18.2632211538
20,2014-10-21,15.02,15.05,14.85,15.05,3000,15.0,6398.0,15.063,15.055,15.0956,14.8998666667,15.333460051,15.055,14.776539949,-0.0283796396749,-0.0164866523541,-0.0118929873208,49.7281381291,19.6814903846,17.5879450599
21,2014-10-20,14.99,15.03,14.91,14.96,3100,14.91,6388.0,15.064,15.055,15.0986,14.8955333333,15.333460051,15.055,14.776539949,-0.0328115433298,-0.0135134055239,-0.0192981378059,46.9206583901,14.3389423077,19.6931612319
22,2014-10-17,15.04,15.04,14.84,14.91,5400,14.86,6424.0,15.0686666667,15.0495,15.1094,14.8908666667,15.3393603112,15.0495,14.7596396888,-0.028827368819,-0.00868887107247,-0.0201384977465,45.3461117234,14.8016826923,28.5192612528
23,2014-10-16,14.88,14.96,14.88,14.96,1600,14.91,6360.0,15.078,15.049,15.12,14.8858666667,15.3398539152,15.049,14.7581460848,-0.0182318970788,-0.00365424663584,-0.014577650443,46.6305579833,21.5296648551,39.1381110292
24,2014-10-15,15.02,15.02,14.92,14.92,11500,14.87,6360.0,15.07,15.0485,15.1298,14.8808666667,15.3399978559,15.0485,14.7570021441,-0.00953394010017,-9.83402509287e-06,-0.00952410607508,45.4834358336,28.1023550725,51.2283673775
25,2014-10-14,15.09,15.1,14.85,14.98,4900,14.93,6340.0,15.072,15.06,15.1352,14.8762,15.348444102,15.06,14.771555898,0.00577921866311,0.00237119249368,0.00340802616943,46.8871457733,49.6433423913,64.7720133554
26,2014-10-13,15.14,15.4,15.05,15.06,8900,15.01,6312.0,15.0716666667,15.058,15.1354,14.8712666667,15.3491769222,15.058,14.7668230778,0.019131225395,0.00151918595132,0.0176120394437,48.7498836606,57.2770817981,70.3155192924
27,2014-10-10,15.3,15.3,15.1,15.1,2200,15.05,6342.0,15.0723333333,15.0745,15.1342,14.8656666667,15.3996753373,15.0745,14.7493246627,0.0277495143452,-0.00288382390959,0.0306333382548,49.6659824378,69.8906902481,74.1059576092
28,2014-10-09,15.14,15.49,15.14,15.47,5600,15.36,6326.0,15.069,15.087,15.1322,14.86,15.4336467943,15.087,14.7403532057,0.0342732283966,-0.0105421584733,0.0448153868698,59.225461407,82.2769389842,72.7067414596
29,2014-10-08,15.15,15.3,15.1,15.1,9400,14.99,6238.0,15.0636666667,15.074,15.123,14.8514666667,15.3792474406,15.074,14.7687525594,0.00442861282732,-0.0217460051907,0.0261746180181,50.3520198642,71.817366139,65.8692318597
30,2014-10-07,15.39,15.39,15.27,15.32,4000,15.21,6130.0,15.0936666667,15.069,15.121,14.848,15.3756528982,15.069,14.7623471018,0.00394434185963,-0.0282896596953,0.0322340015549,57.2282387177,72.4388350656,59.5676681027
31,2014-10-06,15.13,15.23,15.13,15.2,1800,15.09,6072.0,15.1063333333,15.057,15.1146,14.8410666667,15.3414011252,15.057,14.7725988748,-0.0191311362389,-0.036348160084,0.0172170238451,54.0499553636,64.2938256494,50.9426580181
32,2014-10-03,15.1,15.1,15.01,15.01,1200,14.91,6060.0,15.1056666667,15.052,15.1128,14.8346666667,15.3296040346,15.052,14.7743959654,-0.0360873844848,-0.0406524160452,0.0045650315604,48.4141826985,54.9269005848,42.6825255228
33,2014-10-02,15.15,15.15,15.03,15.04,800,14.94,6158.0,15.107,15.061,15.1136,14.8298666667,15.3441889828,15.061,14.7778110172,-0.037859361199,-0.0417936739353,0.00393431273638,49.3007340261,46.6111111111,36.7876647834
34,2014-10-01,15.05,15.05,15.05,15.05,0,14.95,6224.0,15.107,15.045,15.1164,14.8245333333,15.3649062363,15.045,14.7250937637,-0.0426249116785,-0.0427772521194,0.000152340440986,49.581760533,37.9387947269,34.2450564972
35,2014-09-30,14.94,15.12,14.8,15.05,3600,14.95,6250.0,15.1133333333,15.0415,15.1192,14.8196,15.3626401563,15.0415,14.7203598437,-0.0491056701206,-0.0428153372297,-0.00629033289091,49.581760533,31.2532956685,33.2349340866
36,2014-09-29,14.91,15.13,14.85,14.91,1800,14.81,6270.0,15.1213333333,15.0375,15.1186,14.8146666667,15.3601065715,15.0375,14.7148934285,-0.0566632102395,-0.041242754007,-0.0154204562326,45.8561108489,31.3474576271,33.1546610169
37,2014-09-26,15.01,15.01,14.9,14.91,3900,14.81,6278.0,15.1226666667,15.046,15.123,14.81,15.3636413071,15.046,14.7283586929,-0.0512306420242,-0.0373876399488,-0.0138430020754,45.8561108489,36.4406779661,31.1440677966
38,2014-09-25,15.18,15.18,14.88,14.97,5300,14.87,6242.0,15.1213333333,15.0505,15.1274,14.8056666667,15.3628123437,15.0505,14.7381876563,-0.0435515365272,-0.03392688943,-0.00962464709727,47.1434395531,33.8983050847,29.2230584366
39,2014-09-24,14.94,15.13,14.94,15.13,900,15.02,6632.0,15.1236666667,15.0675,15.1294,14.8003333333,15.3969768581,15.0675,14.7380231419,-0.0392258195252,-0.0315207276557,-0.00770509186958,50.6654286286,30.9322033898,29.460220086
40,2014-09-23,14.94,15.05,14.84,15.05,8600,14.95,6708.0,15.1226666667,15.111,15.1338,14.794,15.6345608847,15.111,14.5874391153,-0.0494249833587,-0.0295944546883,-0.0198305286704,48.8927307,23.3050847458,35.6295851252
41,2014-09-22,14.8,15.07,14.8,14.85,4000,14.75,6686.0,15.1276666667,15.1435,15.1498,14.7892,15.7253341688,15.1435,14.5616658312,-0.0535784618027,-0.0246368225207,-0.028941639282,44.2417114358,28.7566405262,48.3667467746
42,2014-09-19,15.01,15.25,14.86,14.9,6700,14.8,6684.0,15.1493333333,15.16,15.1684,14.7842666667,15.72610953,15.16,14.59389047,-0.0377368512086,-0.0174014127001,-0.0203354385085,45.1965412868,34.8469516823,60.4413639106
43,2014-09-18,15.15,15.25,14.89,14.95,16100,14.85,6590.0,15.1673333333,15.1675,15.1814,14.7798666667,15.7235170861,15.1675,14.6114829139,-0.0220592049419,-0.012317553073,-0.0097416518689,46.1208275034,55.6096635467,70.2569539252
44,2014-09-17,15.15,15.15,15.15,15.15,3000,15.04,6304.0,15.184,15.172,15.1944,14.7751333333,15.7223308096,15.172,14.6216691904,-0.00681887527143,-0.0098821401058,0.00306326483436,49.9120756808,74.2537313433,69.450047792
45,2014-09-16,15.21,15.3,14.86,14.94,14500,14.84,6472.0,15.1853333333,15.1765,15.2024,14.7690666667,15.7275090743,15.1765,14.6254909257,-0.00763112539716,-0.0106479563144,0.00301683091723,45.547876535,77.05510907,58.5957610732
46,2014-09-15,15.3,15.39,15.05,15.39,1300,15.28,6212.0,15.187,15.194,15.2134,14.7644,15.73601107,15.194,14.65198893,0.0128249644482,-0.0114021640437,0.0242271284918,55.1008443608,74.1093117409,43.3977732794
47,2014-09-12,14.87,15.35,14.87,15.35,4600,15.24,6216.0,15.174,15.172,15.2078,14.7564666667,15.7161176343,15.172,14.6278823657,-0.00707035308671,-0.0174589461667,0.0103885930799,54.3098830438,52.3820390136,27.6204453441
48,2014-09-11,15.0,15.22,14.99,15.21,4200,15.1,6180.0,15.1623333333,15.148,15.2034,14.7484,15.7008688814,15.148,14.5951311186,-0.02828844415,-0.0200560944366,-0.00823234971331,51.5351086722,30.8365844682,16.7441100944
49,2014-09-10,14.98,15.15,14.8,15.0,13100,14.84,6164.0,15.1556666667,15.1395,15.201,14.7409333333,15.6935207577,15.1395,14.5854792423,-0.040704430283,-0.0179980070083,-0.0227064232747,47.0567082664,16.2631578947,10.653912079
50,2014-09-09,15.13,15.13,15.02,15.08,2500,14.92,5984.0,15.1556666667,15.1445,15.206,14.7343333333,15.6951895677,15.1445,14.5938104323,-0.0345778608706,-0.0123214011896,-0.022256459681,48.6468521732,11.0,7.7943196005
51,2014-09-08,15.21,15.21,15.02,15.1,6500,14.94,5948.0,15.153,15.1505,15.2064,14.7272,15.7008626077,15.1505,14.6001373923,-0.0344006342988,-0.00675728626939,-0.0276433480294,49.0314840278,8.87669801463,6.71868138964
52,2014-09-05,14.95,15.24,14.88,15.19,7200,15.03,5876.0,15.1533333333,15.1705,15.2044,14.72,15.7407797559,15.1705,14.6002202441,-0.035710419521,0.000153550737968,-0.035863970259,50.7067513745,6.47579240683,7.08033257801
53,2014-09-04,15.15,15.15,14.72,14.72,6300,14.57,5852.0,15.1486666667,15.183,15.199,14.7124666667,15.7652748492,15.183,14.6007251508,-0.0460263938297,0.00911954330271,-0.0551459371324,40.9177935762,4.82478798054,10.5877889707
54,2014-09-03,15.14,15.14,14.98,14.98,11500,14.82,5778.0,15.164,15.2195,15.2048,14.7070666667,15.771857674,15.2195,14.667142326,-0.0106693080372,0.0229060275858,-0.033575335623,45.5659442359,6.69744715657,20.1025657583
55,2014-09-02,14.86,15.14,14.86,14.97,6400,14.81,5682.0,15.171,15.23,15.2032,14.7007333333,15.771627178,15.23,14.688372822,0.00814165321859,0.0312998614916,-0.023158208273,45.3442031406,10.3233027681,32.5116581192
56,2014-08-29,15.08,15.08,14.97,15.08,3900,14.92,5650.0,15.1726666667,15.231,15.1992,14.6943333333,15.7707740268,15.231,14.6912259732,0.0330510379019,0.0370894135598,-0.00403837565795,47.3128253467,20.5056179775,44.702996473
57,2014-08-28,15.31,15.37,15.0,15.0,18400,14.84,5594.0,15.1743333333,15.227,15.1946,14.6863333333,15.7723475956,15.227,14.6816524044,0.0531637283463,0.0380990074743,0.015064720872,45.721416646,42.8838951311,53.3469961761
58,2014-08-27,16.05,16.05,15.3,15.31,18300,15.15,5384.0,15.1786666667,15.227,15.1906,14.6792,15.7723475956,15.227,14.6816524044,0.0862069990103,0.0343328272563,0.051874171754,51.2965030293,56.3338166002,53.4596796028
59,2014-08-26,15.67,17.47,15.67,16.0,14400,15.83,5176.0,15.1706666667,15.212,15.1886,14.6698666667,15.7638550534,15.212,14.6601449466,0.0955646717632,0.0213642843178,0.0742003874454,68.580026559,59.0886561833,50.2940726658
60,2014-08-25,15.5,15.7,15.15,15.7,9100,15.54,4908.0,15.149,15.162,15.17,14.6556,15.5854902596,15.162,14.7385097404,0.0358638879421,0.00281418745644,0.0330497004857,63.6330627455,55.0816167897,46.1876604951
61,2014-08-22,15.15,15.25,15.15,15.18,4900,15.02,4944.0,15.154,15.127,15.16,14.6425333333,15.476004298,15.127,14.777995702,-0.010312223596,-0.00544823766498,-0.00486398593101,51.2890285419,43.3346288379,42.4182523754
62,2014-08-21,15.05,15.05,15.05,15.05,400,14.89,4846.0,15.174,15.1235,15.16,14.6328,15.4717111428,15.1235,14.7752888572,-0.0161542827068,-0.00423224118222,-0.0119220415246,47.1224763885,43.6713888521,40.5572844682
63,2014-08-20,15.04,15.04,15.04,15.04,1000,14.88,4916.0,15.1906666667,15.1235,15.1626,14.6239333333,15.4717111428,15.1235,14.7752888572,-0.0101395394962,-0.00125173080108,-0.00888780869512,46.7974230249,42.6630075006,37.3854634357
64,2014-08-19,15.08,15.27,15.08,15.24,2300,15.08,4980.0,15.2093333333,15.1305,15.164,14.6156666667,15.4773414623,15.1305,14.7836585377,-0.00129687395104,0.000970221372704,-0.00226709532375,52.8285356973,40.0039843111,36.1955180121
65,2014-08-18,14.95,15.31,14.8,15.29,26400,15.13,5098.0,15.2196666667,15.128,15.1632,14.6072666667,15.4723602765,15.128,14.7836397235,-0.0103551899432,0.00153699520364,-0.0118921851469,54.4577975989,35.8907572091,39.9041993537
66,2014-08-15,14.98,15.0,14.85,14.95,2200,14.79,4762.0,15.2263333333,15.1145,15.16,14.5985333333,15.4535265476,15.1145,14.7754734524,-0.0268571832286,0.00451004149036,-0.031367224719,43.4443730914,30.9841047218,48.210671614
67,2014-08-14,15.04,15.13,14.87,14.87,9800,14.71,4722.0,15.2316666667,15.1235,15.1596,14.5916666667,15.4540313903,15.1235,14.7929686097,-0.0129108956295,0.0123518476701,-0.0252627432996,40.2894727676,37.9032258065,61.305634953
68,2014-08-13,15.04,15.22,15.04,15.04,3300,14.88,4758.0,15.2403333333,15.1365,15.1622,14.5845333333,15.4459042663,15.1365,14.8270957337,0.0132228881151,0.018667533495,-0.00544464537987,45.2728260696,54.8387096774,73.6856029672
69,2014-08-12,15.15,15.31,15.1,15.1,10100,14.89,4892.0,15.242,15.138,15.1586,14.5754666667,15.4458051332,15.138,14.8301948668,0.0290776755403,0.02002869484,0.00904898070035,47.1855705178,69.1166462502,79.5273898259
70,2014-08-11,15.42,15.42,15.0,15.2,2500,14.99,4886.0,15.247,15.1505,15.1524,14.566,15.4711540192,15.1505,14.8298459808,0.0427821107552,0.0177664496649,0.0250156610903,50.4866824023,83.3639580781,79.1232282634
71,2014-08-08,15.36,15.63,15.36,15.5,4900,15.28,4964.0,15.2436666667,15.183,15.1456,14.5555333333,15.6256782127,15.183,14.7403217873,0.0494698500911,0.0115125343923,0.0379573156988,62.7077387095,87.4230978631,71.0707002823
72,2014-08-07,15.28,15.49,15.28,15.44,2200,15.22,4908.0,15.227,15.197,15.1294,14.5428,15.6933506825,15.197,14.7006493175,0.0267408213877,0.00202320546762,0.02471761592,60.9523549709,78.2058571122,59.9120412011
73,2014-08-06,14.91,15.45,14.91,15.45,1600,15.23,4900.0,15.2096666667,15.2025,15.1146,14.5305333333,15.7117690841,15.2025,14.6932309159,0.00345044916781,-0.00415619851239,0.0076066476802,61.3996388391,67.5,50.1491199478
74,2014-08-05,14.72,15.4,14.72,15.19,10500,14.98,4886.0,15.195,15.21,15.0978,14.5183333333,15.7377120427,15.21,14.6822879573,-0.0273449051807,-0.00605786043244,-0.0212870447483,53.0884955243,51.1538461538,42.0073383804
75,2014-08-04,15.17,15.17,14.71,14.99,3500,14.78,4676.0,15.1853333333,15.228,15.0864,14.5081333333,15.7759270024,15.228,14.6800729976,-0.039780504292,-0.000736099245372,-0.0390444050466,44.5625022211,42.7884615385,37.5483424738
76,2014-08-01,15.0,15.22,14.7,15.0,10400,14.79,4776.0,15.178,15.253,15.079,14.4989333333,15.8008357418,15.253,14.7051642582,-0.0347105889134,0.00902500201628,-0.0437355909297,44.9417305203,39.1541720991,34.2926699429
77,2014-07-31,15.07,15.07,15.0,15.0,1400,14.79,4656.0,15.173,15.2585,15.0686,14.4895333333,15.7982138131,15.2585,14.7187861869,-0.0287528338096,0.0199588997487,-0.0487117335584,44.9417305203,34.93287373,31.9665742528
78,2014-07-30,14.95,15.01,14.95,15.01,1200,14.8,4642.0,15.1663333333,15.265,15.0586,14.4802666667,15.7951509219,15.265,14.7348490781,-0.0207303488036,0.0321368331383,-0.0528671819419,45.2739385147,33.3178625277,30.8183072766
79,2014-07-29,15.08,15.15,15.0,15.0,4000,14.79,4652.0,15.173,15.269,15.0496,14.4710666667,15.7925608847,15.269,14.7454391153,-0.0112073901406,0.0453536286238,-0.0565610187644,44.8957040821,29.7657714149,29.5276765962
80,2014-07-28,15.13,15.13,15.0,15.0,1100,14.79,4684.0,15.1753333333,15.2815,15.0398,14.4608666667,15.7905098231,15.2815,14.7724901769,0.0021285664095,0.0594938833149,-0.0573653169054,44.8957040821,29.8497893387,29.6105055871
81,2014-07-25,14.92,15.11,14.92,15.11,1200,14.9,4702.0,15.182,15.2865,15.0324,14.4506666667,15.7862309276,15.2865,14.7867690724,0.0191191354402,0.0738352125412,-0.054716077101,48.0451933453,30.3398058252,29.8585537328
82,2014-07-24,14.85,15.15,14.85,15.05,6100,14.84,4780.0,15.1843333333,15.281,15.0174,14.4384,15.7907018736,15.281,14.7712981264,0.0293271833967,0.0875142318164,-0.0581870484198,46.1311721036,28.1553398058,29.786365919
83,2014-07-23,15.29,15.29,14.9,15.18,4100,14.97,4692.0,15.1886666667,15.2745,15.007,14.4264,15.7989225396,15.2745,14.7500774604,0.0480388783026,0.102060993921,-0.0540221156188,49.8240731199,30.0970873786,32.6027368597
84,2014-07-22,14.83,15.21,14.83,15.19,1300,14.98,4742.0,15.1863333333,15.266,14.997,14.4122,15.8016640738,15.266,14.7303359262,0.0579866942981,0.115566522826,-0.0575798285279,50.1106062201,30.8419819217,39.3026029461
85,2014-07-21,15.05,15.24,14.82,15.02,4600,14.81,4896.0,15.1866666667,15.2515,14.9894,14.3991333333,15.8098287562,15.2515,14.6931712438,0.0688221002517,0.129961479958,-0.0611393797063,45.1293369763,30.0510545698,49.369468785
86,2014-07-18,15.3,15.34,14.91,15.13,2200,14.92,4804.0,15.1903333333,15.239,14.9814,14.3869333333,15.8278599154,15.239,14.6501400846,0.0989600605743,0.145246324885,-0.0462862643104,48.0095069329,39.4208235688,62.2605657123
87,2014-07-17,14.82,15.28,14.82,15.13,2100,14.92,4760.0,15.1836666667,15.225,14.9712,14.3739333333,15.8364409211,15.225,14.6135590789,0.124787638141,0.156817890962,-0.032030252821,48.0095069329,56.8965517241,74.198838081
88,2014-07-16,15.15,15.29,14.82,15.07,24800,14.86,4920.0,15.1793333333,15.2085,14.961,14.361,15.8465368328,15.2085,14.5704631672,0.155937926045,0.164825454168,-0.00888752812282,46.400686442,71.1094452774,80.1920914543
89,2014-07-15,15.08,15.35,15.08,15.35,4700,15.14,4470.0,15.1723333333,15.2155,14.9478,14.3479333333,15.8503692779,15.2155,14.5806307221,0.199537923681,0.167047336198,0.0324905874826,53.5862171573,81.6154422789,82.881047902
90,2014-07-14,15.5,15.85,15.11,15.85,7500,15.63,4488.0,15.1536666667,15.2015,14.9316,14.333,15.8362369534,15.2015,14.5667630466,0.223775914501,0.158924689328,0.0648512251734,72.1001051757,87.1739130435,82.3080535943
91,2014-07-11,15.61,15.8,15.5,15.78,3900,15.56,4402.0,15.1206666667,15.169,14.9044,14.3146,15.7298529219,15.169,14.6081470781,0.2005483913,0.142711883034,0.0578365082663,70.788061593,80.8695652174,79.5328539377
92,2014-07-10,15.55,15.55,15.54,15.55,2000,15.28,4346.0,15.0843333333,15.139,14.8778,14.2972,15.6251234411,15.139,14.6528765589,0.175111830542,0.128252755968,0.0468590745745,65.894629318,81.8652710682,77.3896669038
93,2014-07-09,15.6,15.6,15.6,15.6,1800,15.33,4390.0,15.056,15.1205,14.8552,14.2820666667,15.5693863999,15.1205,14.6716136001,0.163516630003,0.116537987324,0.0469786426785,68.2008478873,79.3234650481,72.7681662819
94,2014-07-08,15.49,15.84,15.47,15.55,11400,15.28,4376.0,15.023,15.096,14.8316,14.2657333333,15.4873259511,15.096,14.7046740489,0.141247604878,0.104793326654,0.0364542782232,67.1327040543,76.073114417,67.571036579
95,2014-07-07,15.19,15.5,15.19,15.49,1500,15.22,4276.0,14.992,15.0785,14.8096,14.2503333333,15.414433029,15.0785,14.742566971,0.115860629465,0.0956797570986,0.0201808723666,65.8546710759,72.2968170818,60.4100191651
96,2014-07-03,15.11,15.11,14.69,15.11,1500,14.85,4248.0,14.963,15.0605,14.7868,14.2352666667,15.3401765989,15.0605,14.7808234011,0.0878814626012,0.0906345390069,-0.00275307640571,55.7313797728,63.3792685809,51.4322296233
97,2014-07-02,15.26,15.26,15.12,15.13,2800,14.87,4266.0,14.942,15.0515,14.7708,14.2229333333,15.3357727563,15.0515,14.7672272437,0.0895825047116,0.0913228081084,-0.0017403033968,56.5507697931,58.5349462366,42.1454135855
98,2014-07-01,15.16,15.34,15.09,15.09,3400,14.83,4236.0,14.921,15.045,14.7528,14.2097333333,15.3277366266,15.045,14.7622633734,0.0884142711184,0.0917578839576,-0.00334361283916,55.3311023761,47.4290447612,32.1143902047
99,2014-06-30,15.27,15.27,15.23,15.25,4100,14.99,4210.0,14.9033333333,15.0335,14.7352,14.1986,15.3265034129,15.0335,14.7404965871,0.0897098817523,0.0925937871674,-0.00288390541504,61.7716673777,36.3856589147,23.7455011074
100,2014-06-27,15.15,15.15,15.1,15.1,700,14.84,4144.0,14.8786666667,15.0105,14.714,14.1862,15.3041307205,15.0105,14.7168692795,0.0737677719541,0.0933147635211,-0.019546991567,57.4611766992,26.2320044297,17.7983111849
101,2014-06-26,15.03,15.09,15.0,15.0,2900,14.74,4200.0,14.863,14.9985,14.6958,14.1745333333,15.2961088036,14.9985,14.7008911964,0.0676195842196,0.0982015114129,-0.0305819271932,54.2690854435,18.4108527132,13.3720930233
102,2014-06-25,15.22,15.22,14.72,14.92,6000,14.66,4176.0,14.8416666667,14.983,14.6796,14.1632,15.3095639294,14.983,14.6564360706,0.068970521559,0.105846993211,-0.0368764716522,51.5693880556,13.9534883721,11.1508646392
103,2014-06-24,14.81,15.01,14.8,15.01,2600,14.75,4214.0,14.8286666667,14.972,14.6652,14.1524666667,15.3204020666,14.972,14.6235979334,0.077837055813,0.115066111124,-0.0372290553112,54.9586829319,12.5968992248,10.6412815173
104,2014-06-23,15.02,15.04,14.85,14.9,6700,14.64,4174.0,14.8176666667,14.952,14.6516,14.1411333333,15.3337119333,14.952,14.5702880667,0.0788581659946,0.124373374952,-0.0455152089575,51.3282372353,8.52713178295,11.1095650773
105,2014-06-20,14.72,14.93,14.72,14.77,4800,14.51,4052.0,14.8146666667,14.938,14.6394,14.1305333333,15.3459509774,14.938,14.5300490226,0.09021444603,0.135752177191,-0.0455377311614,46.6052901686,9.5259391771,13.8270117805
106,2014-06-19,14.8,14.85,14.8,14.85,1100,14.59,3968.0,14.8096666667,14.9305,14.6312,14.1210666667,15.3556811379,14.9305,14.5053188621,0.116633342424,0.147136609982,-0.0305032675579,49.3412392262,11.9151558843,16.7922799451
107,2014-06-18,15.02,15.06,14.72,14.8,7900,14.54,3960.0,14.802,14.912,14.6214,14.111,15.3796579947,14.912,14.4443420053,0.140511521568,0.154762426871,-0.0142509053036,47.5544353328,14.470033465,19.7411462395
108,2014-06-17,15.02,15.56,15.02,15.21,7900,14.95,3822.0,14.796,14.897,14.6142,14.1008666667,15.3962434276,14.897,14.3977565724,0.17403586627,0.158325153197,0.0157107130731,65.0153726633,19.3969185954,22.580295154
109,2014-06-16,15.1,15.1,15.06,15.07,1000,14.81,3664.0,14.7693333333,14.8645,14.595,14.0885333333,15.3626355237,14.8645,14.3663644763,0.172548235454,0.154397474929,0.0181507605252,60.4057167879,21.3870118355,24.172386905
110,2014-06-13,16.01,16.01,15.07,15.2,10900,14.94,3664.0,14.7516666667,14.8365,14.5786,14.0778666667,15.3480574259,14.8365,14.3249425741,0.182394230515,0.149859784798,0.0325344457171,68.1481196162,23.7106210621,24.8762696428
111,2014-06-12,15.18,15.18,15.18,15.18,0,14.92,3486.0,14.728,14.808,14.562,14.0664666667,15.298452852,14.808,14.317547148,0.179071929948,0.141726173368,0.03734575658,67.5540181807,25.8266291231,25.0555887774
112,2014-06-11,15.18,15.18,14.98,15.18,3900,14.92,3486.0,14.7036666667,14.767,14.5466,14.0548666667,15.2632700878,14.767,14.2707299122,0.174263147335,0.132389734223,0.0418734131119,67.5540181807,25.7652855994,27.4342015941
113,2014-06-10,15.22,15.38,15.11,15.11,4200,14.8,3412.0,14.6783333333,14.7345,14.5312,14.0436,15.202665569,14.7345,14.266334431,0.165590655384,0.121921380945,0.0436692744388,65.6187277622,24.2025427866,33.4325013241
114,2014-06-09,15.14,15.2,15.1,15.2,8200,14.88,3400.0,14.6553333333,14.713,14.5164,14.033,15.1485731856,14.713,14.2774268144,0.159240083397,0.111004062336,0.0482360210617,70.6497425719,24.4278976006,44.8428542787
115,2014-06-06,15.16,15.19,15.02,15.13,9600,14.82,3260.0,14.6303333333,14.6935,14.5022,14.0225333333,15.0711916732,14.6935,14.3158083268,0.139654588485,0.0989450570702,0.0407095314146,68.9292601837,35.3410803897,58.8450752808
116,2014-06-05,14.92,14.93,14.92,14.93,200,14.62,3072.0,14.6043333333,14.668,14.4912,14.0126,14.9889735192,14.668,14.3470264808,0.119752308237,0.0887676742166,0.0309846340201,63.2072622951,49.7584845195,71.6742195978
117,2014-06-04,14.9,16.81,14.86,15.0,11600,14.69,3068.0,14.5836666667,14.6525,14.4822,14.0038,14.9504848989,14.6525,14.3545151011,0.112971546055,0.0810215157115,0.0319500303431,67.2311908761,69.843954605,80.8043159127
118,2014-06-03,14.87,15.02,14.8,14.86,10000,14.55,2862.0,14.558,14.6335,14.4718,13.9944666667,14.8853154086,14.6335,14.3816845914,0.0955463325633,0.0730340081258,0.0225123244376,62.8374538753,80.4367816092,82.0621675132
119,2014-06-02,14.79,14.83,14.79,14.79,9800,14.48,2676.0,14.5363333333,14.611,14.4614,13.9854,14.8582165043,14.611,14.3637834957,0.0861702043245,0.0674059270164,0.0187642773081,60.3704013635,86.6576576577,79.9459351696
120,2014-05-30,14.61,14.86,14.61,14.86,6400,14.55,2524.0,14.5163333333,14.5985,14.4516,13.9772,14.8332147205,14.5985,14.3637852795,0.0800767431276,0.0627148576893,0.0173618854383,64.3363264698,86.2788697789,72.0574378206
121,2014-05-29,14.86,14.86,14.63,14.69,2100,14.39,2412.0,14.494,14.58,14.4424,13.9684666667,14.7859126028,14.58,14.3740873972,0.0640072454817,0.0583743863298,0.00563285915196,58.1341091365,74.8753610069,61.233334411
122,2014-05-28,14.71,14.71,14.69,14.7,1800,14.39,2514.0,14.4773333333,14.568,14.4338,13.961,14.7748429356,14.568,14.3611570644,0.0598747994613,0.0569661715418,0.00290862791949,58.6916330417,71.971852235,52.6022134575
123,2014-05-27,14.55,14.61,14.55,14.61,900,14.31,2586.0,14.4606666667,14.554,14.423,13.9528666667,14.7611134955,14.554,14.3468865045,0.0527112076394,0.0562390145619,-0.00352780692255,55.0923984087,55.1036682616,43.4908293461
124,2014-05-23,14.62,14.62,14.62,14.62,0,14.32,2592.0,14.4513333333,14.5445,14.415,13.9457333333,14.757804946,14.5445,14.331195054,0.051964787421,0.0571209662926,-0.00515617887155,55.5921549056,42.9824561404,40.2412280702
125,2014-05-22,14.47,14.62,14.47,14.62,8500,14.32,2686.0,14.4403333333,14.536,14.407,13.9385333333,14.750140141,14.536,14.321859859,0.0492380505253,0.0584100110104,-0.00917196048517,55.5921549056,40.350877193,38.4868421053
126,2014-05-21,14.49,14.52,14.44,14.48,4400,14.18,2594.0,14.4316666667,14.5225,14.3994,13.9299333333,14.7475222211,14.5225,14.2974777789,0.0450415528798,0.0607030011317,-0.0156614482519,50.1314009926,35.5263157895,37.0614035088
127,2014-05-20,14.46,14.5,14.46,14.5,700,14.2,2524.0,14.4276666667,14.514,14.3942,13.9218666667,14.7569320893,14.514,14.2710679107,0.0532846914795,0.0646183631947,-0.0113336717152,50.96271041,42.1052631579,38.7804787392
128,2014-05-19,14.5,14.56,14.5,14.56,1700,14.26,2550.0,14.4256666667,14.5005,14.3892,13.9132666667,14.7732251364,14.5005,14.2277748636,0.0609945201434,0.0674517811235,-0.00645726098011,53.4309202785,35.9649122807,40.854519774
129,2014-05-16,14.43,14.51,14.36,14.51,5600,14.21,2592.0,14.4153333333,14.483,14.3818,13.9045333333,14.7818712097,14.483,14.1841287903,0.0638387811633,0.0690660963686,-0.00522731520527,51.6177018217,34.649122807,47.8817490679
130,2014-05-15,14.46,14.63,14.39,14.63,2000,14.33,2512.0,14.4066666667,14.467,14.3832,13.8964666667,14.7915365927,14.467,14.1424634073,0.0716314375026,0.0703729251699,0.00125851233275,56.5222434505,42.4026167113,56.7919911823
131,2014-05-14,14.66,14.66,14.34,14.36,5100,14.06,2494.0,14.398,14.445,14.3762,13.8882,14.7817788592,14.445,14.1082211408,0.0683176070484,0.0700582970867,-0.00174069003825,45.7533673613,50.4014272971,63.5988500423
132,2014-05-13,14.67,14.67,14.53,14.53,1700,14.23,2478.0,14.3996666667,14.4365,14.3738,13.8816,14.7896161282,14.4365,14.0833838718,0.0905851528026,0.0704934695962,0.0200916832063,53.5009292169,64.0738294563,66.5907134978
133,2014-05-12,14.88,14.88,14.31,14.68,6600,14.32,2604.0,14.3956666667,14.42,14.369,13.8738,14.7847464873,14.42,14.0552535127,0.100379945343,0.0654705487947,0.0349093965479,62.119323557,70.2900912647,67.7536858151
134,2014-05-09,14.6,14.88,14.53,14.81,9000,14.45,2492.0,14.3853333333,14.4025,14.3602,13.8648666667,14.7487874528,14.4025,14.0562125472,0.0961488631613,0.0567431996577,0.0394056635036,71.371827128,69.6300521512,69.6462465265
135,2014-05-08,14.62,14.62,14.62,14.62,0,14.26,2312.0,14.3746666667,14.3765,14.3502,13.856,14.6706615203,14.3765,14.0823384797,0.0761135711676,0.0468917837818,0.0292217873858,64.1186793058,62.3688811189,73.4192890443
136,2014-05-07,14.62,14.62,14.62,14.62,0,14.26,2328.0,14.3733333333,14.3635,14.344,13.8486,14.6356231339,14.3635,14.0913768661,0.0687796010787,0.0395863369354,0.0291932641434,64.1186793058,68.7257187257,80.5701243201
137,2014-05-06,14.51,14.81,14.51,14.62,10100,14.26,2528.0,14.3686666667,14.3505,14.3358,13.8406,14.595895599,14.3505,14.105104401,0.0584183577859,0.0322880208995,0.0261303368864,64.1186793058,77.8603341103,85.9683515014
138,2014-05-05,14.59,14.59,14.31,14.41,2300,14.06,2462.0,14.364,14.3415,14.3286,13.8338666667,14.5582279401,14.3415,14.1247720599,0.0443439220516,0.0257554366779,0.0185884853737,53.7489894476,84.7222222222,88.9527165033
139,2014-05-02,14.5,14.59,14.37,14.54,5600,14.19,2428.0,14.3616666667,14.3335,14.3238,13.8284,14.5513325045,14.3335,14.1156674955,0.0471166397573,0.0211083153345,0.0260083244228,64.4569414479,90.9722222222,88.7443367499
140,2014-05-01,14.39,14.49,14.39,14.49,3200,14.14,2336.0,14.3536666667,14.319,14.3166,13.8228,14.5176856814,14.319,14.1203143186,0.0367339392325,0.0146062342288,0.0221277050037,61.734318279,90.318627451,85.4677751783
141,2014-04-30,14.39,14.45,14.39,14.45,1100,14.1,2356.0,14.3506666667,14.313,14.3134,13.8175333333,14.4974017353,14.313,14.1285982647,0.0280384350829,0.00907430797785,0.018964127105,59.4254917294,89.7977941176,79.8033645276
142,2014-04-29,14.29,14.42,14.29,14.42,4200,14.07,2354.0,14.3443333333,14.311,14.3066,13.8126,14.4902093748,14.311,14.1317906252,0.0206047052762,0.00433327620159,0.0162714290746,57.6457566508,83.8887032086,70.7630069073
143,2014-04-28,14.49,14.49,14.4,14.42,1100,14.07,2270.0,14.3356666667,14.3105,14.303,13.8078666667,14.4885421298,14.3105,14.1324578702,0.0138714035189,0.000265418932941,0.0136059845859,57.6457566508,77.8659759358,61.3817401961
144,2014-04-25,14.46,14.46,14.3,14.45,6400,14.1,2248.0,14.3286666667,14.308,14.2994,13.8027333333,14.4811588866,14.308,14.1348411134,0.00507549613381,-0.00313607721354,0.00821157334735,59.9116746414,67.6609848485,52.1425189394
145,2014-04-24,14.35,14.35,14.35,14.35,100,14.0,2120.0,14.321,14.31,14.2952,13.7966,14.4904438971,14.31,14.1295561029,-0.00927965105416,-0.00518897055038,-0.00409068050378,54.3586531082,53.6363636364,45.0
146,2014-04-23,14.35,14.35,14.31,14.31,2400,13.96,2224.0,14.3173333333,14.3215,14.293,13.7914,14.5366534336,14.3215,14.1063465664,-0.0172852439951,-0.00416630042443,-0.0131189435707,51.8830270284,46.3636363636,41.25
147,2014-04-22,14.15,14.23,14.15,14.23,1300,13.88,2264.0,14.3143333333,14.33,14.2908,13.7853333333,14.5558317958,14.33,14.1041682042,-0.0231791427089,-0.000886564531763,-0.0222925781771,46.4931163673,40.9090909091,38.7175324675
148,2014-04-21,14.24,14.24,14.14,14.21,2100,13.86,2312.0,14.315,14.3425,14.289,13.7791333333,14.5724456457,14.3425,14.1125543543,-0.0222192949915,0.00468658001252,-0.026905875004,45.0645808711,39.0909090909,35.8766233766
149,2014-04-17,14.19,14.19,14.19,14.19,800,13.85,2320.0,14.3143333333,14.349,14.2866,13.7734,14.5708017132,14.349,14.1271982868,-0.0186346268868,0.0114130487635,-0.0300476756503,43.6680469002,38.6363636364,32.9131066302
150,2014-04-16,14.07,14.19,14.05,14.19,3500,13.85,2304.0,14.3273333333,14.3545,14.283,13.7664666667,14.5654478609,14.3545,14.1435521391,-0.0117518741148,0.0189249676761,-0.030676841791,43.6680469002,36.2337662338,29.3724367738
151,2014-04-15,14.16,14.19,14.12,14.19,1700,13.85,2280.0,14.3303333333,14.365,14.2794,13.7598666667,14.5626360291,14.365,14.1673639709,-0.00279604240789,0.0265941781238,-0.0293902205317,43.6680469002,29.5454545455,27.7717019822
152,2014-04-14,14.35,14.37,13.98,14.2,7900,13.86,2256.0,14.332,14.3685,14.276,13.7541333333,14.5558259192,14.3685,14.1811740808,0.00867552522403,0.0339417332568,-0.0252662080327,44.1170209029,27.2368421053,27.1287593985
153,2014-04-11,14.33,14.33,14.33,14.33,600,13.98,2190.0,14.335,14.3665,14.2732,13.7483333333,14.5616691574,14.3665,14.1713308426,0.0221730457255,0.040258285265,-0.0180852395395,50.3683739419,24.4736842105,25.2537593985
154,2014-04-10,14.53,14.53,14.29,14.29,600,13.89,2198.0,14.332,14.3605,14.2648,13.742,14.5668467955,14.3605,14.1541532045,0.0258419094096,0.0447795951498,-0.0189376857403,48.2742288034,29.8308270677,24.3436716792
155,2014-04-09,14.29,14.36,14.29,14.36,600,13.96,2200.0,14.3326666667,14.357,14.2596,13.7354666667,14.5702697822,14.357,14.1437302178,0.0342215585567,0.0495140165849,-0.0152924580282,51.8277946621,26.9736842105,21.69365722
156,2014-04-08,14.36,14.36,14.36,14.36,700,13.96,2352.0,14.331,14.351,14.2526,13.7284666667,14.5702623999,14.351,14.1317376001,0.0372919971619,0.0533371310919,-0.0160451339301,51.8277946621,19.7368421053,23.0823965601
157,2014-04-07,14.44,14.44,14.44,14.44,1000,14.04,2348.0,14.326,14.344,14.243,13.7222,14.5704862027,14.344,14.1175137973,0.0406685642956,0.0573484145745,-0.0166798502789,55.8813740277,20.8333333333,29.0728996181
158,2014-04-04,14.25,14.25,14.25,14.25,0,13.85,2342.0,14.32,14.3345,14.2328,13.7161333333,14.5600194005,14.3345,14.1089805995,0.0362412945019,0.0615183771442,-0.0252770826423,46.6853155367,19.2307692308,37.0942444081
159,2014-04-03,14.27,14.27,14.25,14.25,1000,13.85,2352.0,14.3173333333,14.3315,14.226,13.7098666667,14.5629540991,14.3315,14.1000459009,0.0494087967725,0.0678376478047,-0.0184288510322,46.6853155367,32.5286415712,49.0418712493
160,2014-04-02,14.49,14.49,14.3,14.37,2000,13.97,2382.0,14.315,14.348,14.2182,13.7050666667,14.6,14.348,14.096,0.0654966444449,0.0724448605628,-0.00694821611789,52.6631651064,43.6988543372,60.4343119203
161,2014-04-01,14.41,14.41,14.41,14.41,0,14.01,2456.0,14.3136666667,14.3435,14.2056,13.6998666667,14.5969778097,14.3435,14.0900221903,0.0728597279184,0.0741819145923,-0.00132218667385,54.8365094854,52.9187124932,72.3353962084
162,2014-03-31,14.41,14.41,14.41,14.41,200,14.01,2456.0,14.3036666667,14.335,14.1918,13.695,14.5903820667,14.335,14.0796179333,0.0771251947822,0.0745124612607,0.00261273352143,54.8365094854,67.0212765957,82.4260305851
163,2014-03-28,14.6,14.6,14.35,14.37,3600,13.97,2558.0,14.298,14.329,14.178,13.6905333333,14.5826848439,14.329,14.0753151561,0.0814476605641,0.0738592778804,0.00758838268378,53.1701249624,78.0984042553,86.8425864362
164,2014-03-27,14.63,14.63,14.49,14.49,1200,14.09,2612.0,14.2936666667,14.3225,14.1666,13.6855333333,14.5783026583,14.3225,14.0666973417,0.0898527327359,0.0719621822094,0.0178905505264,59.2612122997,91.3031914894,86.350192005
165,2014-03-26,14.58,14.58,14.58,14.58,200,14.17,2654.0,14.2853333333,14.3135,14.1564,13.6784666667,14.5574897539,14.3135,14.0695102461,0.0870555305589,0.0674895445778,0.0195659859811,64.3990860654,93.28125,78.6312181122
166,2014-03-25,14.48,14.48,14.48,14.48,0,14.08,2790.0,14.274,14.3,14.1444,13.6712,14.5111871208,14.3,14.0888128792,0.0730553847903,0.0625980480825,0.0104573367077,60.9016999591,84.6875,66.4277742347
167,2014-03-24,14.49,14.49,14.48,14.48,1300,14.08,2862.0,14.2646666667,14.2865,14.1332,13.6627333333,14.4840120249,14.2865,14.0889879751,0.0643053022305,0.0599837139056,0.00432158832493,60.9016999591,76.1288265306,53.801817602
168,2014-03-21,14.34,14.34,14.34,14.34,700,13.94,2848.0,14.2533333333,14.2755,14.1196,13.6545333333,14.4520757628,14.2755,14.0989242372,0.0522016651855,0.0589033168244,-0.00670165163891,55.641284245,60.4272959184,41.0196109694
169,2014-03-20,14.24,14.3,14.24,14.3,2200,13.9,2834.0,14.245,14.267,14.1064,13.6482666667,14.4466774889,14.267,14.0873225111,0.0502482714998,0.0605787297341,-0.0103304582343,53.999280716,44.4674744898,31.907684949
170,2014-03-19,14.26,14.4,14.26,14.4,800,14.0,2864.0,14.2353333333,14.261,14.094,13.6432666667,14.4438551339,14.261,14.0781448661,0.0510968741555,0.0631613442927,-0.0120644701372,59.0757235089,34.1836734694,26.3736263736
171,2014-03-18,14.39,14.41,14.16,14.26,7200,13.86,2874.0,14.2223333333,14.2575,14.0786,13.6387333333,14.4320709025,14.2575,14.0829290975,0.0412549542847,0.066177461827,-0.0249225075422,53.3779341885,25.0,22.9736558085
172,2014-03-17,14.32,14.32,14.16,14.16,5400,13.76,2754.0,14.2143333333,14.25,14.0652,13.6351333333,14.4360107524,14.25,14.0639892476,0.0423475590419,0.0724080887125,-0.0300605296706,48.6346047116,23.9795918367,20.3676903454
173,2014-03-14,14.29,14.29,14.21,14.21,1200,13.81,2718.0,14.211,14.254,14.054,13.6319333333,14.4354827816,14.254,14.0725172184,0.0533079737095,0.0799232211302,-0.0266152474206,51.0458275535,22.3312401884,22.353561617
174,2014-03-13,14.17,14.22,14.17,14.22,4700,13.82,2832.0,14.201,14.2555,14.0422,13.6281333333,14.4359965374,14.2555,14.0750034626,0.0614311506314,0.0865770329853,-0.025145882354,51.5201948801,20.5837912088,27.3957515699
175,2014-03-12,14.15,14.24,14.09,14.24,3900,13.84,2866.0,14.1946666667,14.2565,14.031,13.6253333333,14.4364194264,14.2565,14.0765805736,0.0698875524388,0.0928635035738,-0.0229759511351,52.42496443,14.5761381476,33.7696901313
176,2014-03-11,14.35,14.35,14.22,14.22,900,13.77,3144.0,14.187,14.2565,14.0184,13.6216666667,14.4364194264,14.2565,14.0765805736,0.0776280863466,0.0986074913576,-0.0209794050111,51.6362943508,31.9230769231,46.6029283217
177,2014-03-10,14.26,14.26,14.25,14.25,2000,13.8,3274.0,14.1756666667,14.2555,14.0058,13.62,14.4364392163,14.2555,14.0745607837,0.0884150501875,0.10385234261,-0.0154372924229,52.8567536618,42.5,52.5426136364
178,2014-03-07,14.39,14.39,14.19,14.19,3800,13.74,3374.0,14.165,14.25,13.993,13.6182,14.4378297101,14.25,14.0621702899,0.0978425560326,0.107711665716,-0.00986910968354,50.6924042406,46.0795454545,58.3948863636
179,2014-03-06,14.25,14.58,14.25,14.58,1600,14.12,3690.0,14.1556666667,14.245,13.9818,13.617,14.4439472292,14.245,14.0460527708,0.114561408133,0.110178943137,0.00438246499558,70.1236768115,65.9090909091,67.0454545455
180,2014-03-05,14.24,14.28,14.24,14.28,1100,13.83,3966.0,14.1316666667,14.2165,13.9596,13.6131333333,14.3743955351,14.2165,14.0586044649,0.094525304331,0.109083326888,-0.0145580225571,58.8594848056,55.6818181818,68.4659090909
181,2014-03-04,14.39,14.39,14.21,14.24,4300,13.79,4052.0,14.1136666667,14.203,13.9434,13.6102666667,14.3816728855,14.203,14.0243271145,0.0981224910522,0.112722832527,-0.0146003414751,56.8450288333,65.9090909091,73.0113636364
182,2014-03-03,14.27,14.32,14.25,14.29,8000,13.84,4398.0,14.0963333333,14.192,13.924,13.6086,14.3865867416,14.192,13.9974132584,0.105359300416,0.116372917896,-0.0110136174805,60.2704821179,80.6818181818,71.0227272727
183,2014-02-28,14.26,14.26,14.22,14.24,1000,13.79,4272.0,14.0773333333,14.1805,13.9032,13.6072,14.3777282941,14.1805,13.9832717059,0.107972692724,0.119126322266,-0.0111536295419,57.9156411098,71.5909090909,62.1590909091
184,2014-02-27,14.31,14.31,14.31,14.31,0,13.86,4488.0,14.0626666667,14.164,13.8794,13.6059333333,14.3914554902,14.164,13.9365445098,0.114828728831,0.121914729652,-0.00708600082031,62.7508019821,73.8636363636,58.9772727273
185,2014-02-26,14.31,14.31,14.27,14.31,800,13.86,4752.0,14.0516666667,14.15,13.8578,13.6062,14.3742320227,14.15,13.9257679773,0.114782015225,0.123686229857,-0.00890421463168,62.7508019821,57.9545454545,53.6833003953
186,2014-02-25,14.2,14.27,14.18,14.21,10000,13.76,4952.0,14.0406666667,14.135,13.8354,13.6084,14.3544994305,14.135,13.9155005695,0.113052835092,0.125912283515,-0.0128594484231,58.481144611,45.2272727273,56.912055336
187,2014-02-24,14.25,14.27,14.18,14.26,6800,13.81,5006.0,14.031,14.1185,13.8148,13.6104666667,14.3613394531,14.1185,13.8756605469,0.119383185756,0.129127145621,-0.0097439598642,61.7683546346,58.8636363636,67.0726284585
188,2014-02-21,14.17,14.17,14.17,14.17,600,13.72,5140.0,14.0156666667,14.102,13.7934,13.6129333333,14.3489493875,14.102,13.8550506125,0.120635623357,0.131563135587,-0.0109275122293,57.8040181747,52.6877470356,73.8241106719
189,2014-02-20,14.18,14.18,14.18,14.18,1000,13.73,5234.0,13.9993333333,14.089,13.7722,13.616,14.3473718251,14.089,13.8306281749,0.129643125556,0.134295013644,-0.00465188808836,58.4291184043,70.8695652174,85.652173913
190,2014-02-19,14.32,14.33,14.25,14.33,4200,13.88,5376.0,13.9826666667,14.073,13.7508,13.6188,14.346064095,14.073,13.799935905,0.138236073808,0.135457985666,0.00277808814175,68.7907528818,85.8695652174,92.199488491
191,2014-02-18,14.12,14.12,14.11,14.11,1000,13.67,5740.0,13.9593333333,14.0435,13.726,13.6206,14.3264328542,14.0435,13.7605671458,0.131920366685,0.134763463631,-0.00284309694539,58.8531310497,85.8695652174,93.2606919579
192,2014-02-14,14.24,14.24,14.24,14.24,0,13.79,6140.0,13.942,14.024,13.7072,13.6241333333,14.3379681513,14.024,13.7100318487,0.144340386079,0.135474237867,0.00886614821185,71.3126660745,100.0,91.7177287582
193,2014-02-13,14.24,14.24,14.24,14.24,0,13.79,6252.0,13.9206666667,13.998,13.688,13.6268666667,14.3220740656,13.998,13.6739259344,0.144856987034,0.133257700814,0.0115992862206,71.3126660745,97.0588235294,83.1004901961
194,2014-02-12,14.24,14.24,14.24,14.24,0,13.79,6470.0,13.9,13.976,13.6662,13.6296,14.290985714,13.976,13.661014286,0.143409346988,0.130357879259,0.0130514677297,71.3126660745,90.114379085,73.1577872377
195,2014-02-11,14.24,14.24,14.19,14.24,5300,13.74,6500.0,13.8806666667,13.963,13.6462,13.6323333333,14.2538676675,13.963,13.6721323325,0.139475677737,0.127095012326,0.0123806654107,71.3126660745,79.6977124183,64.6873065015
196,2014-02-10,14.13,14.23,14.13,14.2,4400,13.7,6484.0,13.8596666667,13.95,13.626,13.6350666667,14.2119923663,13.95,13.6880076337,0.132426148216,0.123999845974,0.00842630224279,69.8526440868,65.5310457516,59.9251590987
197,2014-02-07,14.14,14.14,14.11,14.14,3700,13.64,6466.0,13.8393333333,13.936,13.6072,13.6386666667,14.1716607731,13.936,13.7003392269,0.125574913836,0.121893270413,0.0036816434231,67.552488701,57.2880116959,59.1213450292
198,2014-02-06,14.09,14.24,14.08,14.09,2500,13.6,6726.0,13.8216666667,13.919,13.5874,13.6426666667,14.1420605299,13.919,13.6959394701,0.121112794117,0.120972859557,0.000139934559397,65.5166096361,56.2324561404,61.4382309942
199,2014-02-05,14.01,14.01,14.01,14.01,0,13.52,6680.0,13.8063333333,13.8985,13.574,13.6477333333,14.1301268551,13.8985,13.6668731449,0.118746775215,0.120937875917,-0.00219110070259,61.9716313549,60.649122807,64.0514132554
200,2014-02-04,14.12,14.13,14.01,14.01,2300,13.52,6812.0,13.7883333333,13.882,13.5616,13.6533333333,14.1261802613,13.882,13.6378197387,0.12214510345,0.121485651093,0.000659452356658,61.9716313549,62.3157894737,63.9354288499
201,2014-02-03,14.14,14.14,14.02,14.02,500,13.53,6978.0,13.7703333333,13.863,13.5484,13.6582666667,14.1230076922,13.863,13.6029923078,0.124705949983,0.121320788004,0.0033851619791,62.6659775909,66.5555555556,64.0538194444
202,2014-01-31,14.09,14.14,14.01,14.06,4600,13.57,7030.0,13.7453333333,13.8415,13.534,13.6658,14.1166926598,13.8415,13.5663073402,0.125142434831,0.120474497509,0.00466793732204,65.3871160968,66.6851851852,62.1140046296
203,2014-01-30,13.91,13.93,13.9,13.91,1000,13.42,7116.0,13.7183333333,13.8185,13.519,13.6730666667,14.0936926598,13.8185,13.5433073402,0.119806567349,0.119307513179,0.000499054170305,59.2211624634,60.1851851852,58.7239583333
204,2014-01-29,14.11,14.11,14.03,14.03,700,13.54,7112.0,13.6896666667,13.804,13.507,13.6783333333,14.0887735943,13.804,13.5192264057,0.126526146419,0.119182749636,0.0073433967832,68.253321199,62.7893518519,55.333912037
205,2014-01-28,13.97,14.18,13.95,14.01,8200,13.52,7150.0,13.663,13.7855,13.4926,13.6806666667,14.056901916,13.7855,13.514098084,0.121044210666,0.11734690044,0.00369731022629,67.4858698758,58.7962962963,48.7667824074
206,2014-01-27,13.9,13.9,13.88,13.88,500,13.39,7052.0,13.6356666667,13.7655,13.4794,13.6848,14.0265344805,13.7655,13.5044655195,0.114322987787,0.116422572884,-0.00209958509666,61.9313175741,53.125,41.2153105346
207,2014-01-24,13.93,13.93,13.93,13.93,700,13.44,7138.0,13.6123333333,13.751,13.4686,13.6904,14.0171503335,13.751,13.4848496665,0.117317747126,0.116947469158,0.000370277967869,65.9554234886,46.625,35.2412729509
208,2014-01-23,13.91,13.91,13.91,13.91,500,13.42,7158.0,13.5876666667,13.735,13.4556,13.6962666667,13.9945765783,13.735,13.4754234217,0.114342799996,0.116854899666,-0.00251209966969,65.1134619248,36.5208333333,34.5204404954
209,2014-01-22,13.8,13.86,13.8,13.86,2500,13.37,7192.0,13.561,13.721,13.4446,13.7021333333,13.9713517525,13.721,13.4706482475,0.110918881296,0.117482924583,-0.00656404328693,62.9885768822,28.590408805,40.2038548348
210,2014-01-21,14.0,14.02,13.68,13.74,5700,13.26,7244.0,13.536,13.7015,13.4368,13.7082666667,13.9658690602,13.7015,13.4371309398,0.110026259519,0.119123935405,-0.00909767588619,57.1756493411,29.2288496652,52.5868564383
211,2014-01-17,13.72,13.72,13.72,13.72,0,13.24,7160.0,13.5143333333,13.688,13.4318,13.7153333333,13.9701063629,13.688,13.4058936371,0.119504749402,0.121398354377,-0.00189360497405,56.1088061614,43.7416701781,67.4233091804
212,2014-01-16,13.7,13.77,13.64,13.72,5300,13.24,7190.0,13.496,13.6655,13.4262,13.7234,14.0006104296,13.6655,13.3303895704,0.131900861954,0.12187175562,0.0100291063336,56.1088061614,59.2544906909,79.4061294438
213,2014-01-15,13.78,13.82,13.69,13.8,6300,13.32,7130.0,13.4813333333,13.642,13.4216,13.7312666667,14.0215049407,13.642,13.2624950593,0.145804251254,0.119364479037,0.0264397722175,61.3828996427,78.1224152192,88.2853172286
214,2014-01-14,13.84,13.99,13.76,13.98,3300,13.49,7026.0,13.4596666667,13.6045,13.416,13.7385333333,14.0556086344,13.6045,13.1533913656,0.153283788125,0.112754535982,0.0405292521426,76.3837382626,88.5746606335,91.2322461036
215,2014-01-13,14.12,14.12,13.84,13.98,7000,13.49,6998.0,13.435,13.567,13.409,13.7469333333,14.0116616691,13.567,13.1223383309,0.142273541904,0.102622222947,0.0396513189569,76.3837382626,91.6729512318,90.5419539611
216,2014-01-10,13.8,13.92,13.74,13.92,3600,13.38,6964.0,13.41,13.5275,13.4022,13.7559333333,13.9585394413,13.5275,13.0964605587,0.126151030662,0.0927093932074,0.033441637455,74.5996461016,94.7712418301,88.0354225023
217,2014-01-09,13.85,13.85,13.75,13.8,600,13.26,6980.0,13.388,13.4905,13.396,13.7658666667,13.9072241294,13.4905,13.0737758706,0.109847010414,0.0843489838436,0.0254980265705,70.4544673,89.910130719,84.1924497072
218,2014-01-08,13.68,13.68,13.68,13.68,0,13.15,6978.0,13.3663333333,13.46,13.392,13.7764666667,13.870901448,13.46,13.049098552,0.099657558964,0.077974477201,0.0216830817629,65.1775807458,85.8134920635,82.417713627
219,2014-01-07,13.7,13.7,13.62,13.68,3700,13.15,7002.0,13.3576666667,13.4315,13.3884,13.7876,13.8562481607,13.4315,13.0067518393,0.0974207309826,0.0725537067603,0.0248670242223,65.1775807458,81.6468253968,82.4888245812
220,2014-01-06,13.63,13.63,13.63,13.63,1300,13.1,6944.0,13.348,13.403,13.386,13.7986,13.8336785344,13.403,12.9723214656,0.0931486962721,0.0663369507047,0.0268117455675,62.7899593094,79.3993506494,83.9941142794
221,2014-01-03,13.64,13.64,13.59,13.59,1200,13.06,7622.0,13.3386666667,13.376,13.3844,13.8092,13.8140136984,13.376,12.9379863016,0.0914320454777,0.0596340143128,0.0317980311649,60.7929698156,82.8111863981,86.1551461823
222,2014-01-02,13.66,13.69,13.5,13.6,3600,13.07,7632.0,13.329,13.355,13.384,13.8214666667,13.7902240802,13.355,12.9197759198,0.0919837814386,0.0516845065216,0.040299274917,61.55992331,86.0979358805,87.1914800176
223,2013-12-31,13.61,13.62,13.34,13.62,6900,13.09,7658.0,13.3193333333,13.339,13.3816,13.8348,13.7603264767,13.339,12.9176735233,0.090331869426,0.0416096877924,0.0487221816336,63.0368379763,87.6679841897,87.7213438735
224,2013-12-30,13.69,13.69,13.4,13.66,6400,13.13,7576.0,13.309,13.3155,13.38,13.8484666667,13.7237389006,13.3155,12.9072610994,0.0848731472654,0.0294291423839,0.0554440048815,65.976461151,88.0434782609,88.8550724638
225,2013-12-27,13.51,13.61,13.5,13.61,17800,13.08,7474.0,13.2973333333,13.2945,13.3776,13.8623333333,13.6717253968,13.2945,12.9172746032,0.0725985870203,0.0155681411636,0.0570304458567,64.0294442578,86.9565217391,89.3843873518
226,2013-12-26,13.67,13.67,13.48,13.59,7400,13.06,7128.0,13.2886666667,13.2755,13.372,13.8768,13.62446848,13.2755,12.92653152,0.0609667143144,0.00131052969939,0.0596561846151,63.2482784389,88.2173913043,89.1149538867
227,2013-12-24,13.68,13.68,13.55,13.61,7000,13.08,7000.0,13.2803333333,13.259,13.3656,13.891,13.5767357393,13.259,12.9412642607,0.0472697900344,-0.0136035164544,0.0608733064887,64.5499680307,92.2028985507,83.5378787879
228,2013-12-23,13.47,13.7,13.47,13.63,19600,13.1,6930.0,13.2693333333,13.236,13.3576,13.9054,13.5127236889,13.236,12.9592763111,0.0270636097346,-0.0288218430766,0.0558854528111,65.8075897372,90.1607378129,74.6727602108
229,2013-12-20,13.37,13.51,13.35,13.47,15400,12.95,6658.0,13.2603333333,13.2255,13.35,13.9194666667,13.4532257122,13.2255,12.9977742878,-0.0011568401715,-0.0427932062793,0.0416363661078,60.0214902304,85.8787878788,64.5189393939
230,2013-12-19,13.32,13.47,13.28,13.47,5400,12.95,6366.0,13.2603333333,13.2215,13.3466,13.9344,13.4342228243,13.2215,13.0087771757,-0.0208686603764,-0.0532022978063,0.0323336374299,60.0214902304,65.9090909091,54.2555361305
231,2013-12-18,13.33,13.33,13.25,13.27,21600,12.76,6296.0,13.261,13.2155,13.345,13.9494,13.4053920746,13.2155,13.0256079254,-0.0457245667415,-0.0612857071638,0.0155611404223,51.1033088737,56.7424242424,51.726981352
232,2013-12-17,13.15,13.26,13.15,13.25,1700,12.74,5974.0,13.2666666667,13.217,13.347,13.9669333333,13.4090520763,13.217,13.0249479237,-0.056421020804,-0.0651759922694,0.00875497146533,50.0690364099,49.5454545455,48.6031884782
233,2013-12-16,13.33,13.33,13.01,13.05,11800,12.54,5960.0,13.2746666667,13.22,13.3492,13.983,13.4158570908,13.22,13.0241429092,-0.0672165527776,-0.0673647351357,0.000148182358116,37.864873556,44.8251748252,45.1671515422
234,2013-12-13,13.09,13.29,13.06,13.23,13200,12.72,5800.0,13.2903333333,13.233,13.355,14.0014666667,13.4160956034,13.233,13.0499043966,-0.0596542455471,-0.0674017807252,0.00774753517817,47.5848321459,55.7948717949,40.2214755965
235,2013-12-12,13.28,13.34,13.06,13.19,10800,12.68,5564.0,13.3036666667,13.237,13.36,14.019,13.4231289875,13.237,13.0508710125,-0.0674615662012,-0.0693386645198,0.00187709831853,44.6531020062,44.2472527473,30.2430528277
236,2013-12-11,13.04,13.2,13.04,13.18,12700,12.67,5362.0,13.3186666667,13.245,13.3664,14.0382666667,13.4360497317,13.245,13.0539502683,-0.0723725599642,-0.0698079390994,-0.00256462086478,43.9250010349,35.8013068013,25.4134395828
237,2013-12-10,13.29,13.29,13.12,13.19,13500,12.59,5152.0,13.333,13.253,13.3712,14.0573333333,13.4458833845,13.253,13.0601166155,-0.0765699002221,-0.0691667838832,-0.00740311633894,44.468205392,25.0424710425,22.3067993108
238,2013-12-09,13.07,13.12,13.07,13.11,5300,12.52,4898.0,13.3466666667,13.2575,13.3796,14.0758,13.4484842925,13.2575,13.0665157075,-0.0818316705118,-0.0673160047985,-0.0145156657133,38.8506322021,15.8811807199,23.2975256362
239,2013-12-06,13.26,13.26,13.05,13.11,8100,12.52,4864.0,13.3596666667,13.27,13.3892,14.0941333333,13.4533030278,13.27,13.0866969722,-0.0792118693831,-0.0636870883701,-0.015524781013,38.8506322021,24.9287997675,27.2207489748
240,2013-12-05,13.16,13.17,13.05,13.09,22400,12.5,4732.0,13.3746666667,13.288,13.401,14.1117333333,13.4755739854,13.288,13.1004260146,-0.0747158778424,-0.0598058931169,-0.0149099847256,37.4874789422,23.3747457135,28.0040913609
241,2013-12-04,13.11,13.28,13.11,13.17,21000,12.57,4362.0,13.39,13.308,13.4132,14.1301333333,13.4921303886,13.308,13.1238696114,-0.0658542176892,-0.0560783969355,-0.00977582075368,40.8716320467,29.0053763441,28.5509472606
242,2013-12-03,13.19,13.3,13.14,13.28,5600,12.68,3942.0,13.4033333333,13.3215,13.424,14.1471333333,13.5027484483,13.3215,13.1402515517,-0.0617310919272,-0.0536344417471,-0.00809665018008,46.196250745,31.5740740741,30.8802496693
243,2013-12-02,13.15,13.18,13.12,13.15,10900,12.55,3846.0,13.41,13.332,13.4326,14.1632,13.5262781511,13.332,13.1377218489,-0.0667705773447,-0.051610279202,-0.0151602981426,37.2209922851,28.0621693122,35.4030257937
244,2013-11-29,13.22,13.24,13.22,13.24,1500,12.64,3676.0,13.423,13.3505,13.4426,14.1812666667,13.5423827767,13.3505,13.1586172233,-0.0589952212435,-0.0478202046664,-0.0111750165771,41.6919562649,25.5621693122,42.2546709656
245,2013-11-27,13.19,13.23,13.17,13.23,4500,12.63,3698.0,13.433,13.37,13.4484,14.1988666667,13.5901817431,13.37,13.1498182569,-0.0573765635108,-0.0450264505221,-0.0123501129887,40.9602606322,38.3225859788,51.0333994709
246,2013-11-26,13.23,13.26,13.2,13.26,3500,12.66,3688.0,13.4363333333,13.3905,13.4552,14.217,13.63020607,13.3905,13.15079393,-0.0534578176264,-0.0419389222749,-0.0115188953514,42.4439902621,49.6651785714,52.9110863095
247,2013-11-25,13.23,13.4,13.15,13.15,16700,12.55,3678.0,13.4366666667,13.408,13.458,14.2354666667,13.6579279896,13.408,13.1580720104,-0.0507330500775,-0.0390591984371,-0.0116738516404,34.3467923444,55.46875,48.5587284483
248,2013-11-22,13.42,13.42,13.42,13.42,200,12.81,3494.0,13.4386666667,13.4305,13.461,14.2538,13.6639502088,13.4305,13.1970497912,-0.0353173205867,-0.036140735527,0.00082341494023,50.5582741655,60.6770833333,40.1423311782
249,2013-11-21,13.39,13.39,13.27,13.39,6600,12.78,3586.0,13.433,13.4345,13.4596,14.2702666667,13.6698274315,13.4345,13.1991725685,-0.0426184466463,-0.036346589262,-0.00627185738432,48.0273189702,45.8333333333,30.3717672414
250,2013-11-20,13.35,13.35,13.15,13.35,10600,12.75,3580.0,13.43,13.443,13.4548,14.2878666667,13.6835077961,13.443,13.2024922039,-0.0482628883203,-0.0347786249159,-0.0134842634043,44.5104508366,32.2557471264,23.7111792661
251,2013-11-19,13.35,13.35,13.3,13.3,3100,12.7,3440.0,13.4313333333,13.453,13.4518,14.3062666667,13.693840196,13.453,13.212159804,-0.0506925154995,-0.0314075590649,-0.0192849564346,39.7806558706,21.8031609195,19.1518843943
252,2013-11-18,13.3,13.31,13.3,13.31,8900,12.71,3378.0,13.4336666667,13.4665,13.4524,14.3232,13.7017254238,13.4665,13.2312745762,-0.04796534851,-0.0265863199562,-0.0213790285538,40.420505872,21.5948275862,15.912632626
253,2013-11-15,13.31,13.31,13.31,13.31,800,12.71,3312.0,13.4353333333,13.475,13.4528,14.3399333333,13.6990089284,13.475,13.2509910716,-0.044804995756,-0.0212415628178,-0.0235634329382,40.420505872,19.1909814324,13.4975230145
254,2013-11-14,13.37,13.37,13.25,13.31,2600,12.71,3360.0,13.4363333333,13.4865,13.4542,14.3564,13.6987522085,13.4865,13.2742477915,-0.0401195273936,-0.0153507045832,-0.0247688228104,40.420505872,14.0185676393,13.1115423623
255,2013-11-13,13.32,13.43,13.28,13.35,3300,12.75,3308.0,13.442,13.498,13.4542,14.3728666667,13.6951395445,13.498,13.3008604555,-0.0335556091943,-0.00915849888061,-0.0243971103137,42.6157472777,8.84615384615,15.4075540473
256,2013-11-12,13.34,13.35,13.33,13.34,4800,12.69,3308.0,13.4473333333,13.497,13.4534,14.3901333333,13.6973097601,13.497,13.2966902399,-0.0287623083772,-0.00305922130219,-0.025703087075,41.8830259032,11.9343891403,21.2536136249
257,2013-11-11,13.47,13.47,13.28,13.28,1700,12.63,3266.0,13.45,13.4935,13.455,14.4069333333,13.7066924014,13.4935,13.2803075986,-0.0212077708487,0.00336655046656,-0.0245743213153,37.431946503,17.6470588235,26.6493055556
258,2013-11-08,13.44,13.44,13.36,13.36,2200,12.7,3340.0,13.461,13.49,13.46,14.4248,13.7188230758,13.49,13.2611769242,-0.00514786628187,0.00951013079537,-0.0146579970772,41.3532060167,23.2026143791,32.719311683
259,2013-11-07,13.41,13.47,13.41,13.47,5100,12.81,3450.0,13.4686666667,13.4845,13.459,14.4432,13.7302213869,13.4845,13.2387786131,0.00727983542027,0.0131746300647,-0.00589479464441,47.7383143236,32.2303921569,40.8329686041
260,2013-11-06,13.37,13.49,13.37,13.49,1500,12.83,3380.0,13.4763333333,13.476,13.4602,14.4628666667,13.7345652722,13.476,13.2174347278,0.0118362134413,0.0146483287258,-0.00281211528453,49.0160771868,33.5171568627,48.9639866363
261,2013-11-05,13.36,13.44,13.36,13.44,1500,12.78,3366.0,13.4833333333,13.471,13.4622,14.4813333333,13.7321436386,13.471,13.2098563614,0.0154432819198,0.0153513575469,9.1924372888e-05,45.6382955329,41.9270833333,59.0491287095
262,2013-11-04,13.54,13.54,13.36,13.49,2300,12.83,3396.0,13.4923333333,13.4675,13.467,14.5004,13.7320656818,13.4675,13.2029343182,0.0249134924954,0.0153283764537,0.00958511604172,48.6299942809,55.6572420635,66.0935232336
263,2013-11-01,13.53,13.54,13.48,13.52,1100,12.86,3384.0,13.4996666667,13.461,13.472,14.5188,13.729395231,13.461,13.192604769,0.0315476377393,0.0129320974433,0.018615540296,50.4733852001,64.7544642857,69.17316519
264,2013-10-31,13.6,13.63,13.57,13.63,1900,12.96,3472.0,13.504,13.452,13.474,14.5368666667,13.7239264606,13.452,13.1800735394,0.0365017993015,0.00827821236927,0.0282235869323,57.9529340062,73.8577251553,69.6139182575
265,2013-10-30,13.67,13.67,13.64,13.64,5300,12.97,3450.0,13.5006666667,13.4445,13.47,14.5542666667,13.7043826658,13.4445,13.1846173342,0.0310941757058,0.0012223156362,0.0298718600696,58.6870725823,70.1046614298,68.7842908903
266,2013-10-29,13.7,13.7,13.57,13.61,4400,12.94,3558.0,13.4983333333,13.438,13.467,14.5705333333,13.6841381726,13.438,13.1918618274,0.0227216208514,-0.00624564938118,0.0289672702326,57.1758517842,67.9758098892,69.5577578858
267,2013-10-28,13.6,13.6,13.6,13.6,500,12.93,3680.0,13.4913333333,13.4285,13.459,14.5859333333,13.6616758993,13.4285,13.1953241007,0.0147592454431,-0.0134874669393,0.0282467123825,56.6854296937,66.5174765558,72.467079223
268,2013-10-25,13.6,13.6,13.5,13.5,1200,12.84,3716.0,13.4813333333,13.429,13.452,14.6004666667,13.6636827646,13.429,13.1943172354,0.00539986089737,-0.020549145035,0.0259490059323,51.5312649895,70.5392156863,77.4671743697
269,2013-10-24,13.57,13.57,13.56,13.56,800,12.89,3796.0,13.4763333333,13.4335,13.45,14.6151333333,13.6767508993,13.4335,13.1902491007,0.00355715755501,-0.027036396518,0.030593554073,55.1901830486,73.1985294118,77.9796918768
270,2013-10-23,13.65,13.72,13.46,13.55,35200,12.88,3894.0,13.4626666667,13.4405,13.4498,14.6291333333,13.7050354419,13.4405,13.1759645581,-0.0049556333664,-0.0346847850363,0.0297291516699,54.6923108701,79.6130952381,74.6800595238
271,2013-10-22,13.56,13.59,13.56,13.57,1700,12.9,3190.0,13.451,13.448,13.4532,14.6430666667,13.7322956208,13.448,13.1637043792,-0.0147307863844,-0.0421170729538,0.0273862865694,55.8446263339,86.5178571429,65.2137158055
272,2013-10-21,13.59,13.61,13.4,13.48,4900,12.82,3190.0,13.443,13.455,13.4562,14.6592666667,13.7572912503,13.455,13.1527087497,-0.0290295338891,-0.0489636445961,0.019934110707,51.5819727783,72.5892857143,49.7792678643
273,2013-10-18,13.55,13.55,13.51,13.54,2800,12.88,3350.0,13.438,13.4665,13.4602,14.6758,13.7885729731,13.4665,13.1444270269,-0.0376940511203,-0.0539471722729,0.0162531211526,54.8605120256,60.0,37.5395743874
274,2013-10-17,13.39,13.54,13.37,13.54,1300,12.88,3346.0,13.4326666667,13.472,13.4622,14.6922,13.8025510551,13.472,13.1414489449,-0.0543139396427,-0.058010452561,0.00369651291834,54.8605120256,41.7477203647,29.9120056518
275,2013-10-16,13.32,13.33,13.32,13.33,500,12.68,3416.0,13.425,13.4715,13.4674,14.7066,13.801668139,13.4715,13.141331861,-0.0747369400529,-0.0589345807906,-0.0158023592623,44.1471294105,24.7800653782,27.8727920546
276,2013-10-15,13.26,13.27,13.26,13.27,1000,12.62,3560.0,13.4243333333,13.4835,13.4746,14.723,13.809645673,13.4835,13.157354327,-0.0783352141757,-0.054983990975,-0.0233512232006,40.3938736639,23.6305118068,30.6890415615
277,2013-10-14,13.22,13.22,13.21,13.21,3500,12.56,3578.0,13.4293333333,13.49,13.4886,14.74,13.8038152323,13.49,13.1761847677,-0.0756794082135,-0.0491461851749,-0.0265332230386,36.4269774684,29.4897250573,34.0205440446
278,2013-10-11,13.26,13.3,13.24,13.25,6000,12.6,3522.0,13.44,13.4945,13.504,14.7575333333,13.7943983161,13.4945,13.1946016839,-0.0650797517568,-0.0425128794152,-0.0225668723415,37.9922088206,33.5908659762,36.7024606064
279,2013-10-10,13.32,13.34,13.3,13.3,800,12.65,3424.0,13.442,13.4995,13.5192,14.7746,13.7859594212,13.4995,13.2130405788,-0.0546768483992,-0.0368711613299,-0.0178056870694,39.9865268465,36.0450634058,39.6272078804
280,2013-10-09,13.54,13.54,13.39,13.39,1900,12.68,3444.0,13.4496666667,13.492,13.5332,14.7914666667,13.8055346871,13.492,13.1784653129,-0.0456945703189,-0.0324197395625,-0.0132748307564,43.8322833941,36.9565217391,42.481884058
281,2013-10-08,13.56,13.56,13.37,13.37,5500,12.66,3446.0,13.4563333333,13.4825,13.5424,14.809,13.8185282726,13.4825,13.1464717274,-0.0427289052736,-0.0291010318734,-0.0136278734002,42.6950140901,40.2173913043,46.8014039855
282,2013-10-07,13.34,13.38,13.34,13.36,1000,12.65,3672.0,13.4666666667,13.4805,13.5548,14.8274666667,13.819644512,13.4805,13.141355488,-0.0362857632662,-0.0256940635234,-0.0105916997429,42.1511927088,45.2898550725,50.5792572464
283,2013-10-04,13.46,13.46,13.3,13.34,3800,12.64,3760.0,13.4793333333,13.479,13.5692,14.8452,13.8205201312,13.479,13.1374798688,-0.0265159963658,-0.0230461385876,-0.00346985777811,41.1133634016,47.4637681159,54.810009058
284,2013-10-03,13.45,13.5,13.45,13.48,1400,12.77,3754.0,13.4886666667,13.481,13.5834,14.8630666667,13.8196975052,13.481,13.1423024948,-0.011624170302,-0.0221786741431,0.0105545038411,46.5405731352,54.2346014493,61.8351449275
285,2013-10-02,13.42,13.51,13.4,13.51,700,12.8,3774.0,13.487,13.4725,13.6008,14.8805333333,13.8193068627,13.4725,13.1256931373,-0.00670225164895,-0.0248173001034,0.0181150484545,47.7960067342,55.3288043478,69.6415307971
286,2013-10-01,13.51,13.58,13.11,13.42,2200,12.71,3830.0,13.4863333333,13.4625,13.6234,14.8978,13.8158765697,13.4625,13.1091234303,-0.0033771518169,-0.029346062217,0.0259689104001,43.5544181052,62.2128623188,79.799365942
287,2013-09-30,13.62,13.64,13.61,13.61,800,12.89,3800.0,13.4793333333,13.4625,13.6454,14.9170666667,13.8158765697,13.4625,13.1091234303,0.0100796432679,-0.035838289817,0.0459179330849,51.805866126,75.5643115942,88.6123226787
288,2013-09-27,13.61,13.75,13.5,13.59,3600,12.87,3784.0,13.4673333333,13.4585,13.6658,14.9334666667,13.8068834095,13.4585,13.1101165905,0.00776333963769,-0.0473177730883,0.055081112726,50.8965782073,85.4601449275,93.2987266203
289,2013-09-26,13.8,13.8,13.69,13.7,1500,12.98,3718.0,13.461,13.4445,13.6866,14.9488,13.7931244398,13.4445,13.0958755602,0.00673033624585,-0.0610880512698,0.0678183875156,56.3237948118,95.9601449275,95.5111722287
290,2013-09-25,13.66,13.71,13.65,13.7,3900,12.98,3692.0,13.456,13.436,13.7046,14.9641333333,13.7671434734,13.436,13.1048565266,-0.00588604751967,-0.0780426481487,0.072156600629,56.3237948118,97.4646892655,93.063734116
291,2013-09-24,13.71,13.71,13.71,13.71,0,12.99,3662.0,13.4566666667,13.4305,13.7226,14.9797333333,13.7472633186,13.4305,13.1137366814,-0.0219035257437,-0.0960817983059,0.0741782725622,56.7985434374,94.3099273608,87.2814488428
292,2013-09-23,13.71,13.71,13.7,13.71,800,12.99,3702.0,13.457,13.429,13.7412,14.9962,13.7406985723,13.429,13.1173014277,-0.0430472375753,-0.114626366446,0.0715791288712,56.7985434374,94.3099273608,80.4190832817
293,2013-09-20,13.66,13.7,13.65,13.65,2400,12.93,3686.0,13.456,13.4305,13.76,15.0106666667,13.7478310574,13.4305,13.1131689426,-0.0694081608573,-0.132521148664,0.0631129878069,54.8287731684,86.1703924771,67.3067177206
294,2013-09-19,13.6,13.6,13.53,13.53,2600,12.81,3648.0,13.4556666667,13.429,13.78,15.0264666667,13.7424262274,13.429,13.1155737726,-0.0959356205976,-0.148299395616,0.0523637750184,50.6499909559,74.3355481728,52.1530084902
295,2013-09-18,13.38,13.57,13.32,13.57,4000,12.85,3634.0,13.4646666667,13.424,13.8024,15.0426,13.7339935483,13.424,13.1140064517,-0.116180696548,-0.161390339371,0.0452096428223,52.1430548188,66.8604651163,39.042973338
296,2013-09-17,13.33,13.4,13.32,13.4,3000,12.69,3576.0,13.4686666667,13.42,13.824,15.0598,13.7243681981,13.42,13.1156318019,-0.144403601539,-0.172692750076,0.0282891485369,45.8427778998,41.8604651163,25.5633368569
297,2013-09-16,13.4,13.4,13.3,13.3,7500,12.6,3554.0,13.4876666667,13.4105,13.8508,15.0778,13.7283348628,13.4105,13.0926651372,-0.161016784251,-0.17976503721,0.0187482529596,41.6466693951,25.5555555556,20.0644696066
298,2013-09-13,13.25,13.35,13.11,13.35,4800,12.64,3468.0,13.5103333333,13.408,13.8796,15.0957333333,13.7300310544,13.408,13.0859689456,-0.16969736605,-0.18445210045,0.0147547344005,43.2007254906,21.895407564,19.5606331653
299,2013-09-12,13.23,13.24,13.15,13.15,6300,12.46,3408.0,13.5323333333,13.4105,13.9096,15.1128666667,13.7314657303,13.4105,13.0895342697,-0.183399528767,-0.18814078405,0.00474125528325,34.0617102316,12.9419191919,19.1829351204
300,2013-09-11,13.25,13.3,13.19,13.2,3600,12.5,3286.0,13.5606666667,13.4305,13.9436,15.1316666667,13.7333844664,13.4305,13.1276155336,-0.177857205126,-0.189326097871,0.0114688927451,35.3833430116,19.864996115,21.908993784
301,2013-09-10,13.33,13.33,13.33,13.33,0,12.58,3366.0,13.5823333333,13.4565,13.9746,15.1501333333,13.7649979741,13.4565,13.1480020259,-0.173287079968,-0.192193321058,0.0189062410896,39.0405444505,23.5402097902,24.9543781835
302,2013-09-09,13.4,13.46,13.33,13.33,5600,12.58,3382.0,13.6043333333,13.476,14.011,15.1672,13.7990108357,13.476,13.1529891643,-0.178169762694,-0.19691988133,0.0187501186362,39.0405444505,20.3846153846,28.1066001899
303,2013-09-06,13.36,13.4,13.32,13.38,3200,12.62,3388.0,13.6293333333,13.4935,14.0474,15.1845333333,13.8208698215,13.4935,13.1661301785,-0.181810281188,-0.201607410989,0.0197971298009,40.4262493584,23.8461538462,34.7708926876
304,2013-09-05,13.31,13.31,13.31,13.31,0,12.56,3498.0,13.6516666667,13.5065,14.0738,15.2016,13.8354544041,13.5065,13.1775455959,-0.188903302522,-0.206556693439,0.0176533909172,37.544411469,32.0465337132,42.6982431149
305,2013-09-04,13.54,13.54,13.3,13.31,3300,12.56,3526.0,13.6863333333,13.531,14.0952,15.2188666667,13.8705820961,13.531,13.1914179039,-0.188081619897,-0.210970041169,0.0228884212717,37.544411469,36.1490978158,49.7329059829
306,2013-09-03,13.43,13.48,13.4,13.42,2700,12.66,3544.0,13.7306666667,13.55,14.1216,15.2363333333,13.8803937045,13.55,13.2196062955,-0.18429712142,-0.216692146486,0.0323950250661,40.1778719952,47.0417853751,58.8669278253
307,2013-08-30,13.31,13.53,13.29,13.53,5400,12.76,3520.0,13.7673333333,13.5775,14.1476,15.2525333333,13.9490306178,13.5775,13.2059693822,-0.187986039781,-0.224790902753,0.0368048629722,42.9770700864,55.5555555556,65.8123897707
308,2013-08-29,13.44,13.45,13.2,13.31,7700,12.56,3470.0,13.804,13.6,14.1732,15.269,14.0098292327,13.6,13.1901707673,-0.201160098637,-0.233992118496,0.0328320198594,34.5025210095,60.1851851852,69.2873677249
309,2013-08-28,13.64,13.64,13.53,13.53,1600,12.76,3338.0,13.848,13.635,14.2028,15.289,14.059099045,13.635,13.210900955,-0.192649023232,-0.242200123461,0.0495511002284,40.0261751686,72.6851851852,70.0148809524
310,2013-08-27,13.59,13.6,13.59,13.59,800,12.82,3336.0,13.8836666667,13.6585,14.2278,15.3056666667,14.1080453259,13.6585,13.2089546741,-0.20138362847,-0.254587898518,0.0532042700484,41.7175437805,74.823633157,63.6739417989
311,2013-08-26,13.85,13.85,13.37,13.68,3000,12.91,3478.0,13.9173333333,13.6715,14.252,15.3225333333,14.127362918,13.6715,13.215637082,-0.215712035467,-0.26788896603,0.0521769305629,44.3264834068,69.4554673721,52.5685309004
312,2013-08-23,13.65,13.76,13.65,13.74,1700,12.96,3440.0,13.9493333333,13.687,14.277,15.3394,14.1635752826,13.687,13.2104247174,-0.240026299883,-0.280933198671,0.0409068987879,46.1116554222,63.0952380952,40.2238885544
313,2013-08-22,13.53,13.64,13.53,13.62,5500,12.85,3420.0,13.9796666667,13.704,14.3002,15.3546666667,14.2102568518,13.704,13.1977431482,-0.273677942102,-0.291159923368,0.0174819812654,41.7553519163,47.3214285714,26.1210892418
314,2013-08-21,13.45,13.45,13.43,13.43,800,12.67,3478.0,14.014,13.7255,14.3256,15.3712,14.251787944,13.7255,13.199212056,-0.30043072265,-0.295530418684,-0.00490030396605,33.8990398394,30.4019895629,16.0857502467
315,2013-08-20,13.21,13.56,13.21,13.49,10700,12.73,3532.0,14.0546666667,13.7715,14.3618,15.3894666667,14.3451296715,13.7715,13.1978703285,-0.310861642947,-0.294305342693,-0.0165563002545,35.2950529765,20.0768979879,11.5835434543
316,2013-08-19,13.16,13.28,13.04,13.21,10500,12.46,3358.0,14.0933333333,13.829,14.3986,15.4061333333,14.5004432217,13.829,13.1575567783,-0.32576275732,-0.290166267629,-0.0355964896907,21.2401013969,6.684040845,10.268022661
317,2013-08-16,13.3,13.31,13.24,13.25,2300,12.5,3194.0,14.1443333333,13.8945,14.4426,15.4257333333,14.5672101902,13.8945,13.2217898098,-0.311534539558,-0.281267145206,-0.0302673943516,21.8702797527,7.18007259103,12.7636791164
318,2013-08-15,13.54,13.54,13.36,13.4,5200,12.64,3190.0,14.194,13.9635,14.4854,15.4462,14.6407082398,13.9635,13.2862917602,-0.292915475585,-0.273700296618,-0.0192151789662,24.3900838307,12.3931623932,15.2496033034
319,2013-08-14,13.77,13.82,13.55,13.55,5700,12.78,3146.0,14.2423333333,14.025,14.5244,15.4650666667,14.7097043157,14.025,13.3402956843,-0.280162917923,-0.268896501877,-0.0112664160462,27.3121017466,14.8148148148,15.383040064
320,2013-08-13,13.72,13.72,13.72,13.72,0,12.94,3284.0,14.2856666667,14.0775,14.56,15.4844,14.7694501427,14.0775,13.3855498573,-0.275083647338,-0.266079897865,-0.00900374947257,31.252367177,16.6666666667,15.5476377933
321,2013-08-12,13.64,13.88,13.62,13.72,1700,12.89,3304.0,14.32,14.1215,14.59,15.5022666667,14.828671125,14.1215,13.414328875,-0.281908525284,-0.263828960497,-0.0180795647871,31.252367177,17.123769339,16.2067641421
322,2013-08-09,13.61,13.77,13.61,13.68,12900,12.86,3330.0,14.3676666667,14.1675,14.6242,15.5189333333,14.8838483789,14.1675,13.4511516211,-0.286519063677,-0.2593090693,-0.0272099943767,29.1795020953,12.9269094356,16.8819729931
323,2013-08-08,13.61,13.8,13.6,13.64,2600,12.82,3160.0,14.4166666667,14.216,14.6626,15.5352,14.9250669926,14.216,13.5069330074,-0.284163509936,-0.252506570706,-0.0316569392298,27.1395476615,15.4732057319,19.8292229069
324,2013-08-07,13.61,13.84,13.61,13.8,4800,12.97,3158.0,14.452,14.2665,14.7032,15.5524666667,14.9475954412,14.2665,13.5854045588,-0.272950952107,-0.244592335899,-0.0283586162086,30.3910368652,19.3031720618,21.0745578376
325,2013-08-06,13.77,13.77,13.64,13.69,7700,12.87,3178.0,14.4713333333,14.309,14.742,15.5678666667,14.9742488256,14.309,13.6437511744,-0.270960364448,-0.237502681847,-0.0334576826016,24.6261839102,19.8246047431,21.433423913
326,2013-08-05,13.74,13.97,13.74,13.97,1900,13.13,3028.0,14.5026666667,14.357,14.7838,15.5816,14.9734121997,14.357,13.7405878003,-0.25327840908,-0.229138261196,-0.0241401478841,30.6200944752,24.7159090909,21.7267786561
327,2013-08-02,14.14,14.14,13.98,13.98,700,13.14,3044.0,14.5276666667,14.3955,14.8188,15.5929333333,15.0065801911,14.3955,13.7844198089,-0.255534845551,-0.223103224225,-0.0324316213262,30.8692650275,20.4545454545,19.9468326287
328,2013-08-01,13.9,14.04,13.9,14.01,1100,13.17,3072.0,14.5553333333,14.4335,14.8546,15.6038,15.0308700696,14.4335,13.8361299304,-0.255716190348,-0.214995318894,-0.0407208714546,31.585262097,20.7386363636,18.7350684195
329,2013-07-31,13.82,14.0,13.79,14.0,1800,13.16,3052.0,14.5813333333,14.4755,14.8892,15.6157333333,15.0659396667,14.4755,13.8850603333,-0.255282689484,-0.20481510103,-0.050467588454,31.0905439525,20.9980237154,18.6393756388
330,2013-07-30,14.0,14.0,13.83,13.85,2000,13.02,3024.0,14.6073333333,14.518,14.9234,15.6288666667,15.0874067088,14.518,13.9485932912,-0.24999800017,-0.192198203916,-0.0577997962536,23.3726549998,17.5961249812,16.780466455
331,2013-07-29,13.78,13.99,13.78,13.99,16800,13.15,3074.0,14.639,14.563,14.9608,15.6427333333,15.0504874357,14.563,14.0755125643,-0.22434375308,-0.177748254853,-0.0465954982266,25.8852606976,15.6074886176,17.5153637811
332,2013-07-26,13.97,14.12,13.83,14.08,5400,13.23,2762.0,14.6703333333,14.621,14.999,15.6566,15.0979025058,14.621,14.1440974942,-0.202590968567,-0.166099380296,-0.0364915882704,27.6602781398,20.355865241,21.202777341
333,2013-07-25,14.4,14.4,13.96,14.05,3500,13.2,2672.0,14.6976666667,14.6745,15.0306,15.6698666667,15.1364729429,14.6745,14.2125270571,-0.181043364064,-0.156976483229,-0.0240668808352,26.0915848705,13.5623869801,22.5396768316
334,2013-07-24,14.56,14.56,14.35,14.35,2400,13.49,2648.0,14.7256666667,14.707,15.066,15.6828666667,15.069386534,14.707,14.344613466,-0.147852881749,-0.15095976302,0.00310688127138,32.6700829517,20.5357142857,27.0900974026
335,2013-07-23,14.6,14.66,14.56,14.64,3500,13.76,2874.0,14.7553333333,14.7085,15.0962,15.6928666667,15.0651665109,14.7085,14.3518334891,-0.133884624222,-0.151736483338,0.0178518591155,42.2267373026,30.3571428571,27.9225982351
336,2013-07-22,14.56,14.56,14.52,14.52,700,13.65,2824.0,14.7783333333,14.708,15.125,15.702,15.0650770225,14.708,14.3509229775,-0.143635908264,-0.156199448117,0.0125635398528,34.9109297194,25.7034632035,24.4213078588
337,2013-07-19,14.63,14.63,14.63,14.63,0,13.75,2878.0,14.808,14.718,15.1554,15.7128,15.0645025252,14.718,14.3714974748,-0.141774661229,-0.15934033308,0.0175656718506,39.1284238806,31.7640692641,21.1452089577
338,2013-07-18,14.63,14.63,14.63,14.63,300,13.75,2920.0,14.8333333333,14.727,15.182,15.7211333333,15.0732426895,14.727,14.3807573105,-0.148536856306,-0.163731751043,0.015194894737,39.1284238806,23.8657176157,16.4210855073
339,2013-07-17,14.6,14.6,14.6,14.6,200,13.72,3114.0,14.8573333333,14.735,15.2066,15.7320666667,15.0792963839,14.735,14.3907036161,-0.155007340111,-0.167530474727,0.0125231346157,37.3485745709,16.351981352,15.2022749911
340,2013-07-16,14.6,14.6,14.52,14.6,2400,13.72,3202.0,14.8816666667,14.744,15.2296,15.7425333333,15.0830811112,14.744,14.4049188888,-0.157956832676,-0.170661258381,0.0127044257048,37.3485745709,12.5990675991,17.9430214409
341,2013-07-15,14.65,14.75,14.64,14.64,2000,13.76,3296.0,14.9023333333,14.754,15.2546,15.7532666667,15.0872506564,14.754,14.4207493436,-0.159423903801,-0.173837364807,0.0144134610055,38.6477328953,12.8675754625,23.7031192291
342,2013-07-12,14.65,14.65,14.65,14.65,0,13.77,3320.0,14.9286666667,14.7685,15.2762,15.7638,15.1058588594,14.7685,14.4311411406,-0.163050254165,-0.177440730058,0.0143904758937,38.962354519,18.9904755509,31.2620874324
343,2013-07-11,14.7,14.75,14.65,14.65,500,13.77,3726.0,14.9603333333,14.781,15.297,15.7747333333,15.1183959099,14.781,14.4436040901,-0.166325337658,-0.181038349032,0.0147130113732,38.962354519,27.3149671513,38.7271122229
344,2013-07-10,14.8,14.8,14.65,14.65,1900,13.72,3828.0,14.9943333333,14.793,15.3212,15.785,15.1279686552,14.793,14.4580313448,-0.168086257497,-0.184716601875,0.0166303443776,38.962354519,35.6394587516,44.1828531937
345,2013-07-09,14.66,14.66,14.59,14.65,1100,13.72,3828.0,15.0306666667,14.8225,15.3458,15.7952666667,15.2027564924,14.8225,14.4422435076,-0.167888940528,-0.188874187969,0.0209852474412,38.962354519,43.1034482759,50.7729192633
346,2013-07-08,14.73,14.74,14.73,14.74,1900,13.8,3854.0,15.0683333333,14.8565,15.3718,15.8050666667,15.287233096,14.8565,14.425766904,-0.165195071371,-0.19412049983,0.0289254284589,41.2069538673,48.8505747126,57.9222060656
347,2013-07-05,14.8,14.8,14.68,14.74,3200,13.8,3862.0,15.101,14.89,15.3976,15.8142666667,15.37948953,14.89,14.40051047,-0.168517513699,-0.201351856944,0.0328343432454,41.2069538673,49.1379310345,63.869471111
348,2013-07-03,14.85,14.85,14.85,14.85,1800,13.9,3800.0,15.1353333333,14.9225,15.4208,15.8235333333,15.4524764146,14.9225,14.3925235854,-0.170306994435,-0.209560442756,0.0392534483207,43.8704138697,61.9997230301,67.0972488606
349,2013-07-02,14.85,14.85,14.85,14.85,200,13.9,3884.0,15.165,14.9475,15.4416,15.8316,15.5077454819,14.9475,14.3872545181,-0.181313829928,-0.219373804836,0.0380599749078,43.8704138697,71.7005954854,61.5039417783
350,2013-07-01,15.2,15.24,14.75,14.75,7600,13.81,3912.0,15.1936666667,14.9715,15.4652,15.84,15.5536778079,14.9715,14.3893221921,-0.192725262431,-0.228888798563,0.0361635361315,40.8747970497,72.6396348943,47.6963820656
351,2013-06-28,15.15,15.15,15.15,15.15,800,14.19,3886.0,15.226,14.995,15.4924,15.8503333333,15.5774602991,14.995,14.4125397009,-0.194305305191,-0.237929682596,0.0436243774048,50.9807115938,62.0490420328,30.7415747317
352,2013-06-27,14.7,15.2,14.7,15.15,5900,14.19,3964.0,15.251,15.009,15.5062,15.858,15.6185211235,15.009,14.3994788765,-0.234223028056,-0.248835776947,0.0146127488911,50.9807115938,39.6264947006,16.5307501996
353,2013-06-26,14.5,14.79,14.45,14.7,8700,13.76,3852.0,15.268,15.0315,15.5196,15.8652,15.6913264923,15.0315,14.3716735077,-0.281765677559,-0.25248896417,-0.0292767133892,35.5153764102,16.4703566348,7.74699107195
354,2013-06-25,14.58,14.58,14.37,14.38,1400,13.46,3678.0,15.3053333333,15.08,15.5412,15.8746,15.7767926521,15.08,14.3832073479,-0.292530794888,-0.245169785822,-0.0473610090651,18.5464121745,4.82040555851,4.84637842988
355,2013-06-24,14.72,14.72,14.6,14.63,4200,13.7,3748.0,15.3546666667,15.148,15.5692,15.8859333333,15.823384335,15.148,14.472615665,-0.269434187625,-0.233329533556,-0.0361046540688,22.9222567115,5.20574390437,5.35582155371
356,2013-06-21,14.85,14.85,14.71,14.72,1500,13.78,3766.0,15.403,15.2055,15.5954,15.895,15.8904372234,15.2055,14.5205627766,-0.261490020717,-0.224303370039,-0.0371866506781,24.8849702598,4.49145819009,6.47176891891
357,2013-06-20,14.72,14.81,14.72,14.81,2900,13.87,3784.0,15.447,15.2555,15.6182,15.9032666667,15.937364356,15.2555,14.573635644,-0.256710520108,-0.215006707369,-0.0417038127383,27.0344448784,4.86790606654,8.40374618445
358,2013-06-19,14.78,14.86,14.78,14.79,1100,13.85,3824.0,15.4853333333,15.3035,15.6412,15.9117333333,15.9883145734,15.3035,14.6186854266,-0.256039804492,-0.204580754185,-0.0514590503074,25.7103276355,6.85817805383,10.4598654491
359,2013-06-18,14.77,14.78,14.77,14.78,1500,13.84,3950.0,15.521,15.351,15.6678,15.9206,16.0183200132,15.351,14.6836799868,-0.249423148496,-0.191715991608,-0.0577071568877,25.079084092,9.66953336519,11.9110150607
360,2013-06-17,14.86,14.86,14.78,14.8,7900,13.86,4252.0,15.5533333333,15.3975,15.7006,15.9294666667,16.0277658169,15.3975,14.7672341831,-0.2363317345,-0.177289202386,-0.0590425321143,25.4811834812,12.2193672522,13.652915588
361,2013-06-14,14.85,14.93,14.85,14.93,1100,13.98,4112.0,15.5883333333,15.4435,15.7298,15.9379333333,16.02502472,15.4435,14.86197528,-0.218221140863,-0.162528569358,-0.055692571505,28.2112466295,13.0923831252,15.7270420289
362,2013-06-13,14.89,14.9,14.89,14.9,700,13.95,4164.0,15.6146666667,15.492,15.7572,15.9455333333,16.0556523751,15.492,14.9283476249,-0.205167675661,-0.148605426481,-0.0565622491801,26.5243448998,12.6627765,18.525374819
363,2013-06-12,15.09,15.13,14.79,14.89,8400,13.94,4154.0,15.641,15.53,15.7842,15.953,16.0274736174,15.53,15.0325263826,-0.182467904795,-0.134464864186,-0.0480030406088,25.9860240906,16.6371354743,21.4311092654
364,2013-06-11,15.3,15.3,15.2,15.24,3500,14.22,4304.0,15.6733333333,15.5765,15.811,15.9608,15.9933105085,15.5765,15.1596894915,-0.149822482274,-0.122464104034,-0.02735837824,34.1074015662,20.5158730159,21.6468253968
365,2013-06-10,15.45,15.45,15.33,15.33,2000,14.3,4506.0,15.6946666667,15.6075,15.831,15.9658666667,16.0116225062,15.6075,15.2033774938,-0.141612179605,-0.115624509474,-0.025987670131,36.8578919724,24.2857142857,19.4464285714
366,2013-06-07,15.45,15.45,15.4,15.41,2300,14.38,4568.0,15.7153333333,15.645,15.846,15.9702,16.077365586,15.645,15.212634414,-0.138236670677,-0.109127591941,-0.0291090787356,39.4861570384,24.2857142857,17.3392857143
367,2013-06-06,15.4,15.47,15.39,15.39,2100,14.36,4640.0,15.736,15.6765,15.8562,15.9742666667,16.1272005658,15.6765,15.2257994342,-0.140063033163,-0.101850322257,-0.0382127109051,38.4675702005,17.5,14.9642857143
368,2013-06-05,15.35,15.35,15.25,15.35,3000,14.32,4652.0,15.753,15.705,15.864,15.9787333333,16.1516990038,15.705,15.2583009962,-0.138320491707,-0.0922971445312,-0.046023347176,36.4819990229,11.7142857143,16.1071428571
369,2013-06-04,15.32,15.48,15.32,15.33,12600,14.3,4688.0,15.771,15.7305,15.871,15.9832666667,16.1506654436,15.7305,15.3103345564,-0.130011713461,-0.0807913077372,-0.049220405724,35.5159051581,15.8571428571,20.2321428571
370,2013-06-03,15.4,15.4,15.2,15.22,1000,14.2,4730.0,15.7943333333,15.7515,15.8776,15.9880666667,16.1293504995,15.7515,15.3736495005,-0.11547924794,-0.0684862063062,-0.0469930416342,30.0850182767,14.7857142857,21.7797619048
371,2013-05-31,15.57,15.57,15.43,15.43,3000,14.4,4898.0,15.824,15.783,15.886,15.9933333333,16.0732481697,15.783,15.4927518303,-0.0840508392512,-0.0567379458976,-0.0273128933536,35.365018842,22.0714285714,24.2301587302
372,2013-05-30,15.63,15.65,15.41,15.6,4400,14.56,4924.0,15.8376666667,15.7975,15.8974,15.9971333333,16.0409645765,15.7975,15.5540354235,-0.0640960217714,-0.0499097225592,-0.0141862992122,40.7396109481,28.2142857143,23.9702380952
373,2013-05-29,15.83,15.83,15.63,15.67,2500,14.62,4998.0,15.845,15.802,15.9046,15.9994666667,16.033741235,15.802,15.570258765,-0.0550032035079,-0.0463631477562,-0.00864005575176,43.2529543334,22.0476190476,21.0833333333
374,2013-05-28,15.9,15.9,15.74,15.74,5800,14.69,5258.0,15.8486666667,15.8115,15.9112,16.0016666667,16.0362910141,15.8115,15.5867089859,-0.0497246870551,-0.0442031338182,-0.00552155323687,45.8813224776,24.5873015873,19.7380952381
375,2013-05-24,15.79,15.79,15.78,15.78,200,14.72,5438.0,15.85,15.8185,15.9104,16.0034,16.0426673482,15.8185,15.5943326518,-0.0493913851527,-0.042822745509,-0.00656863964367,47.4100064075,21.0317460317,19.5634920635
376,2013-05-23,15.79,15.82,15.68,15.72,2700,14.67,5542.0,15.8553333333,15.827,15.9106,16.0047333333,16.0574864421,15.827,15.5965135579,-0.0523202778496,-0.0411805855981,-0.0111396922515,44.8506624958,16.6666666667,19.1666666667
377,2013-05-22,15.75,15.78,15.73,15.77,2100,14.71,5518.0,15.86,15.8425,15.9126,16.0064666667,16.0835705291,15.8425,15.6014294709,-0.0491884968503,-0.0383956625352,-0.0107928343151,46.6057513768,16.6666666667,21.640625
378,2013-05-21,15.74,15.74,15.74,15.74,100,14.69,5522.0,15.8663333333,15.849,15.914,16.0075333333,16.0889083158,15.849,15.6090916842,-0.0495666455116,-0.0356974539564,-0.0138691915552,45.4157032117,23.8888888889,26.2760416667
379,2013-05-20,15.71,15.71,15.71,15.71,400,14.66,5644.0,15.879,15.8565,15.9154,16.0085333333,16.0916403836,15.8565,15.6213596164,-0.0462737858683,-0.0322301560676,-0.0140436298006,44.2621555437,19.4444444444,31.6319444444
380,2013-05-17,15.89,15.91,15.72,15.72,4500,14.67,5840.0,15.9026666667,15.8725,15.9178,16.0104,16.1091326267,15.8725,15.6358673733,-0.0383432808563,-0.0287192486175,-0.00962403223881,44.5535924957,26.5625,43.1234681373
381,2013-05-16,15.74,15.9,15.74,15.9,1200,14.84,5756.0,15.9206666667,15.892,15.9238,16.0113333333,16.1391922329,15.892,15.6448077671,-0.0286815340104,-0.0263132405578,-0.00236829345261,50.0631689559,35.2083333333,54.4056372549
382,2013-05-15,15.74,15.74,15.66,15.66,900,14.61,5746.0,15.934,15.889,15.9286,16.0119333333,16.1371854146,15.889,15.6408145854,-0.0342597184506,-0.0257211671946,-0.00853855125592,41.0353887018,45.3125,63.3501838235
383,2013-05-14,15.83,15.86,15.78,15.82,2300,14.76,5728.0,15.9536666667,15.897,15.9358,16.0142,16.1246049209,15.897,15.6693950791,-0.0164448234131,-0.0235865293807,0.00714170596758,46.2065435221,65.4105392157,65.3799019608
384,2013-05-13,16.07,16.08,15.8,15.86,13700,14.8,5756.0,15.9673333333,15.895,15.9398,16.0155333333,16.125954541,15.895,15.664045459,-0.00975825086105,-0.0253719558726,0.0156137050115,47.5990016944,71.6911764706,60.0566789216
385,2013-05-10,16.07,16.11,16.03,16.08,1000,14.95,5582.0,15.98,15.891,15.9446,16.0166,16.1269576233,15.891,15.6550423767,-0.00515454188212,-0.0292753821254,0.0241208402433,56.2573712193,70.9865196078,50.222120098
386,2013-05-09,15.92,16.04,15.92,16.04,3400,14.92,5786.0,15.98,15.884,15.945,16.0157333333,16.1049434317,15.884,15.6630565683,-0.0216035599944,-0.0353055921863,0.0137020321919,54.8714377023,53.431372549,38.4803921569
387,2013-05-08,15.9,15.97,15.9,15.96,2100,14.84,5750.0,15.976,15.875,15.9504,16.0153333333,16.0841411007,15.875,15.6658588993,-0.0382115276941,-0.0387311002342,0.000519572540153,52.0499932558,44.1176470588,30.7598039216
388,2013-05-07,15.83,15.87,15.69,15.86,10000,14.75,5720.0,15.97,15.875,15.9526,16.0158,16.0841411007,15.875,15.6658588993,-0.0507080751552,-0.0388609933693,-0.011847081786,48.2980872885,32.3529411765,24.4076797386
389,2013-05-06,15.9,15.9,15.75,15.75,4600,14.65,5616.0,15.9646666667,15.888,15.9532,16.0167333333,16.1225719506,15.888,15.6534280494,-0.0557388237307,-0.0358992229228,-0.0198396008079,43.806977555,24.0196078431,22.8451797386
390,2013-05-03,15.75,15.87,15.75,15.85,7100,14.74,5578.0,15.9616666667,15.9215,15.9582,16.019,16.242951396,15.9215,15.600048604,-0.0501491417491,-0.0309393227208,-0.0192098190283,47.2734433992,22.5490196078,27.3655674391
391,2013-05-02,15.75,15.79,15.72,15.72,3200,14.62,5550.0,15.9546666667,15.942,15.962,16.0194666667,16.2934882644,15.942,15.5905117356,-0.052467051049,-0.0261368679637,-0.0263301830853,41.7050028197,18.7091503268,33.4233882947
392,2013-05-01,15.87,15.9,15.63,15.69,20300,14.59,5760.0,15.964,15.971,15.9712,16.0209333333,16.3397221176,15.971,15.6022778824,-0.0414260254492,-0.0195543221924,-0.0218717032568,40.3552010989,26.1029411765,43.0383986928
393,2013-04-30,15.93,16.04,15.86,15.86,5600,14.75,5642.0,15.973,15.999,15.975,16.0233333333,16.3631373367,15.999,15.6348626633,-0.0236765560408,-0.0140863963782,-0.00959015966256,45.9541486599,42.1011586453,51.9377309054
394,2013-04-29,15.92,15.96,15.88,15.88,1900,14.77,5574.0,15.9776666667,16.0175,15.9782,16.0235333333,16.3890306178,16.0175,15.6459693822,-0.0179864833625,-0.0116888564625,-0.00629762689993,46.6613789354,46.7803030303,56.5074221708
395,2013-04-26,16.14,16.14,15.94,15.95,2400,14.83,5620.0,15.9716666667,16.0355,15.9796,16.0236666667,16.4134669298,16.0355,15.6575330702,-0.0124986235678,-0.0101144497376,-0.00238417383027,49.1181309015,57.1691919192,60.4322191148
396,2013-04-25,15.85,16.03,15.85,16.03,2300,14.91,5624.0,15.9663333333,16.042,15.9836,16.0222,16.4183296427,16.042,15.6656703573,-0.0124395934508,-0.00951840628,-0.00292118717079,52.0249831323,61.700270027,60.1050319318
397,2013-04-24,15.9,15.9,15.9,15.9,100,14.79,5684.0,15.9593333333,16.0365,15.985,16.0202666667,16.4165670993,16.0365,15.6564329007,-0.0203287645603,-0.0087881094873,-0.011540655073,47.3207434381,60.3799237067,57.0013929964
398,2013-04-23,16.06,16.06,15.82,15.89,6000,14.78,5834.0,15.9573333333,16.0305,15.9868,16.0202,16.4225956516,16.0305,15.6384043484,-0.0168661609283,-0.00590294571906,-0.0109632152092,46.9491753485,62.4794908062,52.2635549269
399,2013-04-22,16.03,16.04,15.99,16.03,1600,14.91,5778.0,15.9546666667,16.021,15.9874,16.0204666667,16.4348550471,16.021,15.6071449529,-0.0111831117699,-0.00316214191676,-0.00802096985312,51.6887354152,55.8604431872,47.5960631777
400,2013-04-19,15.84,16.11,15.83,16.11,6300,14.98,5746.0,15.948,16.0025,15.9862,16.0195333333,16.4451680472,16.0025,15.5598319528,-0.0180213564911,-0.00115689945347,-0.0168644570376,54.6141862111,49.2857142857,44.8214285714
401,2013-04-18,15.82,15.85,15.8,15.84,4700,14.73,5826.0,15.945,15.979,15.9834,16.0185333333,16.4456004715,15.979,15.5123995285,-0.0346327691135,0.00305921480593,-0.0376919839195,44.8282400363,41.4285714286,44.7619047619
402,2013-04-17,15.82,15.82,15.82,15.82,300,14.71,5752.0,15.955,15.987,15.9844,16.0191333333,16.4492596673,15.987,15.5247403327,-0.0278403136736,0.0124822107858,-0.0403225244594,43.9976814904,43.8095238095,47.718837535
403,2013-04-16,15.78,15.78,15.78,15.78,0,14.68,5806.0,15.9616666667,15.994,15.9866,16.0197333333,16.45013156,15.994,15.53786844,-0.0167293568951,0.0225628419006,-0.0392921987957,42.3869635713,44.7619047619,52.93767507
404,2013-04-15,15.9,15.94,15.78,15.78,4900,14.68,5844.0,15.9696666667,16.005,15.9898,16.0202,16.4504435991,16.005,15.5595564009,0.00176832767527,0.0323858915996,-0.0306175639243,42.3869635713,49.0476190476,60.5760750246
405,2013-04-12,15.91,15.95,15.91,15.94,5100,14.82,5792.0,15.9803333333,16.001,15.9922,16.0203333333,16.4557922603,16.001,15.5462077397,0.025352378488,0.0400402825807,-0.0146879040927,47.0547094437,53.256302521,69.5762635971
406,2013-04-11,15.83,15.91,15.83,15.86,2400,14.75,5704.0,15.9856666667,15.9935,15.992,16.0188666667,16.4569339219,15.9935,15.5300660781,0.0387945323836,0.0437122586038,-0.00491772622018,44.2018524723,64.6848739496,79.5956586326
407,2013-04-10,16.12,16.12,15.37,15.96,4900,14.79,5696.0,16.0006666667,15.9915,15.9918,16.0177333333,16.4575590091,15.9915,15.5254409909,0.0635327792485,0.0449416901589,0.0185910890897,47.1508000953,75.3155045802,85.9194961768
408,2013-04-09,16.37,16.38,16.11,16.12,7400,14.94,5808.0,16.0043333333,15.9855,15.9926,16.0158666667,16.4560943051,15.9855,15.5149056949,0.0840018466397,0.0402939178865,0.0437079287533,52.33861024,85.0483733375,90.2613517391
409,2013-04-08,16.3,16.42,16.0,16.42,16600,15.22,5686.0,15.9966666667,15.97,15.9964,16.013,16.4422711086,15.97,15.4977288914,0.0926150657952,0.0293669356981,0.0632481300971,64.7404921849,93.3338826632,91.1544456256
410,2013-04-05,16.34,16.34,16.26,16.26,900,15.07,5364.0,15.9826666667,15.9405,15.9886,16.0075333333,16.368260447,15.9405,15.512739553,0.0717160827421,0.0135549031739,0.0581611795682,60.0527179599,89.9802241266,87.9332645511
411,2013-04-04,16.24,16.33,16.23,16.3,3700,15.11,5436.0,15.9753333333,15.9285,15.9858,16.0028,16.3325433145,15.9285,15.5244566855,0.0602891468053,-0.000985391718183,0.0612745385235,61.965182991,92.6829268293,82.4276451391
412,2013-04-03,16.25,16.25,16.25,16.25,200,15.06,5468.0,15.9713333333,15.9205,15.984,15.9974666667,16.3004197284,15.9205,15.5405802716,0.0407545609833,-0.0163040263491,0.0570585873324,60.5052757928,88.6207488835,71.5808570938
413,2013-04-02,16.34,16.34,16.15,16.23,15900,15.04,5518.0,15.959,15.909,15.9796,15.9924,16.2612442334,15.909,15.5567557666,0.0203194414654,-0.0305686731821,0.0508881146475,59.9340675296,80.4491583648,58.0524304363
414,2013-04-01,16.17,16.24,15.98,16.24,13600,15.05,5222.0,15.952,15.8985,15.977,15.9879333333,16.2232937807,15.8985,15.5737062193,-0.00402239386792,-0.043290701844,0.0392683079761,60.3392405854,67.9577464789,44.1021126761
415,2013-03-28,16.0,16.08,16.0,16.08,5100,14.9,5112.0,15.9423333333,15.8915,15.9756,15.984,16.1916516283,15.8915,15.5913483717,-0.0360511016007,-0.0531077788381,0.0170566772373,55.9109870347,49.2957746479,34.799474815
416,2013-03-27,15.83,15.93,15.83,15.92,5900,14.76,5188.0,15.9446666667,15.8925,15.9738,15.9816666667,16.1952787971,15.8925,15.5897212029,-0.06011609072,-0.0573719481474,-0.00274414257263,50.8111874535,34.5070422535,31.9676533779
417,2013-03-26,15.74,15.78,15.74,15.78,2700,14.63,5202.0,15.9506666667,15.912,15.9784,15.9804,16.2653610052,15.912,15.5586389948,-0.0736664427855,-0.0566859125042,-0.0169805302812,45.7087726473,24.6478873239,36.1006206732
418,2013-03-25,15.6,15.7,15.6,15.7,4800,14.55,5190.0,15.9576666667,15.9265,15.9892,15.9800666667,16.2808035422,15.9265,15.5721964578,-0.0756355620721,-0.0524407799339,-0.0231947821382,42.5464701751,30.7471950346,41.9137778031
419,2013-03-22,15.74,15.9,15.66,15.66,14700,14.52,5208.0,15.965,15.936,15.9998,15.9799333333,16.2753758978,15.936,15.5966241022,-0.0689032661497,-0.0466420843994,-0.0222611817503,40.9495535049,37.9684888995,43.0135486834
420,2013-03-21,15.99,15.99,15.52,15.64,9400,14.5,5054.0,15.9753333333,15.953,16.0156,15.9798,16.2686010139,15.953,15.6373989861,-0.0552354518465,-0.0410767889618,-0.0141586628847,40.1775575944,51.0389114347,39.5258044779
421,2013-03-20,15.88,16.05,15.88,16.0,4300,14.83,4950.0,15.9863333333,15.973,16.0308,15.9805333333,16.2557083303,15.973,15.6902916697,-0.0349505622908,-0.0375371232406,0.00258656094979,51.4117554635,47.9005158438,29.0517046385
422,2013-03-19,16.0,16.23,15.96,15.96,8100,14.79,4948.0,15.9826666667,15.982,16.0352,15.9794,16.2786883887,15.982,15.6853116113,-0.0452058405338,-0.0381837634781,-0.00702207705568,49.9683916669,35.1462785556,19.6112978998
423,2013-03-18,15.68,16.0,15.64,16.0,15500,14.83,4890.0,15.9816666667,15.978,16.0384,15.9780666667,16.2779066521,15.978,15.6780933479,-0.0535650379924,-0.0364282442142,-0.0171367937782,51.38582704,24.0175120773,13.4288949275
424,2013-03-15,15.74,15.98,15.68,15.7,14800,14.55,4620.0,15.9796666667,15.979,16.043,15.9775333333,16.279326489,15.979,15.678673511,-0.0675280131052,-0.0321440457696,-0.0353839673356,39.4175611754,9.14251207729,10.9040955334
425,2013-03-14,15.74,15.83,15.74,15.79,5400,14.64,4378.0,15.9863333333,15.9915,16.0512,15.9790666667,16.2638435331,15.9915,15.7191564669,-0.053822166604,-0.0232980539357,-0.0305241126683,42.3199101815,10.1388888889,14.0710334275
426,2013-03-13,15.86,15.86,15.82,15.82,1500,14.66,4366.0,15.991,16.0095,16.0504,15.9802,16.2736571502,16.0095,15.7453428498,-0.04470929101,-0.0156670257686,-0.0290422652414,43.3068962116,10.4166666667,19.2024187853
427,2013-03-12,15.8,15.88,15.8,15.84,2300,14.63,4386.0,15.992,16.0235,16.0474,15.9813333333,16.2753948193,16.0235,15.7716051807,-0.0354821764736,-0.00840645945828,-0.0270757170153,43.9412962347,13.9183145009,26.3042902542
428,2013-03-11,15.79,15.82,15.79,15.81,6200,14.61,4484.0,15.9973333333,16.031,16.0428,15.9818666667,16.2691512125,16.031,15.7928487875,-0.025225282262,-0.00163753020446,-0.0235877520575,42.7736569434,21.8102636535,34.4070739171
429,2013-03-08,15.98,15.98,15.75,15.83,10200,14.62,4418.0,16.014,16.0365,16.0426,15.9822666667,16.2585157652,16.0365,15.8144842348,-0.00871229681723,0.00425940780993,-0.0129717046272,43.3323873719,30.6644303202,41.1420080038
430,2013-03-07,16.1,16.1,16.02,16.02,300,14.8,4216.0,16.0206666667,16.0435,16.0454,15.9821333333,16.2470951866,16.0435,15.8399048134,0.0104546380133,0.00750233396672,0.00295230404655,48.9758675119,38.8241525424,49.1790254237
431,2013-03-06,16.1,16.14,16.1,16.14,700,14.91,4250.0,16.024,16.041,16.0436,15.9805333333,16.2469028897,16.041,15.8350971103,0.015421094644,0.00676425795508,0.00865683668892,53.0259695403,46.3294491525,56.5400979439
432,2013-03-05,16.02,16.02,16.02,16.02,0,14.8,4236.0,16.0263333333,16.0285,16.0422,15.9781333333,16.2391442499,16.0285,15.8178557501,0.00931761063967,0.00460004878285,0.00471756185682,49.1188562096,48.75,60.9195696721
433,2013-03-04,16.14,16.14,16.02,16.02,3700,14.8,4292.0,16.0266666667,16.024,16.0432,15.9760666667,16.2389790687,16.024,15.8090209313,0.0136099985376,0.00342065831864,0.0101893402189,49.1188562096,62.8125,64.7156762295
434,2013-03-01,16.24,16.24,15.96,16.1,5000,14.87,4320.0,16.0293333333,16.02,16.0428,15.9749333333,16.2380825532,16.02,15.8019174468,0.0188906827485,0.000873323263909,0.0180173594846,51.5852540505,68.268442623,62.5371413934
435,2013-02-28,16.44,16.47,15.98,16.1,11200,14.87,4326.0,16.0316666667,16.01,16.0378,15.9732666667,16.230816666,16.01,15.789183334,0.0172105279378,-0.00363101660725,0.0208415445451,51.5852540505,63.8473360656,60.6917147914
436,2013-02-27,16.19,16.31,16.19,16.31,1600,15.07,4132.0,16.028,16.0015,16.036,15.9716,16.2208877845,16.0015,15.7821122155,0.0148157044821,-0.00884140274351,0.0236571072256,58.1997361091,63.9344262295,59.0132559416
437,2013-02-26,15.95,16.07,15.95,16.07,600,14.85,4248.0,16.0226666667,15.9785,16.0326,15.9681333333,16.1561823007,15.9785,15.8008176993,-0.00983828043016,-0.0147556795499,0.00491739911976,51.6158791485,54.0983606557,57.1515739797
438,2013-02-25,15.9,16.01,15.88,15.89,4800,14.68,4264.0,16.031,15.975,16.0288,15.9666666667,16.148031789,15.975,15.801968211,-0.0167262643665,-0.0159850293299,-0.000741235036621,45.654580357,60.8867362146,55.8518641985
439,2013-02-22,16.1,16.1,15.98,16.0,2700,14.78,4272.0,16.0423333333,15.996,16.0364,15.9662,16.2177566233,15.996,15.7742433767,-0.00694727274532,-0.0157997205707,0.00885244782538,49.0864871607,57.1335006667,52.7887726488
440,2013-02-21,16.28,16.28,16.02,16.04,5700,14.82,4294.0,16.0573333333,15.9975,16.0398,15.9645333333,16.2197498594,15.9975,15.7752501406,-0.00556467219984,-0.018012832527,0.0124481603272,50.3648716261,56.4876983816,54.2093116236
441,2013-02-20,15.85,16.22,15.67,16.18,13700,14.95,4320.0,16.0693333333,16.0015,16.0432,15.9624666667,16.2294714894,16.0015,15.7735285106,-0.00779175772616,-0.0211248726088,0.0133331148827,55.0220123646,48.8995215311,55.9252627365
442,2013-02-19,16.04,16.04,15.8,15.88,14400,14.67,4094.0,16.0706666667,16.003,16.044,15.9598666667,16.2359892701,16.003,15.7700107299,-0.0247755395037,-0.0244581513295,-0.000317388174221,44.8804223995,48.6343700159,59.5575839742
443,2013-02-15,16.1,16.1,16.02,16.02,2200,14.8,3824.0,16.0786666667,16.0105,16.0522,15.9590666667,16.2367277613,16.0105,15.7842722387,-0.0155471949434,-0.024378804286,0.00883160934254,49.7404388229,62.8156565657,59.8418412388
444,2013-02-14,16.06,16.08,15.91,15.95,4200,14.73,4164.0,16.0856666667,16.0145,16.0556,15.9573333333,16.2440626276,16.0145,15.7849373724,-0.01779687596,-0.0265867066216,0.00878983066161,47.0797891942,63.3515028332,54.0344805698
445,2013-02-13,16.15,16.15,16.15,16.15,2600,14.92,4160.0,16.091,16.0255,16.0604,15.9560666667,16.2626054618,16.0255,15.7883945382,-0.0132821506254,-0.028784164287,0.0155020136616,54.7724881585,63.4288064819,46.0552892709
446,2013-02-12,15.87,16.14,15.86,16.1,5300,14.82,4152.0,16.0776666667,16.0175,16.0598,15.9526,16.2479669174,16.0175,15.7870330826,-0.0276901608255,-0.0326596677024,0.0049695068769,52.9893038415,49.7713990745,37.8978927186
447,2013-02-11,15.96,16.06,15.94,15.99,7600,14.72,4064.0,16.0633333333,16.02,16.0602,15.95,16.2550319127,16.02,15.7849680873,-0.0405863460508,-0.0339020444216,-0.00668430162915,48.8712016117,39.5862138893,32.7040682911
448,2013-02-08,16.05,16.06,15.91,15.92,3200,14.66,3938.0,16.0506666667,16.0365,16.063,15.9480666667,16.3047741135,16.0365,15.7682258865,-0.0452562210685,-0.0322309690143,-0.0130252520541,46.0801369844,31.4347376377,29.1671639416
449,2013-02-07,15.97,15.97,15.97,15.97,0,14.7,3946.0,16.0466666667,16.052,16.0658,15.9466,16.3272889391,16.052,15.7767110609,-0.0434311346937,-0.0289746560008,-0.0144564786929,47.8112345489,30.7992202729,28.1067251462
450,2013-02-06,15.94,16.18,15.94,15.97,10300,14.7,3966.0,16.0466666667,16.076,16.0686,15.9441333333,16.3982049037,16.076,15.7537950963,-0.0455608443071,-0.0253605363276,-0.0202003079795,47.8112345489,28.9961013645,26.3279727096
451,2013-02-05,15.85,15.89,15.85,15.89,1000,14.63,3760.0,16.0453333333,16.0975,16.0752,15.9408,16.4449406424,16.0975,15.7500593576,-0.0476164250237,-0.0203104593327,-0.0273059656911,44.9585879884,25.4385964912,23.4831871345
452,2013-02-04,15.94,15.95,15.93,15.93,3000,14.67,3766.0,16.0513333333,16.114,16.0834,15.9386,16.4516625534,16.114,15.7763374466,-0.0414020364108,-0.0134839679099,-0.0279180685009,46.1292531305,27.1929824561,25.831505848
453,2013-02-01,15.9,15.95,15.86,15.94,1900,14.68,3770.0,16.056,16.1235,16.0894,15.9353333333,16.4504418909,16.1235,15.7965581091,-0.036940732597,-0.00650445078472,-0.0304362818123,46.4097867546,23.6842105263,26.697069378
454,2013-01-31,15.82,15.9,15.82,15.9,2300,14.64,3788.0,16.058,16.138,16.0928,15.9314,16.4567224498,16.138,15.8192775502,-0.0317273487097,0.00110461966837,-0.0328319683781,45.1712988632,17.6169590643,29.1535419989
455,2013-01-30,15.85,15.93,15.85,15.93,700,14.67,3834.0,16.0563333333,16.1485,16.0964,15.9276666667,16.4484516628,16.1485,15.8485483372,-0.0205389591123,0.00931261176288,-0.0298515708751,45.9102098733,34.831871345,35.3932416268
456,2013-01-29,16.11,16.11,15.77,15.85,2000,14.59,3860.0,16.059,16.1395,16.0976,15.9238666667,16.4739532852,16.1395,15.8050467148,-0.009014302439,0.0167755044817,-0.0257898069207,43.6267867299,30.6552365763,32.168228336
457,2013-01-28,16.26,16.26,16.0,16.0,10500,14.73,3866.0,16.0686666667,16.1305,16.0998,15.9204666667,16.5031378939,16.1305,15.7578621061,0.0139719219322,0.0232229562118,-0.00925103427965,47.0877382981,33.5101010101,30.5502946128
458,2013-01-25,16.07,16.31,16.07,16.31,1300,15.02,3832.0,16.0646666667,16.111,16.1014,15.9164666667,16.5447234142,16.111,15.6772765858,0.0278347476287,0.0255357147818,0.002299032847,55.5436964572,42.5757575758,28.7110690236
459,2013-01-24,16.08,16.08,16.03,16.03,500,14.76,3842.0,16.0633333333,16.0855,16.0976,15.9100666667,16.5292780977,16.0855,15.6417219023,0.013560248825,0.02496095657,-0.011400707745,47.6606310383,21.9318181818,23.1281565657
460,2013-01-23,16.3,16.34,16.01,16.12,4500,14.84,3850.0,16.068,16.0825,16.0992,15.9054666667,16.5285437198,16.0825,15.6364562802,0.0236526485508,0.0278111335062,-0.0041584849554,50.324034939,24.1835016835,25.6891835017
461,2013-01-22,16.17,16.21,16.13,16.21,5300,14.93,3760.0,16.071,16.073,16.0982,15.9006666667,16.5235152606,16.073,15.6224847394,0.0270265456765,0.0288507547451,-0.00182420906859,53.0783256306,26.1531986532,31.2218337218
462,2013-01-18,15.98,16.08,15.98,16.03,2700,14.76,3710.0,16.0713333333,16.066,16.0954,15.8949333333,16.5121120935,16.066,15.6198879065,0.0217761155252,0.0293068070122,-0.00753069148702,47.7694271512,20.2441077441,38.6083380167
463,2013-01-17,16.1,16.1,16.06,16.1,1100,14.82,3686.0,16.08,16.068,16.0952,15.8908666667,16.5138071332,16.068,15.6221928668,0.0330851866336,0.031189479884,0.00189570674959,49.8043065178,32.1759259259,52.1003145093
464,2013-01-16,16.18,16.18,16.04,16.17,8100,14.89,3700.0,16.083,16.063,16.0944,15.8865333333,16.5095019597,16.063,15.6164980403,0.0399111619518,0.0307155531966,0.00919560875518,51.8554613965,46.3141025641,64.6832000928
465,2013-01-15,16.27,16.31,15.99,15.99,8900,14.72,3548.0,16.0836666667,16.047,16.091,15.8820666667,16.4999061713,16.047,15.5940938287,0.0409157899113,0.0284166510078,0.0124991389035,46.6046720287,55.6992158327,74.6930799783
466,2013-01-14,16.14,16.34,16.14,16.15,6600,14.87,3412.0,16.088,16.048,16.0908,15.879,16.5004864639,16.048,15.5955135361,0.0599301944719,0.0252918662819,0.03463832819,51.2150667051,74.2120137144,83.1635563826
467,2013-01-11,16.3,16.34,16.29,16.32,2100,15.03,3472.0,16.087,16.0475,16.0882,15.8738666667,16.4995564124,16.0475,15.5954435876,0.0670368680096,0.0166322842344,0.0504045837752,56.7543285404,82.5074682599,86.6728178288
468,2013-01-10,16.41,16.42,16.23,16.23,5700,14.9,3436.0,16.0806666667,16.0255,16.083,15.8686666667,16.4650213305,16.0255,15.5859786695,0.0578233950631,0.00403113829062,0.0537922567725,54.3258543703,86.353622106,87.0219061147
469,2013-01-09,16.53,16.53,16.38,16.45,7000,15.1,3340.0,16.075,16.0275,16.079,15.8640666667,16.4710707384,16.0275,15.5839292616,0.0543862220286,-0.0094169259025,0.0638031479311,62.261995193,89.5811214501,82.5003442176
470,2013-01-08,16.3,16.5,16.3,16.4,4200,15.05,3216.0,16.0636666667,16.0135,16.071,15.8576666667,16.4188776017,16.0135,15.6081223983,0.0268080670351,-0.0253677128853,0.0521757799204,61.0615449703,88.2490594991,73.2003019503
471,2013-01-07,16.1,16.28,16.1,16.22,4200,14.89,3184.0,16.0603333333,16.004,16.0632,15.8516,16.3805846518,16.004,15.6274153482,-0.00369071358627,-0.0384116578654,0.0347209442791,56.4282727785,83.9038214038,59.6201799327
472,2013-01-04,16.24,16.24,16.12,16.12,5200,14.79,3122.0,16.063,16.004,16.0588,15.8465333333,16.3805846518,16.004,15.6274153482,-0.0242372922908,-0.0470918939351,0.0228546016443,53.5787737125,68.2673745174,42.8108912484
473,2013-01-03,16.24,16.24,16.16,16.23,2000,14.9,3028.0,16.0666666667,16.0125,16.0554,15.8412666667,16.4064479661,16.0125,15.6185520339,-0.0399278375858,-0.0528055443462,0.0128777067604,57.413986337,52.380952381,30.1711309524
474,2013-01-02,15.88,16.11,15.87,16.11,2700,14.79,2988.0,16.0626666667,16.0105,16.0508,15.8356,16.40039614,16.0105,15.62060386,-0.0705739104884,-0.0560249710363,-0.0145489394521,54.0846435303,33.9285714286,21.912202381
475,2012-12-31,15.81,15.81,15.65,15.75,4800,14.45,2954.0,16.0616666667,16.0145,16.0486,15.8304666667,16.4099984197,16.0145,15.6190015803,-0.0964447321133,-0.0523877361733,-0.04405699594,41.3008439177,16.6666666667,20.4192281421
476,2012-12-28,15.63,15.67,15.62,15.67,2500,14.38,2858.0,16.0696666667,16.033,16.0532,15.8276666667,16.4115287307,16.033,15.6544712693,-0.0914079301565,-0.0413734871883,-0.0500344429683,37.7229030687,17.7083333333,25.9898272834
477,2012-12-27,15.72,15.72,15.5,15.61,7200,14.33,2824.0,16.0793333333,16.0555,16.0594,15.8254,16.396702286,16.0555,15.714297714,-0.0755041148567,-0.0288648764462,-0.0466392384105,34.9620405159,19.3452380952,31.4335724044
478,2012-12-26,15.86,15.9,15.78,15.8,2900,14.5,2682.0,16.095,16.0815,16.0658,15.8233333333,16.3556003466,16.0815,15.8073996534,-0.0479977307489,-0.0172050668436,-0.0307926639053,40.2027468029,27.9566744731,34.793984192
479,2012-12-24,15.97,15.97,15.97,15.97,100,14.66,2630.0,16.1056666667,16.0945,16.0676,15.8206666667,16.3367787651,16.0945,15.8522212349,-0.0315368880403,-0.00950690086728,-0.022029987173,45.921776721,38.9490632319,34.6233626647
480,2012-12-21,16.17,16.2,15.87,15.93,2000,14.62,2752.0,16.1103333333,16.1015,16.068,15.8166,16.3369803601,16.1015,15.8660196399,-0.0273772395207,-0.00399940407403,-0.0233778354467,44.1870626233,39.4833138173,31.9196069821
481,2012-12-20,16.07,16.07,16.07,16.07,0,14.75,2780.0,16.115,16.12,16.0666,15.8128,16.3568121618,16.12,15.8831878382,-0.0175970737446,0.00184505478766,-0.0194421285323,49.3298510572,32.7868852459,26.8281902925
482,2012-12-19,16.29,16.34,16.07,16.07,2800,14.75,2792.0,16.115,16.1315,16.065,15.8078666667,16.3795544295,16.1315,15.8834455705,-0.0191126138086,0.00670558692072,-0.0258182007293,49.3298510572,27.2741883639,27.1608807457
483,2012-12-18,15.81,16.0,15.78,16.0,5100,14.68,2752.0,16.1133333333,16.1395,16.0636,15.8031333333,16.3894179865,16.1395,15.8895820135,-0.0207689923803,0.0131601371031,-0.0339291294834,46.6530651641,28.1340405014,30.0029671389
484,2012-12-17,15.9,15.9,15.85,15.85,5300,14.55,2714.0,16.1153333333,16.145,16.064,15.7986,16.3871156748,16.145,15.9028843252,-0.0154537665955,0.0216424194739,-0.0370961860694,40.3867410498,19.1176470588,32.8092006033
485,2012-12-14,16.15,16.15,16.01,16.01,1500,14.69,2632.0,16.1203333333,16.1565,16.0674,15.7958,16.3602915602,16.1565,15.9527084398,0.00682790364772,0.0309164659912,-0.0240885623435,45.7041915328,34.1176470588,42.036199095
486,2012-12-13,15.88,16.24,15.88,16.14,7400,14.81,2624.0,16.1193333333,16.1555,16.0662,15.7922666667,16.3623308488,16.1555,15.9486691512,0.0188771932505,0.0369386065771,-0.0180614133266,50.7449534982,38.6425339367,49.2556218292
487,2012-12-12,15.99,15.99,15.88,15.88,1400,14.57,2492.0,16.1153333333,16.1465,16.063,15.7876666667,16.3702208081,16.1465,15.9227791919,0.0207455273508,0.0414539599088,-0.020708432558,38.0575096644,39.358974359,56.2179487179
488,2012-12-11,16.11,16.27,16.11,16.27,5200,14.88,2472.0,16.1213333333,16.1565,16.066,15.7846666667,16.3471069254,16.1565,15.9658930746,0.0493011752046,0.0466310680483,0.0026701071563,59.3518534063,56.0256410256,63.5941142191
489,2012-12-10,16.09,16.17,16.09,16.17,3800,14.79,2460.0,16.1133333333,16.149,16.0606,15.7793333333,16.3328368842,16.149,15.9651631158,0.0453223668259,0.0459635412592,-0.000641174433305,53.1043390161,62.9953379953,65.1369463869
490,2012-12-07,16.39,16.39,16.18,16.21,7000,14.83,2428.0,16.1093333333,16.146,16.059,15.7743333333,16.3303257985,16.146,15.9616742015,0.0497665442506,0.0461238348675,0.00364270938302,56.3194834526,66.4918414918,63.4449300699
491,2012-12-06,16.29,16.29,16.22,16.22,2400,14.84,2328.0,16.1026666667,16.139,16.0532,15.7689333333,16.3237051705,16.139,15.9542948295,0.0506423264289,0.0452131575218,0.00542916890716,57.1223284538,68.8636363636,61.4053030303
492,2012-12-05,16.19,16.29,16.19,16.29,900,14.9,2338.0,16.0953333333,16.1315,16.0476,15.7631333333,16.3146147181,16.1315,15.9483852819,0.0500053454795,0.043855865295,0.00614948018447,62.9557269373,62.196969697,58.0643939394
493,2012-12-04,16.19,16.33,16.17,16.19,19200,14.81,2394.0,16.084,16.118,16.0428,15.7572,16.2919655138,16.118,15.9440344862,0.0413377029515,0.0423184952489,-0.00098079229736,57.151124993,56.2272727273,57.7651515152
494,2012-12-03,16.15,16.19,16.1,16.19,4000,14.81,2018.0,16.0776666667,16.1115,16.0368,15.7518,16.2839267961,16.1115,15.9390732039,0.0398551817184,0.0425636933232,-0.00270851160484,57.151124993,58.3333333333,61.2083333333
495,2012-11-30,16.12,16.12,16.12,16.12,2200,14.75,2064.0,16.0713333333,16.102,16.031,15.7460666667,16.2769971428,16.102,15.9270028572,0.0373832337922,0.0432408212244,-0.00585758743226,52.6753590529,55.5,66.25
496,2012-11-29,16.12,16.12,16.12,16.12,900,14.75,2028.0,16.0666666667,16.095,16.0232,15.7406,16.2775924423,16.095,15.9124075577,0.0408116459476,0.0447052180825,-0.00389357213493,52.6753590529,61.0,74.4680851064
497,2012-11-28,16.09,16.13,16.09,16.13,1300,14.76,2218.0,16.062,16.09,16.0156,15.7347333333,16.2750405361,16.09,15.9049594639,0.0445939226121,0.0456786111162,-0.00108468850411,53.361940639,70.0,81.5585106383
498,2012-11-27,16.13,16.14,16.0,16.06,3600,14.69,2224.0,16.0553333333,16.0865,16.0108,15.7287333333,16.2710291305,16.0865,15.9019708695,0.0477546623169,0.0459497832422,0.00180487907463,49.0449051592,78.5,83.8723404255
499,2012-11-26,16.25,16.25,16.11,16.11,1000,14.74,2236.0,16.0496666667,16.085,16.0082,15.7230666667,16.2708494014,16.085,15.8991505986,0.0582215749973,0.0454985634736,0.0127230115237,52.2529721309,88.3723404255,80.3377659574
500,2012-11-23,16.3,16.3,16.3,16.3,0,14.91,2222.0,16.0456666667,16.082,16.0038,15.7168666667,16.2680752536,16.082,15.8959247464,0.0656433933639,0.0423178105927,0.0233255827712,67.9321740887,89.3617021277,69.6305347901
501,2012-11-21,16.26,16.3,16.26,16.3,1300,14.91,2256.0,16.031,16.0675,15.997,15.7098,16.2266068823,16.0675,15.9083931177,0.0548160649029,0.0364864148999,0.0183296500031,67.9321740887,79.2553191489,57.5941633122
502,2012-11-20,16.11,16.23,16.11,16.23,3200,14.85,2324.0,16.0206666667,16.0525,15.9896,15.7018,16.1729782138,16.0525,15.9320217862,0.040199131996,0.0319040023991,0.00829512959686,64.5533702631,64.3617021277,49.2716976095
503,2012-11-19,16.09,16.11,16.09,16.11,2800,14.74,2280.0,16.013,16.0385,15.9832,15.6940666667,16.1361268406,16.0385,15.9408731594,0.0280851684384,0.0298302199999,-0.00174505156146,57.410069937,45.5434157562,46.8335404173
504,2012-11-16,16.03,16.1,16.03,16.08,4600,14.71,2278.0,16.01,16.033,15.978,15.6870666667,16.126187982,16.033,15.939812018,0.0244330161386,0.0302664828903,-0.00583346675165,55.319840292,41.2162162162,51.8810841617
505,2012-11-15,15.96,16.0,15.8,15.99,2000,14.63,2250.0,16.008,16.029,15.9724,15.68,16.1206296895,16.029,15.9373703105,0.0224706978775,0.0317248495782,-0.00925415170062,48.2438805409,45.9654563378,58.7645301076
506,2012-11-14,16.04,16.04,15.96,15.96,2300,14.6,2292.0,16.0066666667,16.0285,15.967,15.6735333333,16.1210796954,16.0285,15.9359203046,0.0288028560552,0.0340383875033,-0.00523553144811,45.5760724921,54.6090733591,62.228523166
507,2012-11-13,16.11,16.27,15.9,16.08,8800,14.71,2266.0,16.0073333333,16.0295,15.9616,15.6674,16.1194944443,16.0295,15.9395055557,0.0395205873139,0.0353472703653,0.00417331694854,56.3680548985,65.7335907336,62.4155405405
508,2012-11-12,16.12,16.13,16.11,16.12,1800,14.7,2096.0,16.0056666667,16.022,15.9536,15.6604,16.1186643678,16.022,15.9253356322,0.0404072830322,0.0343039411282,0.00610334190402,60.8261432784,68.75,58.2589285714
509,2012-11-09,16.13,16.13,16.11,16.11,900,14.69,2066.0,16.0016666667,16.0105,15.945,15.6538,16.1123773773,16.0105,15.9086226227,0.0368785596323,0.0327781056522,0.00410045398005,60.0934621562,59.8214285714,51.3392857143
510,2012-11-08,16.07,16.07,16.07,16.07,0,14.65,2148.0,16.001,16.0045,15.9348,15.6468,16.0958181252,16.0045,15.9131818748,0.0328563918071,0.0317529921572,0.0011033996499,57.1142090295,55.3571428571,46.6517857143
511,2012-11-07,16.04,16.12,16.04,16.07,2800,14.65,2168.0,15.996,15.994,15.9244,15.6397333333,16.0999056183,15.994,15.8880943817,0.0313174591749,0.0314771422447,-0.000159683069841,57.1142090295,49.1071428571,44.9255952381
512,2012-11-06,16.06,16.06,15.98,16.02,1500,14.61,2232.0,15.9916666667,15.99,15.913,15.6326,16.09,15.99,15.89,0.0288976948454,0.0315170630122,-0.00261936816679,53.3614654146,41.0714285714,47.7380952381
513,2012-11-05,16.07,16.1,16.02,16.06,1800,14.64,2400.0,15.9926666667,15.989,15.9024,15.6260666667,16.0881766101,15.989,15.8898233899,0.0304797746307,0.0321719050539,-0.00169213042314,57.0713364846,41.0714285714,57.0238095238
514,2012-11-02,16.0,16.0,16.0,16.0,500,14.59,2458.0,15.987,15.987,15.8924,15.6186666667,16.0818894093,15.987,15.8921105907,0.0279830142894,0.0325949376597,-0.00461192337026,52.4685748927,48.4523809524,69.880952381
515,2012-11-01,15.99,15.99,15.9,15.98,2100,14.57,2564.0,15.9836666667,15.988,15.8854,15.6117333333,16.0838331884,15.988,15.8921668116,0.0304983054277,0.0337479185022,-0.00324961307451,50.8370134559,60.3571428571,81.3095238095
516,2012-10-31,16.14,16.18,15.9,16.02,9600,14.61,2576.0,15.9753333333,15.9865,15.8804,15.6049333333,16.0837162538,15.9865,15.8892837462,0.0353014834926,0.0345603217709,0.00074116172171,54.2984412016,78.2142857143,88.5714285714
517,2012-10-26,16.03,16.08,16.03,16.06,300,14.64,2384.0,15.966,15.9845,15.8746,15.5978,16.0805156237,15.9845,15.8884843763,0.0368458819173,0.0343750313404,0.00247085057684,57.9631776224,92.5,91.369047619
518,2012-10-25,16.05,16.05,16.03,16.03,900,14.62,2386.0,15.9603333333,15.983,15.868,15.5903333333,16.0751086315,15.983,15.8908913685,0.0342084285333,0.0337573186962,0.000451109837054,55.8898371598,94.1666666667,88.7202380952
519,2012-10-24,16.04,16.05,16.04,16.05,800,14.63,2390.0,15.957,15.9815,15.861,15.5842,16.0714499861,15.9815,15.8915500139,0.0333990472536,0.033644541237,-0.000245493983377,57.6500470936,89.4047619048,83.5714285714
520,2012-10-23,15.94,16.01,15.94,16.01,2600,14.6,2586.0,15.9516666667,15.9835,15.8528,15.5776666667,16.0809217635,15.9835,15.8860782365,0.0298438144602,0.0337059147328,-0.00386210027263,55.0191452871,89.4047619048,79.3452380952
521,2012-10-22,15.93,16.01,15.93,16.0,1100,14.59,2598.0,15.95,15.979,15.8476,15.5714,16.0793792807,15.979,15.8786207193,0.0289446800299,0.034671439801,-0.00572675977106,54.3609671297,81.9047619048,71.056547619
522,2012-10-19,15.95,15.99,15.95,15.95,500,14.54,2624.0,15.9476666667,15.976,15.8442,15.5652,16.0772719112,15.976,15.8747280888,0.0283942258294,0.0361031297437,-0.00770890391436,51.0344339271,73.5714285714,61.2053571429
523,2012-10-18,16.0,16.0,16.0,16.0,0,14.59,2732.0,15.9463333333,15.981,15.8404,15.5588,16.0864324428,15.981,15.8755675572,0.0323695482741,0.0380303557223,-0.00566080744824,54.7392768733,72.5,53.0729166667
524,2012-10-17,16.0,16.0,16.0,16.0,1000,14.59,2746.0,15.9413333333,15.9755,15.8388,15.5521333333,16.0876561412,15.9755,15.8633438588,0.0318817664013,0.0394455575844,-0.00756379118304,54.7392768733,56.25,41.4583333333
525,2012-10-16,15.98,15.98,15.98,15.98,0,14.57,2790.0,15.9346666667,15.9705,15.8374,15.5459333333,16.086685197,15.9705,15.854314803,0.0307954445725,0.0413365053801,-0.0105410608077,53.5769430926,42.5,34.2755681818
526,2012-10-15,15.97,15.98,15.96,15.98,800,14.57,2838.0,15.926,15.958,15.837,15.541,16.1142817968,15.958,15.8017182032,0.0309973327899,0.043971770582,-0.0129744377922,53.5769430926,41.0416666667,32.4337121212
527,2012-10-12,15.93,15.93,15.93,15.93,100,14.52,2886.0,15.9163333333,15.946,15.8372,15.5380666667,16.1283622768,15.946,15.7636377232,0.030804145274,0.0472153800301,-0.0164112347561,50.8564572187,26.0416666667,30.9801136364
528,2012-10-11,15.89,15.89,15.89,15.89,300,14.49,3010.0,15.908,15.944,15.837,15.5372,16.1278912722,15.944,15.7601087278,0.0352004165498,0.0513181887191,-0.0161177721693,48.6197224434,27.5189393939,36.8091238472
529,2012-10-10,15.9,16.0,15.86,15.99,6200,14.53,3024.0,15.9013333333,15.946,15.8366,15.5366,16.1283622768,15.946,15.7636377232,0.0443723785556,0.0553476317615,-0.0109752532058,54.363694474,35.1325757576,43.1659450628
530,2012-10-09,16.0,16.0,15.86,15.86,3400,14.41,2920.0,15.8883333333,15.941,15.833,15.5352666667,16.123745725,15.941,15.758254275,0.0452519027368,0.0580914450629,-0.0128395423261,46.7728167779,35.2272727273,48.8943017551
531,2012-10-08,16.0,16.0,15.99,15.99,600,14.53,2876.0,15.878,15.946,15.8314,15.5342666667,16.1250418945,15.946,15.7669581055,0.0589526495609,0.0613013306444,-0.0023486810835,55.3166486213,49.3577075099,56.0679420763
532,2012-10-05,16.0,16.0,16.0,16.0,800,14.54,2930.0,15.8616666667,15.943,15.8272,15.5333333333,16.121,15.943,15.765,0.0623459278774,0.0618885009153,0.000457426962117,56.0479405682,52.9462242563,60.5970967136
533,2012-10-04,16.03,16.06,15.9,16.02,3200,14.56,3112.0,15.8446666667,15.9385,15.8214,15.5322,16.1150531082,15.9385,15.7619468918,0.0647519532505,0.0617741441748,0.00297780907566,57.4586436424,58.0460025268,66.5678577227
534,2012-10-03,15.92,16.02,15.92,16.02,1200,14.56,3048.0,15.8293333333,15.93,15.818,15.5300666667,16.1064086166,15.93,15.7535913834,0.0648447063156,0.0610296919059,0.00381501440977,57.4586436424,63.9218340124,71.0081146233
535,2012-10-02,15.99,16.0,15.95,15.95,1100,14.49,3024.0,15.817,15.919,15.8146,15.5283333333,16.0989888885,15.919,15.7390111115,0.064019897227,0.0600759383034,0.00394395892355,53.9616540222,67.474326059,73.3293060485
536,2012-10-01,15.99,15.99,15.98,15.98,800,14.52,3028.0,15.8096666667,15.9075,15.8126,15.5274666667,16.106484924,15.9075,15.708515076,0.0691632151214,0.0590899485725,0.0100732665489,55.7866061799,76.8292682927,76.5916427547
537,2012-09-28,16.04,16.04,16.03,16.03,400,14.57,3086.0,15.8013333333,15.893,15.8088,15.5267333333,16.1101727423,15.893,15.6758272577,0.0716674031958,0.0565716319353,0.0150957712605,58.8677182803,75.8070301291,76.2225609756
538,2012-09-27,16.1,16.1,15.91,16.0,4600,14.54,3142.0,15.7913333333,15.8755,15.8052,15.5251333333,16.1019045053,15.8755,15.6490954947,0.0687303137462,0.0527976891202,0.015932624626,57.5618462909,73.2065997131,76.9987446198
539,2012-09-26,15.94,16.12,15.94,16.09,2200,14.62,3076.0,15.7806666667,15.86,15.8016,15.5239333333,16.0925510697,15.86,15.6274489303,0.0670363513759,0.0488145329637,0.0182218184122,63.1466045529,80.5236728838,74.6970946915
540,2012-09-25,15.94,15.94,15.92,15.92,2000,14.47,3034.0,15.7656666667,15.8355,15.7948,15.5223333333,16.0692070816,15.8355,15.6017929184,0.0547355288397,0.0442590783607,0.010476450479,55.5890465401,75.3529411765,65.2777149321
541,2012-09-24,16.03,16.03,15.94,15.94,2900,14.49,3128.0,15.76,15.817,15.791,15.5227333333,16.0780057471,15.817,15.5559942529,0.0555481440194,0.0416399657409,0.0139081782785,56.8629297253,78.9117647059,57.489727777
542,2012-09-21,15.92,16.05,15.92,16.05,3700,14.59,3134.0,15.7563333333,15.795,15.788,15.5231333333,16.0835480896,15.795,15.5064519104,0.0537409998448,0.0381629211713,0.0155780786735,64.400033195,64.0,49.7071960298
543,2012-09-20,15.89,15.91,15.89,15.89,400,14.44,3060.0,15.7466666667,15.767,15.7822,15.522,16.0597866117,15.767,15.4742133883,0.0394527394643,0.0342684015029,0.00518433796139,56.6368750905,42.8461538462,49.9913151365
544,2012-09-19,15.74,15.91,15.74,15.9,6300,14.45,3134.0,15.7476666667,15.7505,15.7796,15.5220666667,16.0507981851,15.7505,15.4502018149,0.03693277455,0.0329723170126,0.00396045753747,57.3628386251,44.2009925558,60.8523573201
545,2012-09-18,15.71,15.73,15.71,15.73,400,14.29,3070.0,15.7486666667,15.738,15.7768,15.5224666667,16.0331338679,15.738,15.4428661321,0.0321609971569,0.0319822026282,0.000178794528731,46.5472607973,47.7816377171,72.7859801489
546,2012-09-17,15.72,15.79,15.71,15.74,10400,14.3,3178.0,15.7563333333,15.738,15.7748,15.524,16.0331338679,15.738,15.4428661321,0.0429117685983,0.031937503996,0.0109742646023,47.2012664317,65.1364764268,84.429280397
547,2012-09-14,15.96,15.96,15.88,15.89,1600,14.44,3026.0,15.7646666667,15.7375,15.7742,15.5272,16.0326525029,15.7375,15.4423474971,0.0549913093312,0.0291939378454,0.0257973714858,58.6862473029,86.2903225806,93.0092917251
548,2012-09-13,15.89,15.94,15.85,15.93,4200,14.48,3008.0,15.7656666667,15.7295,15.7704,15.5314666667,16.0162385569,15.7295,15.4427614431,0.0543365950037,0.022744594974,0.0315920000297,62.4488200999,91.935483871,96.0032224671
549,2012-09-12,15.89,15.89,15.89,15.89,300,14.44,2952.0,15.7636666667,15.717,15.7658,15.5332666667,15.9891102718,15.717,15.4448897282,0.0486378636983,0.0148465949665,0.0337912687317,60.07173734,94.3548387097,96.0977676484
550,2012-09-11,15.96,15.96,15.96,15.96,1700,14.46,3006.0,15.761,15.7045,15.76,15.5353333333,15.9664522857,15.7045,15.4425477143,0.0447294777237,0.00639877778362,0.0383306999401,66.9596433421,99.4565217391,94.1072109622
551,2012-09-10,15.9,15.93,15.86,15.93,4700,14.43,3088.0,15.755,15.694,15.7502,15.5375333333,15.9296607731,15.694,15.4583392269,0.0319630726766,-0.00318389720141,0.0351469698781,65.3799101573,98.2660455487,89.3323662417
552,2012-09-07,15.9,15.91,15.9,15.91,1000,14.41,3016.0,15.75,15.689,15.7428,15.5369333333,15.9080798941,15.689,15.4699201059,0.0182581255412,-0.0119706396709,0.0302287652122,64.3239692829,92.3136645963,83.6724964585
553,2012-09-06,15.82,15.86,15.82,15.85,2700,14.36,3160.0,15.7433333333,15.6815,15.7334,15.5365333333,15.8790120249,15.6815,15.4839879751,0.00253642028052,-0.019527830974,0.0220642512545,61.0112278418,86.3926119647,78.0282908358
554,2012-09-05,15.75,15.8,15.75,15.8,3200,14.31,3188.0,15.7433333333,15.685,15.7234,15.5364,15.8963291272,15.685,15.4736708728,-0.0114579950927,-0.0250438937876,0.0135858986949,57.99288972,80.3571428571,71.7731829574
555,2012-09-04,15.7,15.82,15.7,15.72,4100,14.24,3206.0,15.745,15.6915,15.7142,15.537,15.9235581824,15.6915,15.4594418176,-0.0240623871495,-0.0284403684613,0.00437798131183,52.5334042369,75.626566416,63.8421337434
556,2012-08-31,15.65,15.69,15.65,15.69,1000,14.21,3146.0,15.7493333333,15.7035,15.707,15.5384666667,15.9633672738,15.7035,15.4436327262,-0.0316547219253,-0.0295348637893,-0.00211985813601,50.2834348498,69.7368421053,53.6024008886
557,2012-08-30,15.68,15.68,15.68,15.68,300,14.2,3176.0,15.7526666667,15.7185,15.7,15.5408666667,16.006616296,15.7185,15.430383704,-0.0378303241747,-0.0290048992553,-0.00882542491947,49.5431433259,61.3721804511,42.6819890636
558,2012-08-29,15.65,15.69,15.65,15.69,300,14.21,3196.0,15.7583333333,15.7305,15.6944,15.5436666667,16.0309313565,15.7305,15.4300686435,-0.0441441972397,-0.0267985430254,-0.0173456542143,50.2377633085,48.6329460014,32.1211409205
559,2012-08-28,15.59,15.78,15.59,15.6,5000,14.13,3202.0,15.7626666667,15.7395,15.6876,15.5442666667,16.0452760618,15.7395,15.4337239382,-0.0525790796282,-0.0224621294718,-0.0301169501564,43.6331859773,34.6676349966,24.8871468444
560,2012-08-27,15.53,15.55,15.53,15.55,1000,14.08,3138.0,15.7676666667,15.75,15.6824,15.5462666667,16.0502665482,15.75,15.4497334518,-0.0534166338095,-0.0149328919327,-0.0384837418767,39.4901979249,26.0551948052,21.3863416988
561,2012-08-24,15.48,15.52,15.48,15.5,6000,14.04,3394.0,15.7736666667,15.7615,15.6794,15.5474,16.0475262226,15.7615,15.4754737774,-0.0486177792,-0.00531195646357,-0.0433058227364,35.0578683145,19.1287878788,20.4225532351
562,2012-08-23,15.52,15.6,15.4,15.49,9900,14.03,3428.0,15.7833333333,15.7755,15.6764,15.5486666667,16.0351516898,15.7755,15.5158483102,-0.0366946188919,0.00551449922054,-0.0422091181124,34.1622423821,19.696969697,20.9190724816
563,2012-08-22,15.69,15.72,15.48,15.56,4700,14.09,3412.0,15.7923333333,15.7865,15.675,15.5505333333,16.0134162841,15.7865,15.5595837159,-0.0199244089147,0.0160667787486,-0.0359911876634,37.5261791532,20.6644144144,19.7110462735
564,2012-08-21,15.68,15.72,15.6,15.65,5800,14.17,3324.0,15.799,15.801,15.6728,15.5521333333,16.0039679778,15.801,15.5980320222,-0.0053569858688,0.0250645756645,-0.0304215615333,42.5254955554,22.20004095,17.5742219492
565,2012-08-20,15.72,15.73,15.72,15.73,2700,14.25,3212.0,15.8026666667,15.811,15.6698,15.5506,16.0026141957,15.811,15.6193858043,0.00415062661338,0.0326699660478,-0.0285193394344,47.7793672733,21.1148648649,15.7653635779
566,2012-08-17,15.73,15.73,15.73,15.73,0,14.25,3256.0,15.7993333333,15.817,15.6658,15.5491333333,16.0055841987,15.817,15.6284158013,0.00807997015808,0.0397998009064,-0.0317198307483,47.7793672733,14.8648648649,14.2217664093
567,2012-08-16,15.68,15.73,15.68,15.73,400,14.25,3394.0,15.7986666667,15.82,15.6588,15.5484,16.0048242408,15.82,15.6351757592,0.0129777145347,0.0477297585935,-0.0347520440589,47.7793672733,12.1171171171,18.7328567407
568,2012-08-15,15.64,15.68,15.64,15.68,1100,14.2,3466.0,15.7976666667,15.826,15.655,15.5473333333,16.0064882268,15.826,15.6455117732,0.0190402506003,0.0564177696082,-0.037377519008,44.3381365626,14.9646074646,27.7850506757
569,2012-08-14,15.74,15.75,15.64,15.64,10600,14.17,3486.0,15.7983333333,15.833,15.6522,15.5448666667,16.0007021169,15.833,15.6652978831,0.0315922111698,0.0657621493602,-0.0341699381904,41.4730839293,14.9404761905,39.1666666667
570,2012-08-13,15.84,15.84,15.71,15.75,3200,14.27,3298.0,15.797,15.8385,15.6492,15.5424666667,15.9865911881,15.8385,15.6904088119,0.051226281407,0.0743046339078,-0.0230783525008,47.749166833,32.9092261905,56.134672619
571,2012-08-10,15.8,15.84,15.73,15.83,2400,14.29,3246.0,15.7876666667,15.8375,15.644,15.5397333333,15.9882149628,15.8375,15.6867850372,0.0643413851438,0.080074222033,-0.0157328368892,53.1844145534,48.3258928571,69.6471497253
572,2012-08-09,15.92,15.92,15.76,15.76,5900,14.23,3372.0,15.7786666667,15.8355,15.6366,15.5358666667,15.987615088,15.8355,15.683384912,0.0719996974022,0.0840074312553,-0.0120077338531,48.413362741,60.4910714286,78.9448832418
573,2012-08-08,15.85,15.93,15.85,15.92,700,14.37,3258.0,15.768,15.8355,15.628,15.5318666667,15.987615088,15.8355,15.683384912,0.0878544930861,0.0870093647186,0.000845128367502,61.7755500158,82.8125,82.8125
574,2012-08-07,16.0,16.0,15.85,15.93,3200,14.38,3350.0,15.749,15.8275,15.6172,15.5269333333,15.9778163331,15.8275,15.6771836669,0.0905221851324,0.0867980826268,0.00372410250561,62.7811774094,86.9591346154,77.0132211538
575,2012-08-06,15.95,16.01,15.87,15.96,2400,14.41,3332.0,15.7293333333,15.819,15.6054,15.5224666667,15.9643134543,15.819,15.6736865457,0.0915922621058,0.0858670570003,0.00572520510546,65.7634089792,85.5168269231,67.2346443966
576,2012-08-03,15.93,15.99,15.93,15.99,3200,14.43,3286.0,15.7093333333,15.8025,15.5928,15.5178,15.9547990479,15.8025,15.6502009521,0.0885712729031,0.084435755724,0.00413551717912,68.7980209681,75.9615384615,54.5673076923
577,2012-08-02,15.87,15.92,15.82,15.92,6300,14.37,3250.0,15.6876666667,15.7885,15.5796,15.5126666667,15.9192325514,15.7885,15.6577674486,0.0803725372603,0.0834018764292,-0.00302933916886,65.3319241325,59.6153846154,47.0589396236
578,2012-08-01,15.84,15.87,15.84,15.87,1000,14.33,3382.0,15.6703333333,15.7775,15.5672,15.5073333333,15.8988053997,15.7775,15.6561946003,0.0758661868616,0.0841592112214,-0.0082930243598,62.5744323403,47.8448275862,47.1284103827
579,2012-07-31,15.78,15.81,15.78,15.81,1000,14.27,3416.0,15.653,15.769,15.5578,15.5017333333,15.8869660968,15.769,15.6510339032,0.0741018459983,0.0862324673114,-0.012130621313,58.9348231748,34.8474801061,53.2090754074
580,2012-07-30,15.73,15.78,15.73,15.78,1200,14.24,3396.0,15.6373333333,15.7585,15.5488,15.4973333333,15.8957989439,15.7585,15.6212010561,0.0768811513547,0.0892651226396,-0.0123839712849,56.9929946443,45.9280661867,65.9257768094
581,2012-07-27,15.75,15.78,15.75,15.78,3300,14.24,3446.0,15.6246666667,15.743,15.5404,15.4931333333,15.928590948,15.743,15.557409052,0.082364829808,0.0923611154609,-0.00999628565288,56.9929946443,59.8932676519,76.0211412151
582,2012-07-26,15.85,15.95,15.69,15.71,9900,14.18,3510.0,15.6103333333,15.732,15.5314,15.4889333333,15.932957707,15.732,15.531042293,0.0881659636912,0.0948601868741,-0.0066942231829,52.4713080067,72.1674876847,82.4992895036
583,2012-07-25,15.85,15.85,15.85,15.85,0,14.31,3318.0,15.6006666667,15.7185,15.5244,15.4852,15.9564306622,15.7185,15.4805693378,0.101415178739,0.0965337426698,0.00488143606951,65.2025637859,85.7142857143,84.1002747253
584,2012-07-24,15.85,15.85,15.85,15.85,0,14.31,3422.0,15.5873333333,15.6935,15.5138,15.4814,15.9724462314,15.6935,15.4145537686,0.10259631971,0.0953133836524,0.00728293605757,65.2025637859,86.3095238095,82.3560886788
585,2012-07-23,15.79,15.85,15.79,15.85,1300,14.31,3600.0,15.5756666667,15.668,15.5054,15.4774,15.9767134594,15.668,15.3592865406,0.10261157499,0.093492649638,0.00911892535148,65.2025637859,85.8058608059,80.0374286566
586,2012-07-20,15.7,15.79,15.7,15.79,3700,14.25,3708.0,15.565,15.6435,15.498,15.4734666667,15.9679241051,15.6435,15.3190758949,0.101138514274,0.0912129183002,0.00992559597355,62.0423391153,78.5714285714,77.7645561803
587,2012-07-19,15.8,15.87,15.8,15.85,3200,14.31,3686.0,15.5513333333,15.621,15.4912,15.4696666667,15.96357262,15.621,15.27842738,0.103896338389,0.0887315193068,0.0151648190821,67.7562776928,78.7375415282,79.0392442993
588,2012-07-18,15.73,15.82,15.73,15.82,1300,14.28,3790.0,15.541,15.5985,15.4828,15.4658,15.9370424641,15.5985,15.2599575359,0.0997960144283,0.0849403145363,0.0148556998921,66.3159648359,77.0348837209,81.8940412061
589,2012-07-17,15.75,15.75,15.75,15.75,100,14.22,3846.0,15.5316666667,15.575,15.4758,15.4614666667,15.9140280224,15.575,15.2359719776,0.0961654770906,0.0812263895633,0.0149390875274,62.7065543281,76.7143709004,84.3309093134
590,2012-07-16,15.8,15.81,15.66,15.73,6700,14.2,3896.0,15.523,15.5545,15.4692,15.4572666667,15.8982717266,15.5545,15.2107282734,0.0972600934038,0.0774916176814,0.0197684757224,61.6153216982,83.6701810477,86.9138935596
591,2012-07-13,15.76,15.85,15.76,15.79,3200,14.25,3832.0,15.515,15.538,15.4626,15.4528,15.8781529068,15.538,15.1978470932,0.0992788932303,0.0725494987508,0.0267293944795,67.0834239184,90.1567291553,88.4228188859
592,2012-07-12,15.76,15.76,15.76,15.76,0,14.23,3942.0,15.504,15.516,15.4538,15.4476,15.8448403868,15.516,15.1871596132,0.0943024683801,0.0658671501309,0.0284353182492,65.6688638255,86.7823561503,88.4326562049
593,2012-07-11,15.7,15.81,15.7,15.76,4100,14.23,4076.0,15.4896666667,15.499,15.4466,15.4427333333,15.810313347,15.499,15.187686653,0.0896336138494,0.0587583205686,0.0308752932808,65.6688638255,87.0463078849,91.0017730496
594,2012-07-10,15.66,15.76,15.66,15.76,3100,14.18,4126.0,15.477,15.4835,15.439,15.4373333333,15.7712690046,15.4835,15.1957309954,0.082370696047,0.0510394972484,0.0313311987986,65.6688638255,89.7058823529,92.5356506239
595,2012-07-09,15.67,15.67,15.59,15.63,5800,14.06,4188.0,15.463,15.4705,15.4304,15.4314666667,15.72914841,15.4705,15.21185159,0.0719024526548,0.0432066975488,0.028695755106,59.6531945987,90.1960784314,93.4046345811
596,2012-07-06,15.72,15.77,15.69,15.71,2800,14.13,4092.0,15.453,15.4655,15.4238,15.4272666667,15.7153379475,15.4655,15.2156620525,0.070731677232,0.0360327587723,0.0346989184598,66.2907924071,97.0588235294,92.7621806298
597,2012-07-05,15.67,15.7,15.67,15.7,700,14.12,4104.0,15.4403333333,15.449,15.4144,15.4229333333,15.6744684013,15.449,15.2235315987,0.0600630631145,0.0273580291573,0.0327050339571,65.8497334412,93.1818181818,86.9318181818
598,2012-07-03,15.61,15.7,15.61,15.7,1400,14.12,4332.0,15.427,15.441,15.405,15.4187333333,15.6400879203,15.441,15.2419120797,0.0465905692682,0.019181770668,0.0274087986001,65.8497334412,93.1818181818,79.9806096681
599,2012-07-02,15.57,15.6,15.42,15.6,3000,14.03,4544.0,15.417,15.433,15.3952,15.4148,15.6001047576,15.433,15.2658952424,0.0287170870241,0.012329571018,0.0163875160061,61.50703008,87.6262626263,69.6811868687
600,2012-06-29,15.55,15.55,15.47,15.47,5800,13.92,4632.0,15.409,15.4275,15.3868,15.4114,15.5787448346,15.4275,15.2762551654,0.0156681393305,0.00823269201647,0.007435447314,54.5266003464,73.7373737374,58.2012085137
601,2012-06-28,15.47,15.56,15.47,15.56,1100,14.0,4568.0,15.4053333333,15.4285,15.3822,15.4092666667,15.5811138919,15.4285,15.2758861081,0.0120214004294,0.00637383018797,0.00564757024141,61.7220052977,65.376984127,50.9573412698
602,2012-06-27,15.34,15.45,15.34,15.44,8200,13.89,4650.0,15.3976666667,15.4235,15.373,15.4053333333,15.5646771936,15.4235,15.2823228064,-0.00197165759242,0.00496193762762,-0.00693359522004,54.246815992,51.9841269841,45.7675691244
603,2012-06-26,15.34,15.35,15.26,15.35,4100,13.81,4662.0,15.395,15.418,15.3656,15.4018666667,15.5646424222,15.418,15.2713575778,-0.00758502753891,0.00669533643263,-0.0142803639715,47.0447207549,41.7063492063,43.2419674859
604,2012-06-25,15.35,15.35,15.32,15.34,4100,13.8,4814.0,15.394,15.4195,15.3598,15.3990666667,15.5639264519,15.4195,15.2750735481,-0.00547576477914,0.0102654274255,-0.0157411922047,46.1704804018,44.7619047619,43.0774769585
605,2012-06-22,15.36,15.39,15.36,15.36,1100,13.82,4796.0,15.397,15.4195,15.3534,15.3959333333,15.5639264519,15.4195,15.2750735481,-0.00168574918715,0.0142007254767,-0.0158864746638,47.6308237991,44.6178955453,38.6074308756
606,2012-06-21,15.37,15.37,15.29,15.34,2500,13.8,5018.0,15.401,15.418,15.3466,15.3925333333,15.5654584687,15.418,15.2705415313,0.00113984524752,0.0181723441426,-0.0170324988951,46.0461933156,41.8817204301,34.056663837
607,2012-06-20,15.4,15.4,15.4,15.4,1300,13.85,5030.0,15.4046666667,15.4175,15.3406,15.3883333333,15.5660765796,15.4175,15.2689234204,0.00676611530418,0.0224304688664,-0.0156643535622,50.2848260459,41.0483870968,31.5436272132
608,2012-06-19,15.35,15.35,15.35,15.35,600,13.81,5140.0,15.4056666667,15.4125,15.3332,15.3841333333,15.5695827807,15.4125,15.2554172193,0.00773977468117,0.026346557257,-0.0186067825758,46.471998576,26.8817204301,32.2151143989
609,2012-06-18,15.35,15.37,15.23,15.34,1800,13.8,5336.0,15.4096666667,15.415,15.3288,15.3801333333,15.5695962483,15.415,15.2604037517,0.0139608486542,0.0309982529009,-0.0170374042467,45.6985798361,26.4148273911,42.4065291208
610,2012-06-15,15.39,15.47,15.33,15.4,13800,13.85,5404.0,15.4123333333,15.416,15.3232,15.3757333333,15.5688921188,15.416,15.2631078812,0.0227163161813,0.0352576039626,-0.0125412877813,49.6994234918,31.8295739348,52.3142094366
611,2012-06-14,15.48,15.5,15.35,15.35,7700,13.81,5136.0,15.4123333333,15.414,15.3154,15.3724,15.5687126368,15.414,15.2592873632,0.0274519664986,0.0383929259079,-0.0109409594093,46.0441354744,43.7343358396,63.5467745451
612,2012-06-13,15.42,15.45,15.4,15.42,9100,13.87,5068.0,15.4123333333,15.413,15.3084,15.3694,15.5696014048,15.413,15.2563985952,0.0381879861182,0.0411281657602,-0.00294017964206,50.8476960514,67.6473793179,72.9936253678
613,2012-06-12,15.51,15.51,15.45,15.45,300,13.85,5048.0,15.4116666667,15.41,15.3008,15.3664,15.5682403236,15.41,15.2517596764,0.0442083168164,0.0418632106708,0.00234510614561,53.0501884126,66.0455486542,76.7339544513
614,2012-06-11,15.5,15.5,15.5,15.5,200,13.9,5190.0,15.4093333333,15.4035,15.2908,15.3629333333,15.5652745345,15.4035,15.2417254655,0.0481948724811,0.0412769341344,0.00691793834673,56.8619802693,76.7598343685,85.2225672878
615,2012-06-08,15.41,15.53,15.41,15.53,4900,13.92,5248.0,15.4036666667,15.4,15.28,15.3583333333,15.5562049935,15.4,15.2437950065,0.047491241748,0.0395474495477,0.0079437922003,59.2332125681,81.5217391304,90.615942029
616,2012-06-07,15.5,15.52,15.35,15.38,6900,13.79,5330.0,15.396,15.3975,15.2686,15.3535333333,15.5467481156,15.3975,15.2482518844,0.0428478259141,0.0375615014976,0.00528632441649,49.4450512866,82.6086956522,91.6938405797
617,2012-06-06,15.53,15.54,15.5,15.54,4000,13.93,5312.0,15.3913333333,15.401,15.26,15.3496,15.5517182802,15.401,15.2502817198,0.0515706249637,0.0362399203935,0.0153307045703,64.8727419587,100.0,90.4166666667
618,2012-06-05,15.46,15.54,15.46,15.54,2100,13.93,5270.0,15.381,15.3955,15.248,15.3444666667,15.5329736338,15.3955,15.2580263662,0.0456630612058,0.0324072442509,0.0132558169549,64.8727419587,98.3333333333,81.875
619,2012-06-04,15.46,15.49,15.46,15.49,1200,13.89,5294.0,15.37,15.392,15.2394,15.3391333333,15.5176343902,15.392,15.2663656098,0.0374586716645,0.0290932900122,0.00836538165231,61.6483907746,85.8333333333,71.0416666667
620,2012-06-01,15.46,15.49,15.46,15.49,600,13.89,5392.0,15.3596666667,15.3885,15.231,15.3342666667,15.5066989848,15.3885,15.2703010152,0.0315329428803,0.0270019445991,0.00453099828119,61.6483907746,77.5,63.2325268817
621,2012-05-31,15.42,15.46,15.39,15.46,8700,13.86,5418.0,15.3513333333,15.384,15.2226,15.3292,15.4928852607,15.384,15.2751147393,0.0235108971539,0.0258691950288,-0.00235829787496,59.7363686604,65.8333333333,55.7594086022
622,2012-05-30,15.33,15.33,15.33,15.33,200,13.74,5288.0,15.3393333333,15.3785,15.2148,15.3246,15.4824759588,15.3785,15.2745240412,0.015984418468,0.0264587694976,-0.0104743510295,49.6322253628,55.0,51.1590973401
623,2012-05-29,15.34,15.38,15.34,15.38,5300,13.79,5360.0,15.3306666667,15.382,15.208,15.3208666667,15.4839019136,15.382,15.2800980864,0.0193817577677,0.0290773572549,-0.00969559948722,54.5184326407,54.5967741935,48.115803622
624,2012-05-25,15.36,15.36,15.31,15.34,2300,13.75,5316.0,15.32,15.382,15.2004,15.3158666667,15.4839019136,15.382,15.2800980864,0.0183451725427,0.0315012571267,-0.0131560845841,50.9297797907,47.6075268817,44.1228070175
625,2012-05-24,15.33,15.33,15.33,15.33,100,13.74,5500.0,15.3093333333,15.3815,15.195,15.3106666667,15.4843153685,15.3815,15.2786846315,0.0208280012548,0.0347902782728,-0.013962277018,50.0141961335,47.4320882852,40.4446095076
626,2012-05-23,15.33,15.4,15.33,15.33,1400,13.74,5712.0,15.299,15.38,15.1932,15.3057333333,15.4865833007,15.38,15.2734166993,0.0247122226109,0.0382808475273,-0.0135686249163,50.0141961335,42.8268251273,35.9017503436
627,2012-05-22,15.48,15.48,15.18,15.3,12900,13.72,5938.0,15.2893333333,15.3755,15.1974,15.3002666667,15.4967394325,15.3755,15.2542605675,0.0293104509948,0.0416730037563,-0.0123625527615,47.4792862017,38.6247877759,31.726998949
628,2012-05-21,15.36,15.44,15.36,15.4,2700,13.81,5680.0,15.2803333333,15.372,15.2074,15.2953333333,15.5052066064,15.372,15.2387933936,0.0378076741175,0.0447636419467,-0.00695596782919,56.3196433327,32.8947368421,31.093358396
629,2012-05-18,15.36,15.36,15.36,15.36,0,13.77,5646.0,15.2713333333,15.3625,15.2154,15.2898,15.5124166435,15.3625,15.2125833565,0.0379214727343,0.046502633904,-0.0085811611697,53.074371866,29.2606516291,36.9150038558
630,2012-05-17,15.31,15.37,15.31,15.36,3700,13.77,5682.0,15.2613333333,15.3535,15.224,15.2852,15.5232380334,15.3535,15.1837619666,0.0415878633654,0.0486479241964,-0.00706006083103,53.074371866,26.1278195489,46.9933849046
631,2012-05-16,15.36,15.4,15.3,15.33,6500,13.74,5750.0,15.2496666667,15.3475,15.231,15.2808,15.5242342638,15.3475,15.1707657362,0.0456625966674,0.0504129394042,-0.00475034273677,50.705994733,36.0902255639,61.9529593214
632,2012-05-15,15.33,15.36,15.33,15.36,300,13.77,5624.0,15.2386666667,15.336,15.2414,15.2786,15.5431134955,15.336,15.1288865045,0.0532538003123,0.0516005250884,0.00165327522391,53.1992189549,56.1813186813,76.2076465201
633,2012-05-14,15.33,15.36,15.3,15.32,5200,13.74,5656.0,15.228,15.3215,15.2508,15.2768666667,15.5583353859,15.3215,15.0846646141,0.0591137904145,0.0511872062824,0.00792658413206,50.1654193398,69.5741758242,84.8353504604
634,2012-05-11,15.48,15.48,15.42,15.43,8900,13.83,5644.0,15.2156666667,15.3085,15.2584,15.2748666667,15.5713516692,15.3085,15.0456483308,0.0698061590116,0.0492055602494,0.0206005987622,60.11664396,85.9661172161,89.4532410157
635,2012-05-10,15.45,15.49,15.45,15.48,6700,13.83,5468.0,15.2,15.288,15.265,15.2721333333,15.5727876402,15.288,15.0032123598,0.0712381471627,0.0440554105589,0.0271827366038,65.6099586982,93.108974359,88.9076576577
636,2012-05-09,15.45,15.45,15.42,15.45,2600,13.8,5358.0,15.1826666667,15.265,15.2718,15.2689333333,15.5582234643,15.265,14.9717765357,0.066938784444,0.0372597264079,0.0296790580361,63.765233014,90.6921344421,85.6649016805
637,2012-05-08,15.45,15.47,15.43,15.43,8400,13.79,5334.0,15.166,15.2445,15.2802,15.2654666667,15.5404374934,15.2445,14.9485625066,0.0635321246185,0.0298399618989,0.0336921627196,62.5206756827,88.0457380457,83.8709502772
638,2012-05-07,15.42,15.47,15.42,15.47,4100,13.82,5268.0,15.1496666667,15.2245,15.2874,15.2625333333,15.5216514765,15.2245,14.9273485235,0.0602962479012,0.021416921219,0.0388793266823,66.7804237798,83.7837837838,83.9210304054
639,2012-05-04,15.37,15.43,15.37,15.42,2600,13.78,5274.0,15.1376666667,15.2075,15.2944,15.2593333333,15.4847634127,15.2075,14.9302365873,0.0512163289218,0.0116970895484,0.0395192393734,63.9277021675,80.1379504505,87.0636261261
640,2012-05-03,15.35,15.4,15.34,15.4,3500,13.76,5226.0,15.126,15.1895,15.303,15.2565333333,15.4557686613,15.1895,14.9232313387,0.0439729948219,0.00181727970509,0.0421557151168,62.7392203261,83.5163288288,91.8728885135
641,2012-05-02,15.42,15.42,15.28,15.35,8700,13.72,5276.0,15.115,15.17,15.3146,15.2542,15.4287663038,15.17,14.9112336962,0.0361246230097,-0.00872164907411,0.0448462720838,59.6533201746,88.2460585586,95.677299896
642,2012-05-01,15.4,15.47,15.34,15.4,6700,13.76,5140.0,15.1056666667,15.1525,15.3276,15.2509333333,15.4075196071,15.1525,14.8974803929,0.0306727066528,-0.019933217095,0.0506059237479,64.6230490121,96.3541666667,97.8185096154
643,2012-04-30,15.38,15.38,15.29,15.38,6600,13.74,5052.0,15.092,15.1345,15.3372,15.2466666667,15.3669198787,15.1345,14.9020801213,0.0181770213152,-0.032584698032,0.0507617193472,63.4933966693,99.375,96.9711538462
644,2012-04-27,15.27,15.33,15.23,15.33,6200,13.7,4962.0,15.0793333333,15.113,15.3476,15.2426666667,15.329619482,15.113,14.896380518,0.0039999535378,-0.0452751278688,0.0492750814066,60.5705905692,98.733974359,95.5248397436
645,2012-04-26,15.24,15.3,15.24,15.3,1000,13.67,4838.0,15.0706666667,15.0945,15.3602,15.2384,15.2965371253,15.0945,14.8924628747,-0.00906241229496,-0.0575938982205,0.0485314859255,58.729678712,96.8108974359,92.8838869464
646,2012-04-25,15.23,15.25,15.21,15.24,3400,13.62,4870.0,15.0686666667,15.0775,15.3734,15.2347333333,15.2641413673,15.0775,14.8908586327,-0.0225483786881,-0.0697267697018,0.0471783910137,54.8114830115,92.9647435897,89.1211392774
647,2012-04-24,15.24,15.24,15.14,15.23,12100,13.61,4866.0,15.0786666667,15.063,15.393,15.2309333333,15.2417847868,15.063,14.8842152132,-0.0333243084672,-0.0815213674553,0.0481970589881,54.137624236,93.5897435897,85.0087412587
648,2012-04-23,15.19,15.21,15.1,15.21,12000,13.59,4734.0,15.0976666667,15.0485,15.419,15.2284666667,15.2175295832,15.0485,14.8794704168,-0.045575414353,-0.0935706322023,0.0479952178493,52.831333922,88.1701631702,77.7097902098
649,2012-04-20,15.22,15.22,15.1,15.18,7400,13.56,4564.0,15.1173333333,15.0435,15.4388,15.2262,15.1984548321,15.0435,14.8885451679,-0.0585130016566,-0.105569436665,0.047056435008,50.8827282161,81.7599067599,70.2505827506
650,2012-04-19,15.11,15.24,15.11,15.24,2600,13.62,4422.0,15.1376666667,15.038,15.4592,15.224,15.180492105,15.038,14.895507895,-0.0711204239727,-0.117333545417,0.0462131214439,55.1109059821,76.5151515152,62.8314393939
651,2012-04-18,14.99,15.17,14.99,15.1,5200,13.49,4422.0,15.1533333333,15.0295,15.4802,15.2214,15.1393134782,15.0295,14.9196865218,-0.0922866913803,-0.128886825778,0.0366001343973,45.2543673114,64.3939393939,55.6479978355
652,2012-04-17,15.07,15.12,14.95,15.07,8800,13.47,4370.0,15.1783333333,15.028,15.495,15.2198666667,15.1346958293,15.028,14.9213041707,-0.103705648088,-0.138036859377,0.0343312112892,42.753196406,58.3333333333,54.264745671
653,2012-04-16,15.06,15.07,15.04,15.06,11700,13.46,4272.0,15.2036666667,15.024,15.5106,15.2185333333,15.1300942977,15.024,14.9179057023,-0.113717397949,-0.146619662199,0.0329022642499,41.9320426187,52.0833333333,55.3436147186
654,2012-04-13,15.03,15.03,14.91,15.02,3200,13.42,4110.0,15.225,15.021,15.526,15.2184666667,15.1262425769,15.021,14.9157574231,-0.123823778348,-0.154845228262,0.0310214499137,38.6641883383,47.7813852814,57.4641504329
655,2012-04-12,15.02,15.05,14.85,15.02,12200,13.42,4084.0,15.2496666667,15.0235,15.5434,15.2175333333,15.1308824939,15.0235,14.9161175061,-0.130849394372,-0.16260059074,0.0317511963683,38.6641883383,58.8609307359,59.6523268398
656,2012-04-11,15.0,15.05,15.0,15.04,3100,13.44,3874.0,15.2763333333,15.0345,15.5618,15.2181333333,15.1773950664,15.0345,14.8916049336,-0.137913371269,-0.170538389832,0.0326250185627,39.6255846542,62.6488095238,55.7325487013
657,2012-04-10,15.15,15.18,15.03,15.03,6800,13.38,3830.0,15.304,15.0595,15.582,15.2185333333,15.3222146741,15.0595,14.7967853259,-0.146959925473,-0.178694644473,0.0317347189998,38.9204456523,60.5654761905,47.6461038961
658,2012-04-09,15.07,15.14,15.03,15.13,10400,13.47,3730.0,15.3293333333,15.098,15.6034,15.2190666667,15.513432305,15.098,14.682567695,-0.155350837559,-0.186628324223,0.0312774866639,43.6549021953,56.5340909091,39.4257305195
659,2012-04-05,15.01,15.1,15.0,15.06,5200,13.41,3542.0,15.3523333333,15.1315,15.6164,15.2188666667,15.6476889189,15.1315,14.6153110811,-0.173982862257,-0.194447695889,0.0204648336322,38.8172495304,43.1818181818,31.7478354978
660,2012-04-04,14.96,15.01,14.96,15.01,400,13.36,3500.0,15.3786666667,15.168,15.6332,15.2191333333,15.7569176513,15.168,14.5790823487,-0.188106168511,-0.199563904297,0.0114577357862,35.1227261444,30.303030303,25.3726906896
661,2012-04-03,15.06,15.06,15.0,15.0,4300,13.36,3524.0,15.411,15.203,15.6474,15.2193333333,15.8320341803,15.203,14.5739658197,-0.198305644224,-0.202428338243,0.00412269401951,34.3869170012,27.683982684,21.7167017255
662,2012-04-02,14.94,15.1,14.94,15.04,8100,13.39,3446.0,15.4443333333,15.2455,15.6612,15.2186666667,15.9266306776,15.2455,14.5643693224,-0.207421256582,-0.203459011748,-0.00396224483361,35.8991985325,25.8225108225,18.8494032376
663,2012-03-30,14.95,14.96,14.94,14.95,7400,13.31,3308.0,15.4723333333,15.285,15.6758,15.2171333333,16.0044303302,15.285,14.5655696698,-0.220111783532,-0.20246845054,-0.0176433329923,29.4134649246,17.6812389488,16.3096621561
664,2012-03-29,14.99,15.0,14.96,14.96,3100,13.32,3404.0,15.504,15.3225,15.6928,15.2168666667,16.0463473596,15.3225,14.5986526404,-0.223944248352,-0.198057617292,-0.0258866310601,29.723758063,15.6790744467,16.4659235803
665,2012-03-28,14.96,14.99,14.95,14.96,9000,13.32,3404.0,15.5373333333,15.3625,15.702,15.2159333333,16.0902052975,15.3625,14.6347947025,-0.226596678018,-0.191585959527,-0.0350107184917,29.723758063,16.2147887324,17.953179279
666,2012-03-27,14.96,15.04,14.9,14.95,6000,13.31,3230.0,15.5706666667,15.4055,15.713,15.2150666667,16.1346220748,15.4055,14.6763779252,-0.226686191113,-0.182833279904,-0.0438529112088,29.078648289,15.6635464964,18.452769293
667,2012-03-26,14.99,15.04,14.94,14.94,1900,13.3,3156.0,15.613,15.4515,15.7264,15.2144666667,16.1759384032,15.4515,14.7270615968,-0.222485006864,-0.171870052102,-0.0506149547623,28.4689216336,18.3062846457,18.5726048726
668,2012-03-23,15.04,15.14,14.97,15.11,3300,13.45,3932.0,15.666,15.494,15.739,15.2128666667,16.1926959281,15.494,14.7953040719,-0.212868440687,-0.159216313411,-0.0536521272756,32.9392106545,21.6280972417,17.8187039817
669,2012-03-22,15.12,15.23,14.95,15.07,6100,13.42,3952.0,15.7023333333,15.5295,15.743,15.2101333333,16.2186291606,15.5295,14.8403708394,-0.214807027992,-0.145803281592,-0.0690037464001,30.556776851,18.2131487881,15.2504369714
670,2012-03-21,15.15,15.16,15.01,15.07,1900,13.42,3896.0,15.74,15.5685,15.7472,15.2081333333,16.2371785476,15.5685,14.8998214524,-0.210084177201,-0.128552344992,-0.0815318322084,30.556776851,16.142888815,14.6888463156
671,2012-03-20,15.01,15.16,15.0,15.07,2200,13.42,3880.0,15.7806666667,15.614,15.7526,15.2055333333,16.264396802,15.614,14.963603198,-0.20100033234,-0.10816938694,-0.0928309453999,30.556776851,15.2906810822,17.8189931978
672,2012-03-19,15.0,15.05,14.99,14.99,3800,13.35,3852.0,15.8063333333,15.6605,15.7562,15.2029333333,16.2809667598,15.6605,15.0400332402,-0.186482401884,-0.0849616505901,-0.101520751294,26.3679233062,11.3550292005,24.045730647
673,2012-03-16,15.03,15.03,14.88,15.0,3100,13.36,3830.0,15.835,15.705,15.7596,15.2011333333,16.249775183,15.705,15.160224817,-0.157094317529,-0.0595814627666,-0.0975128547619,26.55383982,15.9667861647,34.0884123167
674,2012-03-15,15.21,15.21,14.91,15.07,11500,13.42,3848.0,15.8626666667,15.75,15.7632,15.1991333333,16.1937116181,15.75,15.3062883819,-0.118317608878,-0.0352032490762,-0.0831143598023,27.8292716064,28.6634763438,41.9687253449
675,2012-03-14,15.59,15.59,15.21,15.24,10700,13.57,3648.0,15.89,15.7945,15.767,15.1952,16.118998074,15.7945,15.470001926,-0.0742307173451,-0.0144246591256,-0.0598060582195,31.2098218306,40.1976308791,46.0478099072
676,2012-03-13,15.72,15.72,15.4,15.54,12700,13.84,3486.0,15.9133333333,15.8305,15.7674,15.1891333333,16.040497619,15.8305,15.620502381,-0.0341891835356,0.000526855429282,-0.0347160389649,38.9662509082,51.5257558791,45.4762199729
677,2012-03-12,15.8,15.8,15.8,15.8,0,14.02,3268.0,15.9303333333,15.8645,15.761,15.1812,16.094584767,15.8645,15.634415233,-0.0131297831673,0.0092058651705,-0.0223356483378,48.7080365613,47.4880382775,38.9475987885
678,2012-03-09,15.8,15.8,15.8,15.8,1000,14.02,3316.0,15.9403333333,15.901,15.7474,15.1735333333,16.2689075971,15.901,15.5330924029,-0.0125320789422,0.014789777255,-0.0273218561971,48.7080365613,44.9798145933,32.5761342773
679,2012-03-08,15.81,15.81,15.79,15.79,1800,14.01,3502.0,15.9396666667,15.921,15.732,15.1652,16.3077764212,15.921,15.5342235788,-0.0115869062192,0.0216202413042,-0.0332071475235,48.279219255,37.9112711416,24.2689889447
680,2012-03-07,15.71,15.8,15.7,15.71,7100,13.94,3466.0,15.9433333333,15.9415,15.7192,15.1555333333,16.3415637449,15.9415,15.5414362551,-0.00919380348965,0.0299220281851,-0.0391158316748,44.8543874403,25.4112711416,16.6737469168
681,2012-03-06,15.85,15.85,15.85,15.85,200,14.06,3324.0,15.9436666667,15.9705,15.708,15.1463333333,16.3831245267,15.9705,15.5578754733,0.00213984840865,0.0397009861038,-0.0375611376951,50.2628615137,22.0021802326,12.203504889
682,2012-03-05,15.73,15.83,15.68,15.83,1900,14.05,3324.0,15.9383333333,15.97,15.694,15.1372,16.3832311702,15.97,15.5567688298,0.00232003903655,0.0490912705276,-0.046771231491,49.4543789921,11.7512332629,8.79620974575
683,2012-03-02,15.78,15.81,15.7,15.7,4600,13.93,3334.0,15.9363333333,15.971,15.6804,15.1286,16.382966018,15.971,15.559033982,0.00455264541562,0.0607840784003,-0.0562314329847,43.9558179837,7.5303030303,7.61542390194
684,2012-03-01,15.76,15.76,15.76,15.76,100,13.99,3300.0,15.9396666667,15.9775,15.672,15.1208,16.3760410895,15.9775,15.5789589105,0.0205724063516,0.0748419366465,-0.0542695302949,46.1053299151,7.5303030303,7.6991402792
685,2012-02-29,15.87,15.87,15.82,15.82,1200,14.04,3322.0,15.9283333333,15.984,15.6618,15.1115333333,16.3722473438,15.984,15.5957526562,0.0346111207629,0.0884093192202,-0.0537981984573,48.2985007412,8.37299965952,9.25757575758
686,2012-02-28,15.78,15.87,15.78,15.87,1400,14.08,3358.0,15.918,15.99,15.6506,15.1016666667,16.3715756806,15.99,15.6084243194,0.045917099946,0.101858868835,-0.0559417688886,50.1442669175,7.02808988764,11.0266853933
687,2012-02-27,15.84,15.85,15.79,15.79,5100,14.01,3358.0,15.9096666667,15.999,15.6376,15.0921333333,16.3773067538,15.999,15.6206932462,0.0545888464676,0.115844311057,-0.0612554645891,47.1431742091,7.86516853933,13.2920695061
688,2012-02-24,15.84,15.9,15.82,15.82,4400,14.04,3414.0,15.9023333333,16.0145,15.6272,15.0842666667,16.3825475513,16.0145,15.6464524487,0.0730085833521,0.131158177204,-0.0581495938519,48.1524961037,13.7640449438,15.2077345179
689,2012-02-23,15.86,15.86,15.85,15.85,200,14.06,3406.0,15.8853333333,16.0125,15.6142,15.0757333333,16.3851593619,16.0125,15.6398406381,0.0924023772177,0.145695575667,-0.0532931984493,49.129206797,15.4494382022,15.3677815521
690,2012-02-22,16.0,16.0,15.95,15.98,6000,14.18,3430.0,15.8663333333,16.015,15.5996,15.0658,16.3839173349,16.015,15.6460826651,0.112757330447,0.159018875279,-0.0462615448327,53.4953785653,16.0896263392,17.4941207212
691,2012-02-21,15.97,16.11,15.9,16.0,1900,14.2,3330.0,15.845,16.002,15.5812,15.0550666667,16.39262002,16.002,15.61137998,0.123861182307,0.170584261487,-0.0467230791806,54.183283371,15.5278285864,25.1290175072
692,2012-02-17,15.9,15.9,15.79,15.88,2300,14.09,3334.0,15.82,15.9865,15.5614,15.0442,16.4001314785,15.9865,15.5728685215,0.134195754211,0.182265031283,-0.0480692770713,50.6474811149,14.4042330807,36.8355435067
693,2012-02-16,15.82,15.91,15.82,15.9,2100,14.11,3364.0,15.796,15.981,15.5444,15.034,16.4029905212,15.981,15.5590094788,0.157652669563,0.19428235055,-0.0366296809878,51.2596963045,23.9547948785,52.7762069814
694,2012-02-15,15.96,15.96,15.96,15.96,0,14.16,3334.0,15.772,15.976,15.5254,15.0240666667,16.4040373815,15.976,15.5479626185,0.183262729963,0.203439770797,-0.0201770408345,53.0459155754,46.6292134831,69.5595670853
695,2012-02-14,16.28,16.28,15.89,15.96,2600,14.16,3488.0,15.7486666667,15.949,15.5038,15.0137333333,16.441012195,15.949,15.456987805,0.207175749165,0.208484031006,-0.00130828184079,53.0459155754,62.3539325843,77.2889058713
696,2012-02-13,16.46,16.68,16.22,16.22,3200,14.39,3616.0,15.7253333333,15.9265,15.4846,15.0032666667,16.4542982569,15.9265,15.3987017431,0.234683991868,0.208811101466,0.0258728904021,60.9863468655,78.1668869795,78.9568565488
697,2012-02-10,16.21,16.53,16.21,16.53,5500,14.62,3580.0,15.692,15.8965,15.4614,14.9908,16.4223621492,15.8965,15.3706378508,0.239908199946,0.202342878866,0.0375653210801,73.1012721361,91.0882352941,74.2588848039
698,2012-02-09,16.17,16.2,16.05,16.2,3500,14.33,3476.0,15.645,15.8485,15.4322,14.9761333333,16.3049767245,15.8485,15.3920232755,0.211522978984,0.192951548596,0.018571430388,66.5288336709,77.5465686275,64.2797947304
699,2012-02-08,16.26,16.26,16.2,16.2,300,14.33,3422.0,15.606,15.804,15.4104,14.9645333333,16.2874625115,15.804,15.3205374885,0.205816417261,0.188308690999,0.0175077262627,66.5288336709,69.0257352941,59.7201866388
700,2012-02-07,15.84,16.29,15.84,16.29,2600,14.41,3436.0,15.571,15.758,15.3882,14.9525333333,16.2568226138,15.758,15.2591773862,0.195539076048,0.183931759433,0.0116073166153,70.5845110553,59.375,60.1236979167
701,2012-02-06,15.94,15.94,15.84,15.84,2600,14.01,3650.0,15.533,15.7105,15.3654,14.9400666667,16.1775535301,15.7105,15.2434464699,0.170413610339,0.181029930279,-0.0106163199399,58.9722603668,51.171875,66.455518018
702,2012-02-03,15.85,15.85,15.82,15.85,3900,14.02,3600.0,15.51,15.681,15.348,14.9296666667,16.184702293,15.681,15.177297707,0.181683817957,0.183684010264,-0.00200019230741,59.4565923499,59.3081362613,72.8475472359
703,2012-02-02,15.89,15.89,15.79,15.83,3600,14.0,3610.0,15.4866666667,15.6465,15.3294,14.9192,16.1919640226,15.6465,15.1010359774,0.1924078456,0.184184058341,0.00822378725896,58.8286264767,70.6397804054,75.3225967556
704,2012-02-01,15.91,15.91,15.86,15.89,1900,14.05,3550.0,15.4683333333,15.614,15.3114,14.909,16.1885398159,15.614,15.0394601841,0.205333308583,0.182128111526,0.0232051970569,61.481374082,84.7022804054,71.3660535155
705,2012-01-31,16.03,16.03,15.94,15.94,1700,14.1,3590.0,15.447,15.5825,15.291,14.8984,16.1621162524,15.5825,15.0028837476,0.212735142302,0.176326812262,0.0364083300402,63.7042207217,76.7399918716,59.7417873734
706,2012-01-30,16.1,16.1,15.94,16.05,900,14.19,3576.0,15.4243333333,15.5485,15.2692,14.8877333333,16.1199639096,15.5485,14.9770360904,0.21399733527,0.167224729752,0.0467726055183,68.784587532,69.2083343399,50.4504671563
707,2012-01-27,15.8,16.1,15.8,16.1,1800,14.24,3588.0,15.3966666667,15.507,15.2424,14.8772,16.0464107897,15.507,14.9675892103,0.201295663964,0.155531578372,0.0457640855913,71.1805547226,54.8136074452,42.7290297591
708,2012-01-26,15.85,15.85,15.78,15.78,1000,13.95,3580.0,15.369,15.458,15.2158,14.8658,15.9489012121,15.458,14.9670987879,0.177064866566,0.144090556975,0.0329743095911,63.6573777103,38.2052158368,37.4752260795
709,2012-01-25,15.67,15.9,15.62,15.9,3100,14.06,3570.0,15.3486666667,15.4205,15.1952,14.8568666667,15.9217574189,15.4205,14.9192425811,0.1761438871,0.135846979577,0.0402969075236,70.0223888887,39.5747110033,35.7536587447
710,2012-01-24,15.71,15.72,15.62,15.72,1600,13.9,3568.0,15.3226666667,15.383,15.1708,14.8476,15.8459081982,15.383,14.9200918018,0.160188107679,0.125772752696,0.0344153549836,65.1718835119,38.3225847512,33.0812647777
711,2012-01-23,15.73,15.73,15.69,15.69,400,13.87,3540.0,15.3006666667,15.3545,15.1544,14.8382666667,15.8007947457,15.3545,14.9082052543,0.155819994925,0.11716891395,0.0386510809752,64.2773477002,33.798392727,29.840391724
712,2012-01-20,15.77,15.77,15.73,15.77,1200,13.95,3568.0,15.278,15.3275,15.1386,14.8288666667,15.7542493409,15.3275,14.9007506591,0.151032767447,0.107506143706,0.0435266237409,68.6429882398,31.3189464975,32.1614398572
713,2012-01-19,15.46,15.86,15.46,15.8,12200,13.97,3546.0,15.2533333333,15.2965,15.1226,14.8199333333,15.6778279429,15.2965,14.9151720571,0.134580229576,0.096624487771,0.0379557418048,70.3057399118,28.8851351351,38.6646315878
714,2012-01-18,15.51,15.74,15.36,15.42,3100,13.64,3368.0,15.225,15.2705,15.1052,14.8094,15.5739122608,15.2705,14.9670877392,0.108568732444,0.0871355523198,0.0214331801247,58.4747483976,25.3590925362,50.0837085915
715,2012-01-17,15.51,15.51,15.51,15.51,300,13.72,3306.0,15.207,15.262,15.093,14.8014,15.5576078483,15.262,14.9663921517,0.112480330907,0.0817772572886,0.0307030736182,64.0906223703,43.0825852597,64.9985880629
716,2012-01-13,15.61,15.62,15.5,15.62,2300,13.81,3306.0,15.19,15.2495,15.079,14.7930666667,15.5223717648,15.2495,14.9766282352,0.10667323904,0.074101488884,0.032571750156,71.9308703425,57.3317134202,72.5747159415
717,2012-01-12,15.34,16.64,15.31,15.57,40700,13.77,3262.0,15.1713333333,15.2295,15.0624,14.7846666667,15.4429923886,15.2295,15.0160076114,0.0865096673986,0.0659585513451,0.0205511160535,70.4026693034,74.5614431499,74.5724327478
718,2012-01-11,15.21,15.31,15.21,15.31,4300,13.54,2462.0,15.1546666667,15.2145,15.0464,14.7766,15.3622125587,15.2145,15.0667874413,0.0646062044322,0.0608207723317,0.00378543210054,59.8469199641,85.0186104218,70.8043837883
719,2012-01-10,15.34,15.34,15.28,15.28,3300,13.46,2426.0,15.148,15.2075,15.035,14.7702666667,15.349609113,15.2075,15.065390887,0.0621824214543,0.0598744143065,0.00230800714781,58.2516313831,73.3870967742,64.7782258065
720,2012-01-09,15.28,15.34,15.28,15.34,1100,13.51,2382.0,15.1416666667,15.1995,15.0246,14.7637333333,15.3423950664,15.1995,15.0566049336,0.0612388668687,0.0592974125196,0.00194145434913,62.8920995473,65.3225806452,63.4371266428
721,2012-01-06,15.17,15.27,15.17,15.25,800,13.44,2406.0,15.1353333333,15.1855,15.0124,14.7568,15.3254249799,15.1855,15.0455750201,0.0530347100431,0.0588120489323,-0.00577733888916,58.2607816493,59.4892473118,63.0276181354
722,2012-01-05,15.17,15.18,15.16,15.16,2700,13.36,2458.0,15.126,15.1735,15.0028,14.7504,15.3294839735,15.1735,15.0175160265,0.0509554450033,0.0602563836546,-0.00930093865126,52.7894564776,60.9139784946,59.2847762946
723,2012-01-04,15.34,15.34,15.18,15.18,4000,13.37,2444.0,15.118,15.167,14.995,14.7445333333,15.3350595133,15.167,14.9989404867,0.0567240129707,0.0625816183174,-0.00585760534675,54.257054892,68.0227001195,52.2170016582
724,2012-01-03,15.27,15.27,15.26,15.26,1500,13.44,2392.0,15.1096666667,15.1555,14.984,14.7382666667,15.348111007,15.1555,14.962888993,0.0612253631694,0.0640460196541,-0.00282065648472,60.5048301264,63.6845466156,40.9738984674
725,2011-12-30,15.32,15.33,15.26,15.26,2600,13.44,2386.0,15.0966666667,15.1365,14.97,14.7314666667,15.3570697169,15.1365,14.9159302831,0.0579347175951,0.0647511837753,-0.00681646618019,60.5048301264,44.5178799489,31.0391400187
726,2011-12-29,15.13,15.24,15.13,15.22,1800,13.41,2438.0,15.083,15.1235,14.9566,14.7244,15.3440697169,15.1235,14.9029302831,0.0528919704425,0.0664553003203,-0.0135633298778,58.4416951432,32.6428799489,28.9263512669
727,2011-12-28,15.08,15.22,15.08,15.12,2400,13.32,2432.0,15.066,15.1155,14.9424,14.7176,15.3330752743,15.1155,14.8979247257,0.0497589808705,0.0698461327898,-0.0200871519193,52.7066166427,23.0502873563,33.514951404
728,2011-12-27,15.19,15.19,15.03,15.03,10300,13.24,2402.0,15.0543333333,15.113,14.9312,14.7116,15.331458234,15.113,14.894541766,0.0552181980949,0.0748679207696,-0.0196497226747,46.5412618818,23.9455128205,43.7573815074
729,2011-12-23,15.15,15.15,15.15,15.15,0,13.35,2230.0,15.045,15.117,14.922,14.7064666667,15.3321371655,15.117,14.9018628345,0.0705466070164,0.0797803514383,-0.0092337444219,55.498964005,36.0667249417,57.047326315
730,2011-12-22,15.15,15.15,15.15,15.15,0,13.35,2308.0,15.0293333333,15.114,14.9124,14.7001333333,15.3288860163,15.114,14.8991139837,0.0768669164832,0.0820887875437,-0.00522187106058,55.498964005,50.9972804973,69.1679694098
731,2011-12-21,15.15,15.15,15.15,15.15,200,13.35,2364.0,15.021,15.114,14.9034,14.6943333333,15.3288860163,15.114,14.8991139837,0.0838158654174,0.0833942553089,0.000421610108488,55.498964005,64.02000777,78.1016085364
732,2011-12-20,15.21,15.21,15.15,15.15,2400,13.35,2408.0,15.0126666667,15.105,14.9004,14.6896,15.3280246623,15.105,14.8819753377,0.0914661112874,0.0832888527818,0.00817725850558,55.498964005,77.1052920509,84.7738840266
733,2011-12-19,15.18,15.28,15.14,15.28,2900,13.46,2370.0,15.0066666667,15.0935,14.8994,14.6838,15.3294046417,15.0935,14.8575953583,0.0999001907608,0.0812445381554,0.0186556526055,65.6806382884,84.549297321,88.9900558379
734,2011-12-16,15.29,15.29,15.22,15.25,1200,13.44,2318.0,14.995,15.076,14.8942,14.6771333333,15.3058173188,15.076,14.8461826812,0.0959756857868,0.076580625004,0.0193950607828,64.276258803,86.7318370036,88.9539219838
735,2011-12-15,15.2,15.3,15.17,15.26,3000,13.44,2308.0,14.9803333333,15.057,14.8896,14.6706666667,15.2889568925,15.057,14.8250431075,0.0926251258268,0.0717318598083,0.0208932660185,65.1008255807,90.7091097308,83.2179324299
736,2011-12-14,15.32,15.32,15.22,15.22,1400,13.41,2250.0,14.9653333333,15.0365,14.8844,14.6650666667,15.265521833,15.0365,14.807478167,0.0859831365566,0.0665085433037,0.0194745932529,63.3547280461,93.9699792961,71.3108570174
737,2011-12-13,15.08,15.28,15.08,15.27,7900,13.45,2282.0,14.951,15.011,14.8786,14.6590666667,15.2648424708,15.011,14.7571575292,0.0803276064473,0.0616398949905,0.0186877114569,67.2608044379,84.4047619048,52.9635642136
738,2011-12-12,15.11,15.17,15.1,15.17,4000,13.3,2130.0,14.9343333333,14.986,14.873,14.6525333333,15.231226426,14.986,14.740773574,0.0668497828323,0.0569679671262,0.00988181570601,63.0274303233,63.7878787879,34.6950757576
739,2011-12-09,15.07,15.12,15.07,15.12,1400,13.25,2058.0,14.92,14.965,14.8694,14.6477333333,15.2154795401,14.965,14.7145204599,0.0588566365769,0.0544975131997,0.00435912337716,60.666017675,43.0808080808,21.6239373937
740,2011-12-08,15.06,15.06,15.06,15.06,1000,13.2,2036.0,14.908,14.943,14.867,14.6416,15.2117824399,14.943,14.6742175601,0.0528892879153,0.0534077323555,-0.000518444440125,57.652179906,20.5808080808,14.2483155155
741,2011-12-07,15.01,15.01,14.99,15.01,2100,13.16,2046.0,14.897,14.935,14.8668,14.635,15.1988560213,14.935,14.6711439787,0.050612573254,0.0535373434655,-0.00292477021152,54.9830997877,11.3308080808,13.8463778478
742,2011-12-06,14.96,15.04,14.96,15.03,3800,13.17,2048.0,14.889,14.9295,14.8638,14.6286,15.1914522857,14.9295,14.6675477143,0.052061383657,0.0542685360184,-0.00220715236134,56.3011225571,11.5033253325,17.9971261305
743,2011-12-05,14.88,14.95,14.88,14.95,600,13.1,1998.0,14.8803333333,14.9265,14.8584,14.6221333333,15.1851329445,14.9265,14.6678670555,0.0511169724456,0.0548203241087,-0.00370335166313,52.0300357827,13.5783205679,23.4390262557
744,2011-12-02,15.0,15.0,14.86,14.88,7700,13.04,2008.0,14.8696666667,14.9255,14.855,14.6162,15.1839163308,14.9255,14.6670836692,0.0573134952637,0.0557461620245,0.00156733323926,47.8919829583,18.97305741,29.4044939606
745,2011-12-01,15.05,15.05,14.86,15.0,9000,13.15,1906.0,14.859,14.922,14.8512,14.6101333333,15.1846480535,14.922,14.6593519465,0.0715161335478,0.0553543287147,0.0161618048332,55.5151752264,27.9338012117,38.2975932445
746,2011-11-30,15.06,15.06,15.0,15.06,1400,13.2,1768.0,14.8453333333,14.9125,14.8462,14.6032,15.1769144474,14.9125,14.6480855526,0.0763854481061,0.0513138775064,0.0250715705997,59.9452840826,33.2709258332,47.1280837854
747,2011-11-29,15.07,15.07,15.07,15.07,300,13.21,1824.0,14.827,14.899,14.8384,14.5954,15.1594534507,14.899,14.6385465493,0.0753803121698,0.0450459848565,0.0303343273134,60.6948653094,37.4401913876,57.0696498478
748,2011-11-28,15.12,15.12,15.11,15.11,800,13.24,1836.0,14.81,14.884,14.8342,14.5872,15.1378030733,14.884,14.6301969267,0.0719827704887,0.0374624030281,0.0345203674606,63.6511427655,54.5454545455,67.1174967377
749,2011-11-25,15.22,15.36,15.09,15.09,1000,13.23,1846.0,14.792,14.8655,14.8294,14.5791333333,15.104202744,14.8655,14.626797256,0.0625265224449,0.028832311163,0.0336942112819,62.810128746,63.2557633754,70.0929752066
750,2011-11-23,14.99,15.85,14.99,15.15,13300,13.28,1830.0,14.778,14.849,14.8246,14.5716,15.068171166,14.849,14.629828834,0.0515837982517,0.0204087583425,0.0311750399092,67.1373940773,73.0371900826,67.4369290996
751,2011-11-22,14.97,14.97,14.97,14.97,100,13.12,1592.0,14.763,14.828,14.8186,14.564,15.0040227258,14.828,14.6519772742,0.0307575023068,0.0126149983652,0.0181425039417,59.332480543,77.6315789474,59.7039473684
752,2011-11-21,14.93,14.93,14.85,14.92,4400,13.08,1590.0,14.764,14.818,14.8166,14.5574,14.9829969697,14.818,14.6530030303,0.0220554663582,0.00807937237978,0.0139760939785,56.6785998324,66.4473684211,48.4680451128
753,2011-11-18,14.89,14.93,14.89,14.93,600,13.09,1558.0,14.77,14.8105,14.8156,14.55,14.969807878,14.8105,14.651192122,0.0157186064186,0.00458534888516,0.0111332575335,57.3739341395,52.6315789474,37.7647243108
754,2011-11-17,14.85,14.87,14.84,14.87,3900,13.03,1580.0,14.773,14.7955,14.818,14.5438,14.9632468331,14.7955,14.6277531669,0.00638365272963,0.00180203450179,0.00458161822784,54.2466757588,42.1052631579,33.828320802
755,2011-11-16,14.79,14.85,14.79,14.85,1000,13.01,1606.0,14.778,14.78,14.8182,14.5376666667,14.9727692922,14.78,14.5872307078,0.000485095072326,0.000656629944834,-0.000171534872507,53.1835589839,32.6879699248,34.8496240602
756,2011-11-15,14.77,14.77,14.71,14.71,1500,12.89,1602.0,14.783,14.767,14.8234,14.5316666667,14.9736978471,14.767,14.5603021529,-0.00501430172041,0.000699513662961,-0.00571381538338,44.8548204336,23.634085213,43.046679198
757,2011-11-14,14.71,14.77,14.64,14.77,1400,12.94,1588.0,14.7903333333,14.757,14.8312,14.5260666667,14.9912733446,14.757,14.5227266554,0.00229394894369,0.0021279675088,0.000165981434887,48.2723968002,36.8859649123,58.2377819549
758,2011-11-11,14.73,14.75,14.73,14.75,500,12.93,1588.0,14.7976666667,14.7465,14.838,14.5208,14.9958411318,14.7465,14.4971588682,0.00547947689761,0.00208647215008,0.00339300474752,47.0230290528,46.1904761905,71.9016290727
759,2011-11-10,14.87,14.87,14.68,14.68,3000,12.87,1596.0,14.8056666667,14.7375,14.845,14.5164666667,14.9984118625,14.7375,14.4765881375,0.0115020310948,0.0012382209632,0.0102638101316,42.510276558,65.4761904762,85.0250626566
760,2011-11-09,14.9,14.9,14.9,14.9,200,13.0,1586.0,14.8163333333,14.737,14.8534,14.5124666667,14.9983885996,14.737,14.4756114004,0.026148970727,-0.0013277315697,0.0274767022967,56.5744705278,84.3984962406,93.3270676692
761,2011-11-08,15.02,15.02,14.9,14.9,1800,13.0,1592.0,14.8213333333,14.727,14.8562,14.5064,14.977766824,14.727,14.476233176,0.0220634431924,-0.00819690714387,0.0302603503362,56.5744705278,91.5413533835,96.9959621275
762,2011-11-07,14.97,14.97,14.97,14.97,100,13.07,1572.0,14.82,14.732,14.8562,14.4998,14.9997760258,14.732,14.4642239742,0.0165279016017,-0.0157619947279,0.0322898963297,62.2221769199,98.6842105263,97.9532163743
763,2011-11-04,14.86,14.95,14.86,14.93,3300,13.03,1582.0,14.813,14.7385,14.853,14.4920666667,15.0339505035,14.7385,14.4430494965,0.00209485903912,-0.0238344688103,0.0259293278495,60.1091646875,98.6842105263,96.6783277639
764,2011-11-03,14.81,14.81,14.81,14.81,0,12.93,1596.0,14.808,14.743,14.8526,14.4852,15.052392954,14.743,14.433607046,-0.0122846950541,-0.0303168007727,0.0180321057186,52.7464876772,99.0740740741,94.7277634778
765,2011-11-02,14.8,14.81,14.8,14.81,300,12.93,1606.0,14.804,14.7535,14.8528,14.479,15.084756698,14.7535,14.422243302,-0.0182413667141,-0.0348248272024,0.0165834604883,52.7464876772,95.3703703704,90.2189070939
766,2011-11-01,14.79,14.79,14.79,14.79,100,12.91,1632.0,14.802,14.763,14.8532,14.4725333333,15.1106837644,14.763,14.4153162356,-0.0255789168443,-0.0389706923244,0.0133917754802,51.4589767352,93.5846560847,84.6154739905
767,2011-10-31,14.67,14.77,14.67,14.77,700,12.89,1670.0,14.798,14.77,14.8546,14.4658,15.1251337776,14.77,14.4148662224,-0.0325358784018,-0.0423186361945,0.00978275779267,50.1989771175,90.881953382,75.4295893879
768,2011-10-28,14.69,14.74,14.6,14.74,2500,12.86,1656.0,14.801,14.781,14.8532,14.4591333333,15.1488532316,14.781,14.4131467684,-0.0389058783766,-0.0447643256426,0.00585844726599,48.3308814439,81.0386485386,62.579624038
769,2011-10-27,14.78,14.78,14.76,14.76,1100,12.88,1608.0,14.8053333333,14.7935,14.8524,14.4522,15.1717737104,14.7935,14.4152262896,-0.0434158655682,-0.0462289374591,0.00281307189097,49.479863922,72.9566379566,50.0988419738
770,2011-10-26,14.7,14.73,14.63,14.73,2300,12.86,1644.0,14.8083333333,14.8055,14.8526,14.4463333333,15.1938542198,14.8055,14.4171457802,-0.0505771093571,-0.0469322054319,-0.00364490392519,47.7497131751,56.8411176745,37.1837565588
771,2011-10-25,14.74,14.77,14.63,14.77,3400,12.89,1598.0,14.8123333333,14.8215,14.8516,14.4410666667,15.2222630222,14.8215,14.4207369778,-0.0559272480206,-0.0460209794506,-0.00990626857005,49.8639832055,39.4820919821,27.7574277574
772,2011-10-24,14.57,14.77,14.57,14.77,2000,12.89,1560.0,14.8156666667,14.826,14.8498,14.4355333333,15.226369829,14.826,14.425630171,-0.0660152104891,-0.0435444123081,-0.022470798181,49.8639832055,31.1155202822,22.748015873
773,2011-10-21,14.56,14.63,14.56,14.63,1400,12.77,1546.0,14.819,14.8255,14.8488,14.429,15.2261731835,14.8255,14.4248268165,-0.0779308977053,-0.0379267127628,-0.0400041849425,42.1312615257,21.2962962963,20.4475308642
774,2011-10-20,14.66,14.66,14.56,14.56,1200,12.71,1640.0,14.833,14.833,14.8502,14.4242,15.2242595047,14.833,14.4417404953,-0.0777515617856,-0.0279256665272,-0.0498258952585,37.6677055391,19.1358024691,19.7530864198
775,2011-10-19,14.51,14.62,14.51,14.59,5200,12.73,1624.0,14.8436666667,14.8395,14.8486,14.4192666667,15.2164602101,14.8395,14.4625397899,-0.069264459404,-0.0154691927126,-0.0537952666914,38.8605517785,19.4444444444,21.8798225309
776,2011-10-18,14.56,14.56,14.51,14.51,1500,12.66,1528.0,14.861,14.8475,14.8434,14.4135333333,15.2094323141,14.8475,14.4855676859,-0.0604788929546,-0.00202037603972,-0.0584585169149,33.6583704916,21.9135802469,27.6399911817
777,2011-10-17,14.58,14.59,14.53,14.56,900,12.71,1510.0,14.8806666667,14.8555,14.8402,14.4077333333,15.1935221886,14.8555,14.5174778114,-0.0402401678799,0.012594253189,-0.0528344210689,35.4067909027,18.5185185185,36.4807925485
778,2011-10-14,14.53,14.71,14.5,14.57,1700,12.72,1496.0,14.899,14.8705,14.842,14.4023333333,15.1801756368,14.8705,14.5608243632,-0.0189137927063,0.0258028584562,-0.0447166511625,35.7516920943,27.6427469136,51.9516093474
779,2011-10-13,14.77,14.77,14.4,14.67,3900,12.8,1522.0,14.9166666667,14.8855,14.8416,14.3978,15.1628788024,14.8855,14.6081211976,0.00756334495468,0.0369820212469,-0.0294186762922,39.3071451404,42.4851190476,67.1316964286
780,2011-10-12,14.98,15.05,14.7,14.7,2800,12.83,1446.0,14.931,14.8945,14.835,14.3933333333,15.1544596122,14.8945,14.6345403878,0.0310659701881,0.0443366903199,-0.0132707201319,40.4271185337,57.2767857143,78.0431547619
781,2011-10-11,15.1,15.1,15.0,15.0,2400,13.04,1420.0,14.9423333333,14.902,14.8276,14.3886666667,15.1473242752,14.902,14.6566757248,0.0575574522832,0.0476543703529,0.00990308193031,54.97121998,80.4017857143,84.8325892857
782,2011-10-10,15.21,15.21,15.08,15.1,500,13.12,1414.0,14.939,14.8955,14.8172,14.382,15.1369518586,14.8955,14.6540481414,0.0599875628514,0.0451785998703,0.0148089629811,61.859567484,88.3630952381,85.4166666667
783,2011-10-07,15.04,15.04,15.02,15.02,300,13.05,1432.0,14.9293333333,14.884,14.806,14.3738,15.1065668439,14.884,14.6614331561,0.0520349030625,0.041476359125,0.0105585439374,57.9448128535,86.130952381,84.0104166667
784,2011-10-06,15.02,15.02,15.02,15.02,700,13.05,1464.0,14.9256666667,14.8855,14.7962,14.3656666667,15.1120811113,14.8855,14.6589188887,0.0492730005237,0.0388367231407,0.010436277383,57.9448128535,84.4345238095,84.9479166667
785,2011-10-05,15.0,15.0,15.0,15.0,100,13.04,1460.0,14.919,14.8785,14.7832,14.3582666667,15.0965160545,14.8785,14.6604839455,0.0450311103665,0.0362276537949,0.00880345657163,56.993275276,82.7380952381,85.4445684524
786,2011-10-04,14.95,14.95,14.73,14.93,3000,12.98,1572.0,14.9133333333,14.884,14.77,14.352,15.1188957215,14.884,14.6491042785,0.0409982816879,0.034026789652,0.00697149203592,53.5798001647,82.7380952381,83.5472470238
787,2011-10-03,14.99,14.99,14.99,14.99,300,13.03,1516.0,14.911,14.8925,14.7602,14.3452,15.145076721,14.8925,14.639923279,0.0423818598954,0.032283916643,0.0100979432524,57.1928205635,89.880952381,79.0736607143
788,2011-09-30,14.99,14.99,14.99,14.99,400,13.03,1580.0,14.9013333333,14.8985,14.7526,14.3384666667,15.1653538926,14.8985,14.6316461074,0.0374222544817,0.0297594308299,0.00766282365176,57.1928205635,86.4211309524,67.4572172619
789,2011-09-29,15.0,15.0,15.0,15.0,300,13.04,1644.0,14.8916666667,14.904,14.7436,14.3316,15.1824528685,14.904,14.6255471315,0.0305476707794,0.027843724917,0.00270394586242,57.7524741631,75.1488095238,53.7760416667
790,2011-09-28,14.88,15.05,14.88,15.05,1500,13.08,1684.0,14.884,14.909,14.7308,14.3232666667,15.1975758133,14.909,14.6204241867,0.0203106905517,0.0271677384514,-0.00685704789969,60.5011712995,64.84375,40.7728200988
791,2011-09-27,14.78,14.86,14.65,14.86,2200,12.92,1654.0,14.8716666667,14.9085,14.7172,14.3146,15.1961299706,14.9085,14.6208700294,0.00185824392576,0.0288820004263,-0.0270237565006,52.5288462889,43.4151785714,29.6597656554
792,2011-09-26,14.78,14.78,14.7,14.76,1300,12.83,1680.0,14.8656666667,14.9105,14.7074,14.3071333333,15.1973082983,14.9105,14.6236917017,-0.00237536240664,0.0356379395514,-0.0380133019581,47.3337328961,31.6964285714,25.4148430802
793,2011-09-23,14.65,14.78,14.65,14.78,1100,12.85,3210.0,14.8643333333,14.913,14.6992,14.3006666667,15.1953543872,14.913,14.6306456128,0.00243738532775,0.045141265041,-0.0427038797132,48.3157043708,23.1359232523,24.3426635606
794,2011-09-22,14.76,14.76,14.63,14.69,2600,12.77,3208.0,14.8616666667,14.9195,14.6918,14.2948,15.195215433,14.9195,14.643784567,0.00650838501306,0.0558172349693,-0.0493088499562,43.4100708963,20.3915322266,26.8172297561
795,2011-09-21,14.69,14.75,14.63,14.75,2100,12.82,3172.0,14.8546666667,14.926,14.6862,14.2893333333,15.1854147259,14.926,14.6665852741,0.0207734299203,0.0681444474583,-0.047371017538,46.1199464471,26.4354882706,29.4111332326
796,2011-09-20,14.94,14.95,14.64,14.67,4200,12.75,3140.0,14.8406666667,14.93,14.679,14.2827333333,15.1807588483,14.93,14.6792411517,0.0325695646212,0.0799872018428,-0.0474176372216,41.6068478172,27.4077104928,29.7670308127
797,2011-09-19,14.87,14.87,14.86,14.86,900,12.92,3074.0,14.83,14.9395,14.6726,14.2776666667,15.1630598354,14.9395,14.7159401646,0.0552974374269,0.0918416111482,-0.0365441737214,51.0341285457,33.0341880342,32.2972902546
798,2011-09-16,14.86,14.87,14.86,14.87,1300,12.92,3244.0,14.823,14.9315,14.662,14.2728,15.1763080881,14.9315,14.6866919119,0.0641566868998,0.100977654579,-0.0368209676788,51.6055808813,30.767146133,35.0769132172
799,2011-09-15,14.85,14.85,14.85,14.85,200,12.91,3242.0,14.8123333333,14.923,14.6538,14.2692,15.1868257,14.923,14.6591743,0.0735129407813,0.110182896498,-0.0366699557169,50.5778334474,27.8590785908,42.4195443098
800,2011-09-14,14.86,14.86,14.72,14.85,1400,12.91,3264.0,14.7953333333,14.919,14.6448,14.2662666667,15.1894736586,14.919,14.6485263414,0.086422007506,0.119350385428,-0.0329283779215,50.5778334474,37.5287482605,54.3892860966
801,2011-09-13,14.87,14.87,14.87,14.87,0,12.92,3280.0,14.778,14.9105,14.6362,14.2642,15.1991849494,14.9105,14.6218150506,0.101641623471,0.127582479908,-0.0259408564371,51.521260295,44.1526798844,65.3917144161
802,2011-09-12,14.95,14.95,14.76,14.87,2800,12.87,3280.0,14.765,14.901,14.6244,14.2612,15.2064111982,14.901,14.5955888018,0.117552600597,0.134067694017,-0.0165150934199,51.521260295,60.1376705035,76.853544445
803,2011-09-09,14.91,15.05,14.9,15.05,1700,13.03,3308.0,14.754,14.8935,14.6126,14.2567333333,15.2087950999,14.8935,14.5782049001,0.136150937212,0.138196467372,-0.00204553016032,60.2412301478,75.738045738,84.896049896
804,2011-09-08,15.11,15.11,14.81,14.88,5200,12.88,3448.0,14.7366666667,14.876,14.5976,14.2500666667,15.1934523586,14.876,14.5585476414,0.139581527768,0.138707849912,0.000873677855422,53.3112407333,81.5384615385,89.7115384615
805,2011-09-07,15.11,15.11,15.11,15.11,800,13.08,3372.0,14.7196666667,14.856,14.586,14.2448,15.2172976612,14.856,14.4947023388,0.159239022946,0.138489430448,0.0207495924976,68.2580168769,90.0,93.4935897436
806,2011-09-06,15.04,15.1,15.04,15.1,800,13.07,3388.0,14.694,14.817,14.5706,14.2380666667,15.2255143816,14.817,14.4084856184,0.158594749185,0.133302032324,0.0252927168612,67.894609129,92.3076923077,94.2307692308
807,2011-09-02,15.02,15.11,15.02,15.11,1400,13.08,3380.0,14.672,14.7795,14.558,14.2304,15.2140791067,14.7795,14.3449208933,0.156483770688,0.126978853109,0.0295049175791,68.6241547428,95.0,94.391025641
808,2011-09-01,15.11,15.17,15.03,15.1,900,13.07,3360.0,14.6553333333,14.7565,14.5436,14.2227333333,15.166684105,14.7565,14.346315895,0.150495085105,0.119602623714,0.030892461391,68.3079393893,96.6666666667,90.617335563
809,2011-08-31,15.01,15.1,15.01,15.1,2500,13.07,3374.0,14.6366666667,14.729,14.5304,14.2147333333,15.1164996774,14.729,14.3415003226,0.141680506996,0.111879508366,0.0298009986295,68.3079393893,92.9487179487,83.3943004459
810,2011-08-30,14.91,15.04,14.91,15.04,500,13.02,3442.0,14.612,14.691,14.5186,14.2077333333,15.0745570362,14.691,14.3074429638,0.128369092653,0.104429258709,0.0239398339438,66.5646254844,92.9487179487,75.8682650645
811,2011-08-29,14.83,14.9,14.83,14.9,800,12.9,3568.0,14.5896666667,14.6555,14.5042,14.2018,15.0346820143,14.6555,14.2763179857,0.115620791543,0.0984443002228,0.0171764913207,62.0404638193,79.9052396878,64.4762503017
812,2011-08-26,14.8,14.81,14.8,14.81,600,12.82,3580.0,14.572,14.6345,14.4918,14.1963333333,15.0035785824,14.6345,14.2654214176,0.111922112069,0.0941501773927,0.0177719346764,58.704975352,67.7745261984,55.7399952878
813,2011-08-25,14.82,14.91,14.52,14.91,4000,12.91,3670.0,14.5566666667,14.621,14.4842,14.1886,14.9830994339,14.621,14.2589005661,0.114736930455,0.0897071937236,0.0250297367316,64.5577194181,62.8445764231,49.8144049753
814,2011-08-24,14.76,14.82,14.76,14.82,500,12.83,3590.0,14.54,14.602,14.4704,14.1796,14.9405616635,14.602,14.2634383365,0.106478943298,0.0834497595407,0.0230291837572,61.3363114134,47.3806588974,43.9615082922
815,2011-08-23,14.82,14.85,14.75,14.83,1600,12.84,3618.0,14.5263333333,14.5795,14.4584,14.1702,14.9169299927,14.5795,14.2420700073,0.103553600514,0.0776924636014,0.0258611369131,61.9169507324,44.9602196325,41.8457250112
816,2011-08-22,14.77,14.86,14.75,14.86,2000,12.86,3598.0,14.5116666667,14.555,14.447,14.1602,14.8872348567,14.555,14.2227651433,0.0972953833544,0.0712271793731,0.0260682039813,63.5939828618,44.0721649485,40.4639175258
817,2011-08-19,14.7,14.7,14.7,14.7,0,12.72,3616.0,14.4946666667,14.534,14.437,14.1504666667,14.8383944809,14.534,14.2296055191,0.0848378715122,0.0647101283778,0.0201277431344,57.9541084499,39.4329896907,38.8530927835
818,2011-08-18,14.7,14.7,14.7,14.7,100,12.72,3616.0,14.4823333333,14.5295,14.4302,14.1424666667,14.8265168345,14.5295,14.2324831655,0.0839944600843,0.0596781925942,0.0243162674901,57.9541084499,38.9175257732,37.9497918319
819,2011-08-17,14.74,14.84,14.67,14.77,2900,12.78,3654.0,14.4743333333,14.5215,14.4234,14.1346,14.8081548447,14.5215,14.2348451553,0.0816962228061,0.0535991257216,0.0280970970844,61.5511119267,39.4329896907,34.9202022205
820,2011-08-16,14.68,14.68,14.68,14.68,0,12.71,3596.0,14.462,14.501,14.414,14.1264666667,14.771843128,14.501,14.230156872,0.0704472548937,0.0465748514505,0.0238724034432,58.474051878,37.6288659794,29.4892446471
821,2011-08-15,14.77,14.77,14.58,14.68,1500,12.71,3614.0,14.4533333333,14.4855,14.4064,14.1211333333,14.7489748565,14.4855,14.2220251435,0.0642284303235,0.0406067505897,0.0236216797338,58.474051878,35.8197858842,25.9714512292
822,2011-08-12,14.4,14.77,14.38,14.72,1300,12.74,3674.0,14.44,14.47,14.3986,14.1163333333,14.7221110866,14.47,14.2178889134,0.0553567170674,0.0347013306563,0.0206553864112,60.3241357209,26.7991673275,23.7472739889
823,2011-08-11,14.53,15.3,14.47,14.7,6100,12.72,3678.0,14.4253333333,14.4515,14.3898,14.1132,14.6807836671,14.4515,14.2222163329,0.0391552689905,0.0295374840535,0.009617784937,59.7326191371,17.7091593973,23.8984436955
824,2011-08-10,14.48,14.48,14.48,14.48,400,12.48,3556.0,14.412,14.437,14.3806,14.1102,14.6363088056,14.437,14.2376911944,0.0199431622597,0.0271330378192,-0.00718987555957,52.4990855707,23.5576923077,26.0817307692
825,2011-08-09,14.34,14.34,14.33,14.33,400,12.35,3568.0,14.406,14.4335,14.3758,14.1093333333,14.632122758,14.4335,14.234877242,0.0175314454904,0.0289305067091,-0.0113990612187,46.4034681494,26.9230769231,24.6724170437
826,2011-08-08,14.5,14.5,14.35,14.35,600,12.37,3580.0,14.4063333333,14.4365,14.3732,14.1089333333,14.6305386559,14.4365,14.2424613441,0.0294709423341,0.0317802720138,-0.00230932967973,47.1526300911,27.4038461538,22.3015648567
827,2011-08-05,14.7,14.7,14.65,14.65,200,12.63,3588.0,14.4103333333,14.4365,14.3702,14.1079333333,14.6305386559,14.4365,14.2424613441,0.0422450500534,0.0323576044337,0.00988744561962,60.831912361,26.4423076923,25.2824333175
828,2011-08-04,14.4,14.67,14.39,14.55,3000,12.54,3602.0,14.4016666667,14.4205,14.3616,14.1049333333,14.5930659294,14.4205,14.2479340706,0.0273895286325,0.0298857430288,-0.00249621439636,56.9678463872,17.9204374057,32.7800021831
829,2011-08-03,14.34,14.34,14.34,14.34,100,12.36,3544.0,14.398,14.416,14.3558,14.1011333333,14.5792666531,14.416,14.2527333469,0.0182119063297,0.0305097966279,-0.0122978902982,46.7177095868,17.439668175,44.721957609
830,2011-08-02,14.33,14.33,14.33,14.33,1500,12.35,3572.0,14.4036666667,14.419,14.353,14.0988666667,14.5787372843,14.419,14.2592627157,0.0276148406803,0.0335842692025,-0.00596942852219,46.1505386541,39.3273199968,59.1120405652
831,2011-08-01,14.53,14.53,14.45,14.48,2100,12.48,3618.0,14.4033333333,14.4235,14.352,14.0966,14.5779376897,14.4235,14.2690623103,0.0402329155688,0.035076626333,0.00515628923574,54.1841305233,56.4325831547,68.6881053028
832,2011-07-29,14.58,14.85,14.54,14.54,1400,12.53,3620.0,14.3966666667,14.4135,14.3512,14.0933333333,14.5776066726,14.4135,14.2493933274,0.0404802342,0.0337875540241,0.00669268017588,57.9296236564,65.6882591093,75.9615384615
833,2011-07-28,14.42,14.53,14.41,14.53,1900,12.52,3592.0,14.393,14.4005,14.346,14.0890666667,14.5636533021,14.4005,14.2373466979,0.0340980083918,0.0321143839801,0.00198362441168,57.4746895941,75.0,81.5789473684
834,2011-07-27,14.37,14.37,14.37,14.37,500,12.38,3586.0,14.3826666667,14.389,14.341,14.0855333333,14.5463403953,14.389,14.2316596047,0.0264741782382,0.0316184778772,-0.00514429963897,49.3348311671,77.6315789474,84.7958591331
835,2011-07-26,14.5,14.57,14.34,14.34,5700,12.36,3594.0,14.3776666667,14.3855,14.3392,14.083,14.5474228211,14.3855,14.2235771789,0.0326492287951,0.0329045527869,-0.000255323991845,47.5881425129,85.5263157895,85.8842879257
836,2011-07-25,14.44,14.44,14.44,14.44,200,12.44,3514.0,14.375,14.3855,14.3408,14.0803333333,14.5474228211,14.3855,14.2235771789,0.0431104863598,0.0329683837849,0.0101421025749,53.2728188744,88.1578947368,83.344620743
837,2011-07-22,14.51,14.61,14.51,14.61,3500,12.59,3570.0,14.3723333333,14.387,14.3384,14.0788,14.5514506005,14.387,14.2225493995,0.0456539753043,0.0304328581412,0.0152211171631,65.6529580671,87.8676470588,79.6262254902
838,2011-07-21,14.45,14.54,14.39,14.54,3600,12.53,3506.0,14.364,14.376,14.332,14.0749333333,14.5049030644,14.376,14.2470969356,0.030927243371,0.0266275788504,0.00429966452057,62.3034088414,81.9852941176,75.3676470588
839,2011-07-20,14.35,14.45,14.35,14.36,2300,12.38,3626.0,14.358,14.371,14.3302,14.0686666667,14.4803434955,14.371,14.2616565045,0.0188080001634,0.0255526627203,-0.00674466255689,50.8611490875,75.3676470588,71.6196895425
840,2011-07-19,14.37,14.37,14.37,14.37,0,12.38,3672.0,14.356,14.3785,14.327,14.0634,14.503283813,14.3785,14.253716187,0.0213931406487,0.0272388283595,-0.00584568771074,51.670231843,73.2843137255,68.0555555556
841,2011-07-18,14.33,14.37,14.33,14.37,3500,12.38,3710.0,14.3536666667,14.376,14.321,14.0582,14.503342059,14.376,14.248657941,0.0233633651861,0.0287002502872,-0.00533688510108,51.670231843,70.8333333333,63.6233660131
842,2011-07-15,14.34,14.35,13.85,14.35,77800,12.37,3650.0,14.351,14.3715,14.3146,14.0557333333,14.5055559585,14.3715,14.2374440415,0.0255382573747,0.0300344715624,-0.00449621418775,50.3070229144,66.9934640523,60.4759645794
843,2011-07-14,14.35,14.41,14.35,14.41,1000,12.42,2100.0,14.3486666667,14.3755,14.3088,14.0540666667,14.511511029,14.3755,14.239488971,0.0299791087518,0.0311585251094,-0.0011794163576,54.5969795107,61.1111111111,58.0981182796
844,2011-07-13,14.37,14.41,14.37,14.41,800,12.42,2124.0,14.343,14.366,14.3018,14.0536666667,14.5167846146,14.366,14.2152153854,0.0291020992912,0.0314533791988,-0.00235127990754,54.5969795107,55.5555555556,58.0981182796
845,2011-07-12,14.37,14.39,14.37,14.39,500,12.35,2112.0,14.3373333333,14.3565,14.293,14.0536,14.5185216035,14.3565,14.1944783965,0.0275594130446,0.0320411991757,-0.00448178613102,53.4562167354,58.2437275986,57.91890681
846,2011-07-11,14.33,14.37,14.31,14.35,900,12.31,2202.0,14.331,14.35,14.2844,14.0543333333,14.5164932431,14.35,14.1835067569,0.0272258838638,0.0331616457084,-0.00593576184463,51.1781296575,57.482078853,53.4386200717
847,2011-07-08,14.44,14.44,14.17,14.33,9400,12.3,2292.0,14.326,14.3505,14.2752,14.0556666667,14.5170502927,14.3505,14.1839497073,0.0304768937622,0.0346455861696,-0.00416869240738,50.0428800694,61.1111111111,46.978046595
848,2011-07-07,14.42,14.53,14.42,14.46,1200,12.41,2202.0,14.3223333333,14.352,14.2654,14.0567333333,14.5183249831,14.352,14.1856750169,0.0362194279415,0.0356877592714,0.000531668670032,58.2129379106,54.8387096774,37.1908602151
849,2011-07-06,14.44,14.44,14.4,14.4,1300,12.36,2300.0,14.3156666667,14.347,14.2542,14.0595333333,14.5058836052,14.347,14.1881163948,0.0297857980693,0.0355548421039,-0.00576904403464,55.0691698888,40.3225806452,30.1814516129
850,2011-07-05,14.37,14.51,14.37,14.42,2200,12.37,2370.0,14.309,14.342,14.2454,14.0639333333,14.5001897595,14.342,14.1838102405,0.0272499897878,0.0369971031126,-0.00974711332479,56.3821072872,31.6397849462,30.6317204301
851,2011-07-01,14.28,14.28,14.28,14.28,0,12.25,2398.0,14.3043333333,14.336,14.2372,14.0678,14.490970965,14.336,14.181029035,0.0215806491843,0.0394338814438,-0.0178532322595,48.3829981766,21.9623655914,35.2217741935
852,2011-06-30,14.41,14.41,14.22,14.28,4200,12.25,2492.0,14.3096666667,14.3365,14.2312,14.0724,14.4908081333,14.3365,14.1821918667,0.0282851540987,0.0438971895086,-0.01561203541,48.3829981766,26.8010752688,45.0537634409
853,2011-06-29,14.3,14.3,14.27,14.3,8700,12.27,2942.0,14.3096666667,14.3365,14.2218,14.0762,14.4908081333,14.3365,14.1821918667,0.0364311199479,0.0478001983611,-0.0113690784132,49.501213343,42.123655914,57.1034946237
854,2011-06-28,14.41,14.41,14.29,14.3,1400,12.27,2788.0,14.309,14.3335,14.2158,14.0802,14.4927827674,14.3335,14.1742172326,0.0442620637053,0.0506424679644,-0.00638040425912,49.501213343,50.0,62.2983870968
855,2011-06-27,14.39,14.39,14.34,14.34,1600,12.3,2760.0,14.3083333333,14.3305,14.2088,14.0836666667,14.4943871563,14.3305,14.1666128437,0.05361338372,0.0522375690292,0.00137581469076,51.556028129,61.2903225806,63.6592741935
856,2011-06-24,14.39,14.47,14.39,14.47,400,12.42,2770.0,14.311,14.3235,14.201,14.0864,14.4968522426,14.3235,14.1501477574,0.06069651023,0.0518936153565,0.00880289487351,58.9395260082,75.0,63.7280058651
857,2011-06-23,14.39,14.39,14.39,14.39,400,12.35,2830.0,14.306,14.31,14.189,14.087,14.4775708805,14.31,14.1424291195,0.0556179333723,0.0496928916381,0.00592504173411,55.2798016651,62.9032258065,54.5225439883
858,2011-06-22,14.53,14.53,14.42,14.44,1600,12.39,2850.0,14.3026666667,14.3015,14.1808,14.0897333333,14.4692229859,14.3015,14.1337770141,0.0564722889702,0.0482116312046,0.00826065776557,58.2952575237,55.4435483871,46.3251466276
859,2011-06-21,14.34,14.51,14.34,14.51,5900,12.45,2820.0,14.303,14.2925,14.174,14.0894666667,14.4484326778,14.2925,14.1365673222,0.0516504331847,0.0461464667632,0.00550396642148,62.7447143609,61.5652492669,39.1654627393
860,2011-06-20,14.41,14.53,14.29,14.32,6800,12.29,2742.0,14.2926666667,14.277,14.1654,14.0919333333,14.4019159718,14.277,14.1520840282,0.0376174400449,0.0447704751579,-0.00715303511294,53.8706648904,38.1781524927,29.2713493022
861,2011-06-17,14.46,14.46,14.28,14.28,1400,12.25,2628.0,14.2843333333,14.275,14.1588,14.0985333333,14.3983693641,14.275,14.1516306359,0.0385045296731,0.0465587339361,-0.00805420426297,51.6177666995,30.1136363636,29.9859148205
862,2011-06-16,14.38,14.44,14.23,14.43,5100,12.38,2678.0,14.2766666667,14.283,14.1514,14.1052666667,14.4258425707,14.283,14.1401574293,0.0431494400033,0.0485722850018,-0.00542284499852,62.1948340297,26.8048128342,37.4785141329
863,2011-06-15,14.22,14.22,14.22,14.22,0,12.2,2684.0,14.2643333333,14.2755,14.139,14.1105333333,14.4014325216,14.2755,14.1495674784,0.033177679152,0.0499279962515,-0.0167503170995,48.4673095072,21.9887955182,48.0392156863
864,2011-06-14,14.37,14.37,14.22,14.22,1900,12.2,2744.0,14.259,14.2785,14.1326,14.1193333333,14.4018328829,14.2785,14.1551671171,0.0413493199686,0.0541155755263,-0.0127662555577,48.4673095072,41.0364145658,58.0182072829
865,2011-06-13,14.36,14.36,14.26,14.26,600,12.24,2712.0,14.2506666667,14.2815,14.1258,14.1283333333,14.4018785695,14.2815,14.1611214305,0.0511778605023,0.0573071394157,-0.0061292789134,51.5410385025,60.0840336134,61.734258921
866,2011-06-10,14.35,14.36,14.35,14.36,2900,12.27,2712.0,14.2406666667,14.2895,14.1174,14.1376,14.4235857934,14.2895,14.1554142066,0.0589055197217,0.0588394591441,6.60605776027e-05,60.4389696098,69.0476190476,59.0515010352
867,2011-06-09,14.36,14.36,14.36,14.36,0,12.27,2676.0,14.225,14.2875,14.1058,14.1461333333,14.4184770972,14.2875,14.1565229028,0.0577301972021,0.0588229439997,-0.00109274679761,60.4389696098,61.9047619048,53.7331780538
868,2011-06-08,14.32,14.36,14.3,14.36,2000,12.27,2694.0,14.2076666667,14.284,14.094,14.1546,14.4107122725,14.284,14.1572877275,0.0553903463177,0.0590961306991,-0.00370578438136,60.4389696098,55.900621118,49.8059006211
869,2011-06-07,14.3,14.3,14.3,14.3,0,12.22,2856.0,14.1923333333,14.2885,14.0808,14.1632666667,14.4310868157,14.2885,14.1459131843,0.0515981679698,0.0600225767944,-0.0084244088246,56.8613009373,49.3530020704,46.1568322981
870,2011-06-06,14.38,14.38,14.3,14.3,900,12.22,2894.0,14.181,14.2835,14.0724,14.1718,14.4310499915,14.2835,14.1359500085,0.0521165415262,0.0621286790006,-0.0100121374744,56.8613009373,47.7743271222,43.0577122153
871,2011-06-03,14.28,14.36,14.28,14.29,4500,12.21,2876.0,14.1713333333,14.272,14.0652,14.1805333333,14.4460804412,14.272,14.0979195588,0.0520201158978,0.0646317133692,-0.0126115974714,56.2932855945,46.1956521739,39.8967391304
872,2011-06-02,14.27,14.41,14.27,14.28,1500,12.2,2806.0,14.161,14.26,14.0582,14.1891333333,14.4587963782,14.26,14.0612036218,0.052158567319,0.067784612737,-0.015626045418,55.7522831774,41.3043478261,37.1739130435
873,2011-06-01,14.24,14.24,14.24,14.24,0,12.16,2844.0,14.1453333333,14.249,14.0484,14.1969333333,14.4656933317,14.249,14.0323066683,0.0525947934266,0.0716911240915,-0.019096330665,53.6199371261,36.9565217391,36.5204849498
874,2011-05-31,14.24,14.24,14.24,14.24,1000,12.16,2926.0,14.1373333333,14.24,14.0418,14.2060666667,14.4718620279,14.24,14.0081379721,0.0564592886631,0.0764652067578,-0.0200059180947,53.6199371261,35.1304347826,38.5698160535
875,2011-05-27,14.2,14.2,14.2,14.2,1000,12.13,2952.0,14.1276666667,14.2265,14.0334,14.2146666667,14.486521153,14.2265,13.966478847,0.0605705638389,0.0814666862814,-0.0208961224425,51.6091760466,35.3043478261,44.1429765886
876,2011-05-26,14.2,14.2,14.2,14.2,1000,12.13,2942.0,14.1193333333,14.2145,14.024,14.2234666667,14.4992788616,14.2145,13.9297211384,0.0690097468621,0.0866907168921,-0.01768097003,51.6091760466,38.6906354515,50.7015050167
877,2011-05-25,14.36,14.36,14.22,14.22,900,12.15,2982.0,14.1083333333,14.199,14.0128,14.2320666667,14.5170503105,14.199,13.8809496895,0.0787774350573,0.0911109593996,-0.0123335243423,52.592170044,45.1538461538,57.1826923077
878,2011-05-24,14.26,14.26,14.26,14.26,100,12.18,3228.0,14.1003333333,14.18,14.0034,14.2409333333,14.5341186242,14.18,13.8258813758,0.0880623398438,0.0941943404852,-0.0061320006414,54.5207197334,57.4230769231,62.0480769231
879,2011-05-23,14.23,14.23,14.2,14.2,1500,12.13,3264.0,14.095,14.162,13.996,14.2495333333,14.5341612554,14.162,13.7898387446,0.0945596206463,0.0957273406455,-0.00116771999926,52.072792861,61.5384615385,63.6538461538
880,2011-05-20,14.51,14.51,14.05,14.28,3800,12.2,3328.0,14.091,14.15,13.992,14.2584,14.5318376618,14.15,13.7681623382,0.107586191843,0.0960192706453,0.0115669211976,55.7907200147,64.6153846154,64.6153846154
881,2011-05-19,14.37,14.45,14.37,14.44,2200,12.34,3252.0,14.0813333333,14.1365,13.9864,14.2672666667,14.5180900942,14.1365,13.7549099058,0.114502489016,0.0931275403459,0.0213749486703,64.3192977318,64.6153846154,65.473699095
882,2011-05-18,14.28,14.28,14.28,14.28,0,12.2,3276.0,14.0636666667,14.1135,13.9776,14.2751333333,14.4740149095,14.1135,13.7529850905,0.105373799386,0.0877838031783,0.017589996208,58.4166092934,63.8461538462,68.4686085973
883,2011-05-17,14.31,14.35,14.28,14.28,1600,12.2,3282.0,14.048,14.09,13.9694,14.2840666667,14.4650199995,14.09,13.7149800005,0.108480471177,0.0833863041263,0.0250941670504,58.4166092934,65.3846153846,72.9058257919
884,2011-05-16,14.33,14.33,14.28,14.28,900,12.2,3330.0,14.0353333333,14.076,13.9598,14.2938,14.4424096069,14.076,13.7095903931,0.110867816318,0.0771127623637,0.0337550539538,58.4166092934,68.0486425339,78.5449660633
885,2011-05-13,14.27,14.42,14.26,14.42,1700,12.32,3324.0,14.022,14.0595,13.9524,14.3034666667,14.4172974287,14.0595,13.7017025713,0.11230231406,0.0686739988753,0.0436283151846,66.0744040956,76.5950226244,84.4065799397
886,2011-05-12,14.3,14.55,14.25,14.32,3000,12.23,3394.0,14.0026666667,14.036,13.9452,14.3121333333,14.3557123707,14.036,13.7162876293,0.0982452211556,0.0577669200791,0.0404783010765,62.8437819706,81.5950226244,87.7578242836
887,2011-05-11,14.4,14.4,14.29,14.29,300,12.21,3372.0,13.9846666667,14.0135,13.937,14.3214666667,14.3127841459,14.0135,13.7142158541,0.0890560557228,0.04764734481,0.0414087109128,61.8312633112,87.9411764706,89.2908868093
888,2011-05-10,14.2,14.5,13.9,14.45,9600,12.29,3412.0,13.9673333333,13.998,13.9308,14.3307333333,14.2691899703,13.998,13.7268100297,0.0790865237599,0.0372951670818,0.041791356678,71.477423424,91.4950980392,88.0158199643
889,2011-05-09,14.1,14.2,14.1,14.2,4600,12.08,3394.0,13.9423333333,13.9805,13.921,14.3388666667,14.1636365611,13.9805,13.7973634389,0.0489205171634,0.0268473279123,0.0220731892511,63.1324249387,90.0,84.9053030303
890,2011-05-06,14.1,14.1,14.04,14.07,1900,11.97,3302.0,13.9316666667,13.9745,13.912,14.3488,14.134933787,13.9745,13.814066213,0.0351606975852,0.0213290305995,0.0138316669856,57.0672248994,87.7272727273,80.0189393939
891,2011-05-05,14.06,14.09,14.05,14.05,500,11.95,3314.0,13.9273333333,13.9705,13.9056,14.3602,14.1250930141,13.9705,13.8159069859,0.0303230995405,0.0178711138531,0.0124519856873,56.0339400448,82.8409090909,72.5757575758
892,2011-05-04,14.06,14.06,14.06,14.06,300,11.96,3362.0,13.9236666667,13.9635,13.8994,14.3714666667,14.1157202352,13.9635,13.8112797648,0.0257438656792,0.0147581174313,0.0109857482478,56.6671500886,79.053030303,65.3598484848
893,2011-05-03,13.97,14.06,13.97,14.06,2200,11.96,3456.0,13.9146666667,13.951,13.894,14.3826666667,14.1103612249,13.951,13.7916387751,0.0185064600499,0.0120116803693,0.00649477968059,56.6671500886,70.4545454545,59.0909090909
894,2011-05-02,13.97,13.97,13.97,13.97,200,11.88,3500.0,13.9096666667,13.943,13.8908,14.3943333333,14.0955909565,13.943,13.7904090435,0.00899971380974,0.0103879854492,-0.00138827163946,52.501848154,57.9545454545,56.6761363636
895,2011-04-29,13.92,14.08,13.91,13.96,5000,11.87,3586.0,13.9046666667,13.9385,13.8888,14.4069333333,14.0929376897,13.9385,13.7840623103,0.00589838004411,0.0107350533591,-0.00483667331496,52.0260668545,53.9772727273,59.375
896,2011-04-28,13.83,13.89,13.82,13.89,5400,11.81,3596.0,13.897,13.9325,13.8848,14.4192,14.0923593131,13.9325,13.7726406869,0.00287233760078,0.0119442216878,-0.00907188408702,48.6849738271,53.9772727273,61.7897727273
897,2011-04-27,13.9,13.9,13.84,13.84,4900,11.77,3534.0,13.8886666667,13.927,13.8852,14.4312666667,14.0994064964,13.927,13.7545935036,0.00609550033529,0.0142121927096,-0.00811669237426,46.1998141442,60.7954545455,64.6306818182
898,2011-04-26,13.82,14.05,13.8,13.9,6100,11.82,3496.0,13.8856666667,13.9235,13.891,14.4436,14.1054093181,13.9235,13.7415906819,0.0152116753116,0.0162413658031,-0.00102969049157,48.8351683598,68.75,64.7017045455
899,2011-04-25,14.07,14.1,13.88,13.96,4800,11.87,3532.0,13.8853333333,13.9135,13.8996,14.4564,14.1198274097,13.9135,13.7071725903,0.0205168779131,0.016498788426,0.00401808948707,51.566548508,63.6363636364,62.1448863636
900,2011-04-21,13.98,14.01,13.97,14.01,3600,11.92,3534.0,13.8866666667,13.9095,13.9086,14.4688666667,14.1151672069,13.9095,13.7038327931,0.020880727373,0.0154942660542,0.00538646131879,53.8992897762,65.3409090909,61.3920454545
901,2011-04-20,13.84,13.98,13.84,13.98,4700,11.89,3500.0,13.8863333333,13.906,13.9192,14.4805333333,14.10703731,13.906,13.70496269,0.015950502831,0.0141476507245,0.00180285210648,52.7073375757,61.0795454545,59.9005681818
902,2011-04-19,14.0,14.0,13.66,13.81,26700,11.75,3604.0,13.887,13.904,13.928,14.4923333333,14.1028366163,13.904,13.7051633837,0.0124802816472,0.0136969376979,-0.00121665605077,45.2600404949,58.5227272727,61.8181818182
903,2011-04-18,13.95,14.0,13.95,14.0,1000,11.91,3072.0,13.889,13.903,13.9358,14.5046666667,14.1039079391,13.903,13.7020920609,0.0251785770576,0.0140011017106,0.011177475347,54.1017495615,60.625,66.71875
904,2011-04-15,13.95,13.95,13.95,13.95,0,11.86,3180.0,13.8823333333,13.8985,13.9368,14.5158,14.0944872445,13.8985,13.7025127555,0.0216745311697,0.0112067328739,0.0104677982958,51.8008793733,59.375,74.4791666667
905,2011-04-14,13.95,13.95,13.93,13.95,2100,11.86,3186.0,13.881,13.892,13.9396,14.5274666667,14.0893423421,13.892,13.6946576579,0.0219777376013,0.00858978329992,0.0133879543013,51.8008793733,68.75,82.8645833333
906,2011-04-13,13.88,13.98,13.8,13.87,3400,11.8,3204.0,13.8846666667,13.881,13.9426,14.5394666667,14.0884511991,13.881,13.6735488009,0.0220450630815,0.00524279472459,0.0168022683569,48.2198320833,78.125,85.1116071429
907,2011-04-12,13.99,13.99,13.84,13.98,1400,11.84,3146.0,13.886,13.8695,13.9442,14.5523333333,14.1020919173,13.8695,13.6369080827,0.0299557939587,0.00104222763536,0.0289135663234,53.273416257,91.6666666667,82.931547619
908,2011-04-11,14.1,14.1,14.1,14.1,100,11.94,3176.0,13.886,13.858,13.9438,14.5648666667,14.0903445717,13.858,13.6256554283,0.0284170425481,-0.00618616394549,0.0346032064936,59.6008913194,92.9166666667,75.3016774892
909,2011-04-08,14.07,14.08,14.07,14.08,2000,11.92,3240.0,13.8813333333,13.8475,13.9398,14.5768666667,14.0525243888,13.8475,13.6424756112,0.0138215155833,-0.0148369655689,0.0286584811522,58.844384119,77.7380952381,65.891504329
910,2011-04-07,13.96,14.0,13.96,13.99,1100,11.85,3234.0,13.8703333333,13.8435,13.9392,14.5888,14.0327379455,13.8435,13.6542620545,-0.00297236087848,-0.0220015858569,0.0190292249785,55.3506988503,69.4047619048,59.9039502165
911,2011-04-06,13.91,13.91,13.91,13.91,3900,11.78,3252.0,13.8623333333,13.844,13.9424,14.6010666667,14.0348297671,13.844,13.6531702329,-0.0152005834042,-0.0267588921015,0.0115583086974,51.986506871,61.1471861472,54.9580627706
912,2011-04-05,13.8,13.98,13.7,13.81,5400,11.69,3412.0,13.8566666667,13.8485,13.9458,14.6147333333,14.0493257952,13.8485,13.6476742048,-0.0224416880329,-0.0296484692759,0.00720678124299,47.3849891455,55.275974026,51.0598228526
913,2011-04-04,13.91,13.97,13.9,13.9,3000,11.77,3360.0,13.856,13.8515,13.9426,14.6306666667,14.0517273708,13.8515,13.6512726292,-0.0211757279331,-0.0314501645866,0.0102744366535,51.5106409928,53.7878787879,50.3438995215
914,2011-04-01,13.89,13.89,13.88,13.88,300,11.75,3354.0,13.856,13.8465,13.9358,14.6458666667,14.0466274594,13.8465,13.6463725406,-0.0284155282721,-0.03401877375,0.0056032454779,50.6235369243,49.6212121212,53.5087719298
915,2011-03-31,13.81,13.84,13.81,13.84,600,11.72,3426.0,13.8556666667,13.848,13.9264,14.6618,14.049553963,13.848,13.646446037,-0.0352064657482,-0.0354195851195,0.00021311937133,48.8869139451,45.5542264753,60.1824162679
916,2011-03-30,13.73,13.78,13.73,13.78,1100,11.67,3618.0,13.853,13.859,13.9162,14.678,14.0806212986,13.859,13.6373787014,-0.0392893500794,-0.0354728649623,-0.00381648511711,46.2539896429,52.4122807018,68.8596491228
917,2011-03-29,13.7,13.77,13.7,13.77,900,11.66,3892.0,13.8573333333,13.8655,13.9086,14.6930666667,14.085088251,13.8655,13.645911749,-0.0378200228066,-0.034518743683,-0.0033012791235,45.8220802371,66.4473684211,76.1513157895
918,2011-03-28,13.85,13.85,13.7,13.7,10100,11.6,3920.0,13.8693333333,13.876,13.9032,14.7088666667,14.096399637,13.876,13.655600363,-0.0343763356647,-0.0336934239022,-0.000682911762534,42.8361383838,76.3157894737,78.6184210526
919,2011-03-25,13.85,13.88,13.85,13.88,1900,11.75,3774.0,13.8903333333,13.889,13.8996,14.7235333333,14.096643926,13.889,13.681356074,-0.0223536464667,-0.0335226959615,0.0111690494948,49.3275362203,80.2631578947,76.3157894737
920,2011-03-24,13.94,13.94,13.94,13.94,0,11.8,3792.0,13.908,13.8825,13.893,14.7366666667,14.09882152,13.8825,13.66617848,-0.0250104519418,-0.0363149583352,0.0113045063935,51.7551262655,81.5789473684,70.7195723684
921,2011-03-23,13.84,13.94,13.84,13.94,1000,11.8,3810.0,13.928,13.873,13.8918,14.7505333333,14.095,13.873,13.651,-0.0341468043562,-0.0391410849336,0.00499428057738,51.7551262655,76.3157894737,62.03125
922,2011-03-22,13.93,14.0,13.76,13.79,3400,11.68,3870.0,13.944,13.863,13.8922,14.7642666667,14.0899889865,13.863,13.6360110135,-0.0453114315564,-0.040389655078,-0.00492177647846,46.0296473232,67.1052631579,52.7687649522
923,2011-03-21,13.9,13.94,13.67,13.91,4100,11.78,3802.0,13.9576666667,13.863,13.9014,14.7776666667,14.0899889865,13.863,13.6360110135,-0.0436297530875,-0.0391592109583,-0.00447054212913,50.4798973821,57.8782894737,46.4876917673
924,2011-03-18,13.81,13.94,13.8,13.82,2300,11.7,3728.0,13.9623333333,13.8625,13.9082,14.7902666667,14.089116416,13.8625,13.635883584,-0.0530668870695,-0.0380415754261,-0.0150253116434,46.9048817985,46.8256578947,44.8409909717
925,2011-03-17,13.67,13.73,13.67,13.73,500,11.63,3710.0,13.9713333333,13.865,13.9188,14.8062,14.0907875107,13.865,13.6392124893,-0.0551765833582,-0.0342852475152,-0.020891335843,43.0898190412,39.2658492823,47.4257020392
926,2011-03-16,13.76,13.8,13.54,13.64,3000,11.55,3724.0,13.9836666667,13.8665,13.9296,14.8222666667,14.089055611,13.8665,13.643944389,-0.0479031181361,-0.0290624135545,-0.0188407045816,39.0212576438,41.9809704185,52.1925730519
927,2011-03-15,13.89,13.89,13.43,13.75,13200,11.64,3664.0,13.994,13.88,13.9408,14.8370666667,14.0772815247,13.88,13.6827184753,-0.0287591226251,-0.024352237409,-0.00440688521609,42.4668720423,51.2914862915,54.2965367965
928,2011-03-14,13.9,13.9,13.68,13.89,1900,11.76,3586.0,14.001,13.899,13.9498,14.8511333333,14.1148610664,13.899,13.6831389336,-0.0151061083893,-0.023250516105,0.00814440771569,47.4148843836,57.1645021645,53.18001443
929,2011-03-11,13.91,14.0,13.87,14.0,4700,11.85,3608.0,14.0013333333,13.921,13.9516,14.8645333333,14.207,13.921,13.635,-0.0117147177336,-0.0252866180339,0.0135719003003,51.8200062521,58.3333333333,51.1904761905
930,2011-03-10,14.0,14.0,14.0,14.0,0,11.8,3622.0,14.003,13.9415,13.9516,14.8768,14.2974367921,13.9415,13.5855632079,-0.0184156741297,-0.028679593109,0.0102639189794,51.8200062521,50.3968253968,50.3524991557
931,2011-03-09,13.94,14.0,13.94,14.0,3400,11.8,3654.0,14.008,13.9685,13.9514,14.8884,14.4097833557,13.9685,13.5272166443,-0.0267006668514,-0.0312455728539,0.00454490600244,51.8200062521,46.8253968254,53.9126702691
932,2011-03-08,13.83,13.87,13.83,13.87,300,11.69,3618.0,14.0106666667,13.9895,13.9512,14.8999333333,14.4727587299,13.9895,13.5062412701,-0.036886956953,-0.0323817993545,-0.00450515759855,47.1762539633,49.2063492063,58.6485106551
933,2011-03-07,13.82,13.82,13.8,13.8,4000,11.63,3772.0,14.0033333333,14.006,13.9518,14.9126,14.4943195675,14.006,13.5176804325,-0.0361154660361,-0.0312555099548,-0.00485995608127,44.5016959529,54.9814251942,59.2087669498
934,2011-03-04,14.0,14.0,13.91,13.91,600,11.72,3894.0,13.9953333333,14.0185,13.9558,14.9255333333,14.4978026184,14.0185,13.5391973816,-0.0274781744871,-0.0300405209345,0.00256234644744,48.0518120633,64.6375098503,54.832410225
935,2011-03-03,14.07,14.23,13.98,14.06,5200,11.85,4010.0,13.9786666667,14.0275,13.9574,14.938,14.5050719841,14.0275,13.5499280159,-0.0272541670992,-0.0306811075464,0.00342694044715,53.4511006154,65.7687583696,44.228416562
936,2011-03-02,13.98,14.07,13.91,13.91,1900,11.72,4254.0,13.9543333333,14.0295,13.955,14.9492,14.5079339035,14.0295,13.5510660965,-0.0418445552391,-0.0315378426582,-0.010306712581,48.0285039409,51.4473743853,30.5473115884
937,2011-03-01,13.98,14.04,13.94,13.98,2300,11.78,4334.0,13.9373333333,14.0315,13.961,14.9614,14.5082504588,14.0315,13.5547495412,-0.0445858207524,-0.0289611645129,-0.0156246562395,50.5818810465,37.4759982947,20.5442336112
938,2011-02-28,13.82,13.98,13.6,13.96,8700,11.77,4484.0,13.9213333333,14.0305,13.962,14.9728666667,14.5077619826,14.0305,13.5532380174,-0.0545634240693,-0.0250550004531,-0.0295084236162,49.8748824072,22.2215351985,14.3443528778
939,2011-02-25,13.75,13.75,13.75,13.75,0,11.59,4472.0,13.9066666667,14.0275,13.9548,14.9847333333,14.5072447238,14.0275,13.5477552762,-0.06446846068,-0.017677894549,-0.046790566131,41.7496558618,11.0443384753,11.6620170828
940,2011-02-24,13.88,14.0,13.71,13.75,2500,11.59,4750.0,13.9,14.0425,13.9512,14.9979333333,14.5050526997,14.0425,13.5799473003,-0.0547913479805,-0.00598025301627,-0.0488110949643,41.7496558618,11.4350624763,11.9661190813
941,2011-02-23,13.87,13.9,13.61,13.74,2900,11.58,5004.0,13.9043333333,14.0625,13.948,15.0110666667,14.5069715964,14.0625,13.6180284036,-0.0416428681644,0.0062225207248,-0.0478653888892,41.3593634671,12.6764753611,13.190949653
942,2011-02-22,13.9,13.99,13.79,13.79,5000,11.62,5508.0,13.9116666667,14.0795,13.9532,15.0248,14.4986169288,14.0795,13.6603830712,-0.0232367303894,0.0181888679471,-0.0414255983365,42.6872945763,11.4921920185,16.3137255277
943,2011-02-18,13.89,13.97,13.88,13.9,4400,11.72,5442.0,13.927,14.0725,13.9594,15.0382666667,14.514761235,14.0725,13.630238765,-0.00449672573279,0.0285452675312,-0.033041993264,45.6837029003,12.2607464692,22.962629218
944,2011-02-17,13.76,14.07,13.67,13.87,4500,11.69,5430.0,13.9386666667,14.0555,13.9684,15.0508666667,14.5464368595,14.0555,13.5645631405,0.00828774167598,0.0368057658472,-0.0285180241713,44.7006744561,16.3343847634,33.2227721381
945,2011-02-16,13.9,13.9,13.7,13.76,5500,11.6,5468.0,13.9546666667,14.0325,13.979,15.0636666667,14.5940647781,14.0325,13.4709352219,0.0275393674715,0.04393527189,-0.0163959044185,41.0693602186,25.1675788597,44.3099409746
946,2011-02-15,14.13,14.14,13.76,13.91,2300,11.72,5418.0,13.9716666667,14.011,13.9938,15.0772,14.6413618009,14.011,13.3806381991,0.0629108699601,0.0480342479947,0.0148766219654,44.7939387933,38.0878067799,55.8669343253
947,2011-02-14,14.27,14.27,14.13,14.13,3000,11.91,5396.0,13.9813333333,13.9855,14.0066,15.0891333333,14.6691512269,13.9855,13.3018487731,0.0918699750279,0.0443150925033,0.0475548825245,51.1061099536,53.3013181496,65.4771814457
948,2011-02-11,14.4,14.5,14.33,14.33,7900,12.08,5438.0,13.9836666667,13.954,14.0138,15.0999333333,14.6656010118,13.954,13.2423989882,0.105096033132,0.0324263718722,0.0726696612599,58.0062325177,60.6830601093,71.8313318113
949,2011-02-10,14.58,15.0,14.41,14.41,4900,12.09,5342.0,13.972,13.9135,14.0248,15.1106666667,14.6270902185,13.9135,13.1999097815,0.100084986812,0.0142589565572,0.0858260302552,61.0687480851,71.3955522625,77.8499200103
950,2011-02-09,14.4,14.54,14.4,14.54,1900,12.2,5292.0,13.9583333333,13.8705,14.0378,15.1206666667,14.5625541886,13.8705,13.1784458114,0.084087833338,-0.00719755100659,0.0912853843446,66.3549752128,76.5287952616,79.9958104132
951,2011-02-08,14.3,14.87,14.18,14.42,9900,12.1,5262.0,13.94,13.8375,14.047,15.1304,14.4579474192,13.8375,13.2170525808,0.0492101889639,-0.0300188970927,0.0792290860566,63.6585910125,78.7179196118,80.744060798
952,2011-02-07,14.2,14.2,14.2,14.2,100,11.92,5084.0,13.9256666667,13.8145,14.058,15.1418,14.3783962671,13.8145,13.2506037329,0.0161960292141,-0.0498261686069,0.066022197821,57.9171207699,84.7574129054,80.1910013496
953,2011-02-04,14.09,14.1,14.05,14.05,6400,11.79,5102.0,13.9156666667,13.817,14.071,15.1518666667,14.3881076956,13.817,13.2458923044,-0.00377762238223,-0.0663317180621,0.0625540956799,53.2399859969,79.9791138739,77.8632552661
954,2011-02-03,14.1,14.2,14.09,14.09,300,11.82,5024.0,13.914,13.827,14.088,15.1648666667,14.4206362523,13.827,13.2333637477,-0.0139435904579,-0.0819702419821,0.0680266515242,54.746648661,79.5217968008,77.846155369
955,2011-02-02,13.95,14.11,13.95,14.1,3000,11.83,5026.0,13.9106666667,13.84,14.1026,15.1776,14.4665780079,13.84,13.2134219921,-0.0307889738496,-0.0989769048632,0.0681879310136,55.1086860931,76.5056818182,79.0251155095
956,2011-02-01,13.79,13.95,13.69,13.95,500,11.71,5038.0,13.9053333333,13.8485,14.1156,15.1886,14.4933030707,13.8485,13.2036969293,-0.0528601508499,-0.116023887617,0.0631637367667,50.554286168,75.4464285714,79.8214452417
957,2011-01-31,13.92,13.96,13.65,13.96,2900,11.72,5234.0,13.914,13.861,14.1278,15.2004666667,14.5226615449,13.861,13.1993384551,-0.0649893963907,-0.131814821808,0.0668254254176,50.8737980891,79.9107142857,78.1264844612
958,2011-01-28,13.9,13.94,13.77,13.9,3300,11.66,5350.0,13.9163333333,13.873,14.1446,15.2124,14.5499372201,13.873,13.1960627799,-0.0805436058425,-0.148521178163,0.0679775723201,49.0808111429,84.2376373626,71.0656182794
959,2011-01-27,14.13,14.17,14.05,14.05,1700,11.79,5640.0,13.9063333333,13.877,14.1546,15.2249333333,14.5554718122,13.877,13.1985281878,-0.0931157989124,-0.165515571243,0.0723997723303,53.6242020771,79.6910007468,58.1260127813
960,2011-01-26,14.1,14.24,14.1,14.15,2000,11.87,5650.0,13.8903333333,13.8745,14.1712,15.2364666667,14.5507684378,13.8745,13.1982315622,-0.123080804628,-0.183615514325,0.0605347096969,56.8839353645,68.6665854497,44.1729384926
961,2011-01-25,13.68,14.16,13.65,14.08,11900,11.82,5800.0,13.8716666667,13.8665,14.1944,15.2470666667,14.5332615766,13.8665,13.1997384234,-0.16971860022,-0.198749191749,0.0290305915292,55.1102279516,51.6672495584,31.1264518591
962,2011-01-24,13.56,13.66,13.42,13.65,2800,11.45,5590.0,13.869,13.862,14.2186,15.2564666667,14.5241359377,13.862,13.1998640623,-0.219649479682,-0.206006839632,-0.0136426400499,41.3470610118,32.4792153703,21.5327998935
963,2011-01-21,13.53,13.61,13.53,13.56,2700,11.38,5622.0,13.884,13.8745,14.25,15.2675333333,14.5295564861,13.8745,13.2194435139,-0.236402718853,-0.202596179619,-0.033806539234,37.6305787694,23.8787035919,15.8311385539
964,2011-01-20,13.33,13.41,13.14,13.41,3900,11.25,5666.0,13.9103333333,13.8965,14.2896,15.279,14.5372269309,13.8965,13.2557730691,-0.245183722758,-0.194144544811,-0.0510391779475,30.849450054,16.4806389157,11.9599823427
965,2011-01-19,13.3,13.41,13.12,13.33,10200,11.19,5624.0,13.9433333333,13.9255,14.3328,15.2908,14.5268143936,13.9255,13.3241856064,-0.237552440866,-0.181384750324,-0.056167690542,26.9141522093,13.2926416962,10.8467674644
966,2011-01-18,13.5,13.5,13.18,13.4,14800,11.25,5432.0,13.9823333333,13.956,14.3792,15.3026666667,14.4917014094,13.956,13.4202985906,-0.216211387383,-0.167342827688,-0.048868559695,28.2189593758,9.67257001166,14.2704067853
967,2011-01-14,13.5,13.54,13.5,13.5,2300,11.33,5152.0,14.0206666667,13.9965,14.424,15.3138666667,14.4776351162,13.9965,13.5153648838,-0.192954822577,-0.155125687765,-0.0378291348119,30.158470229,8.39407874705,22.9726491999
968,2011-01-13,13.54,13.54,13.4,13.52,2800,11.35,5210.0,14.0536666667,14.023,14.4666,15.3237333333,14.4467971213,14.023,13.5992028787,-0.170646191531,-0.145668404062,-0.0249777874694,30.5483987323,12.0277794027,36.5114036686
969,2011-01-12,13.84,13.88,13.54,13.55,2800,11.37,5212.0,14.099,14.027,14.5094,15.3332,14.4328620455,14.027,13.6211379545,-0.141726503302,-0.139423957194,-0.00230254610727,31.1086244716,26.9871989796,53.8991956601
970,2011-01-11,13.88,13.88,13.88,13.88,900,11.6,5214.0,14.1493333333,14.028,14.55,15.3428,14.4292281147,14.028,13.6267718853,-0.105807533913,-0.138848320668,0.0330407867541,38.2790262502,44.4815396701,69.2521766169
971,2011-01-10,14.07,14.15,13.8,13.96,4000,11.66,5218.0,14.1866666667,14.0135,14.5846,15.3499333333,14.4541029959,14.0135,13.5728970041,-0.0920228488557,-0.147108517356,0.0550856685004,40.3738842017,62.5490966222,79.5155304022
972,2011-01-07,14.25,14.25,14.25,14.25,0,11.9,5154.0,14.2203333333,14.0155,14.617,15.3566666667,14.4554761357,14.0155,13.5755238643,-0.0812355184895,-0.160879934481,0.0796444159916,49.4906341757,81.5789473684,82.3738370548
973,2011-01-06,14.33,14.33,14.25,14.25,400,11.9,5252.0,14.2403333333,14.008,14.641,15.3614666667,14.4367003616,14.008,13.5792996384,-0.0958126274623,-0.180791038479,0.0849784110168,49.4906341757,88.399122807,77.4746810207
974,2011-01-05,14.37,14.47,14.28,14.35,1400,11.99,5246.0,14.262,14.013,14.6682,15.3674666667,14.455,14.013,13.571,-0.113024681061,-0.202035641233,0.0890109601725,53.0525039147,85.5349548113,67.9726792898
975,2011-01-04,14.15,14.27,14.15,14.27,1200,11.92,5220.0,14.2776666667,14.0155,14.6918,15.3736,14.4655877692,14.0155,13.5654122308,-0.143531343202,-0.224288381276,0.0807570380744,50.4007357542,73.9823232323,58.7100035791
976,2011-01-03,14.2,14.2,14.2,14.2,0,11.86,5200.0,14.2936666667,14.027,14.7168,15.3802,14.5128435962,14.027,13.5411564038,-0.172235754252,-0.244477640795,0.072241886543,48.0149873557,61.9823232323,52.7656038734
977,2010-12-31,14.1,14.2,14.01,14.2,9300,11.86,5274.0,14.3056666667,14.0445,14.7426,15.3880666667,14.5769838026,14.0445,13.5120161974,-0.199240500658,-0.262538112431,0.0632976117732,48.0149873557,50.3911158832,49.8684482621
978,2010-12-30,14.01,14.05,13.95,13.98,3000,11.68,5088.0,14.3256666667,14.059,14.7696,15.3958666667,14.6225210733,14.059,13.4954789267,-0.230810333333,-0.278362515374,0.0475521820411,40.2231948115,48.4842519685,49.8690944882
979,2010-12-29,14.0,14.05,14.0,14.0,5400,11.7,5046.0,14.3396666667,14.104,14.801,15.4052,14.7695944711,14.104,13.4384055289,-0.245347678554,-0.290250560884,0.0449028823304,40.7386470864,50.2047244094,50.1003937008
980,2010-12-28,13.99,14.0,13.91,13.99,1600,11.69,5086.0,14.369,14.157,14.8316,15.4138666667,14.9395624576,14.157,13.3744375424,-0.262370287493,-0.301476281467,0.0391059939737,40.3839477031,50.3937007874,51.4271653543
981,2010-12-27,13.73,13.99,13.71,13.99,1600,11.69,5062.0,14.413,14.2075,14.864,15.4231333333,15.0670085805,14.2075,13.3479914195,-0.27926284963,-0.31125277996,0.03198993033,40.3839477031,50.3937007874,52.9955143927
982,2010-12-23,14.0,14.0,13.74,13.9,8000,11.61,5030.0,14.4563333333,14.2565,14.8966,15.4324,15.1708144973,14.2565,13.3421855027,-0.296761896582,-0.319250262543,0.0224883659611,37.4800547478,49.4094488189,52.3838699096
983,2010-12-22,14.05,14.07,13.73,14.0,10100,11.7,4912.0,14.5003333333,14.304,14.931,15.4422,15.2377965517,14.304,13.3702034483,-0.30561687074,-0.324872354033,0.0192554832928,39.4633344843,55.5118110236,49.8496532481
984,2010-12-21,13.88,14.19,13.88,13.99,6400,11.69,4786.0,14.5516666667,14.349,14.9658,15.4504666667,15.3063066384,14.349,13.3916933616,-0.322655519637,-0.329686224856,0.00703070521886,39.1644132439,56.6670969408,42.2971262008
985,2010-12-20,14.21,14.21,13.61,13.94,17400,11.65,4710.0,14.6043333333,14.3905,15.0006,15.4598666667,15.3538997094,14.3905,13.4271002906,-0.33869167849,-0.331443901161,-0.00724777732855,37.7369868076,47.9471228552,32.3378329058
986,2010-12-17,14.13,14.6,13.8,14.21,5900,11.87,4362.0,14.6613333333,14.431,15.0362,15.4700666667,15.3832793708,14.431,13.4787206292,-0.34914231501,-0.329631956829,-0.0195103581812,42.7689006725,39.2725821728,23.4904951575
987,2010-12-16,13.62,14.03,13.6,14.03,9800,11.72,4326.0,14.709,14.4485,15.0664,15.479,15.396746276,14.4485,13.500253724,-0.38489360286,-0.324754367284,-0.0601392355761,37.6197300123,25.3017028344,17.387772972
988,2010-12-15,13.53,13.6,13.35,13.6,8100,11.36,4150.0,14.7623333333,14.487,15.0994,15.4891333333,15.4266403567,14.487,13.5473596433,-0.406599521492,-0.30971955839,-0.0968799631021,22.0656028467,16.8299237608,15.6554680688
989,2010-12-14,13.4,13.58,13.33,13.57,13900,11.34,4206.0,14.831,14.527,15.1408,15.5018,15.3759310926,14.527,13.6780689074,-0.384608173687,-0.285499567614,-0.0991086060734,20.7860201923,12.5577718621,16.3286051061
990,2010-12-13,13.73,13.75,13.35,13.59,15200,11.35,3994.0,14.898,14.5925,15.1832,15.5145333333,15.330927383,14.5925,13.854072617,-0.347890370873,-0.260722416096,-0.0871679547771,20.9994579781,14.8616934307,20.4786342848
991,2010-12-10,14.22,14.46,13.65,14.0,28100,11.64,3712.0,14.9653333333,14.6785,15.227,15.5270666667,15.3247592359,14.6785,14.0322407641,-0.298001242613,-0.238930427401,-0.0590708152117,26.1013623675,18.3724832215,24.6615985125
992,2010-12-09,14.25,14.25,14.1,14.1,1700,11.73,3154.0,15.018,14.743,15.2618,15.5366666667,15.3624545988,14.743,14.1235454012,-0.271735464469,-0.224162723598,-0.0475727408705,27.6212038478,19.5224719101,30.8084706846
993,2010-12-08,14.25,14.41,14.14,14.35,3800,11.93,3202.0,15.063,14.799,15.2946,15.5436666667,15.3769238704,14.799,14.2210761296,-0.2444400827,-0.212269538381,-0.0321705443193,31.9384208857,29.1578885768,40.6413943738
994,2010-12-07,14.31,14.46,14.12,14.4,6400,11.98,3148.0,15.105,14.8585,15.3238,15.5490666667,15.4824639413,14.8585,14.2345360587,-0.231500303312,-0.204226902301,-0.0272734010112,32.8932222051,31.5935503415,51.1673624177
995,2010-12-06,14.35,14.54,14.25,14.5,3000,12.06,3120.0,15.1426666667,14.917,15.353,15.5564,15.576427024,14.917,14.257572976,-0.216708071391,-0.197408552048,-0.0192995193425,34.8267849385,42.9599719101,63.4356548804
996,2010-12-03,14.55,14.55,14.52,14.55,1200,12.1,3196.0,15.1766666667,14.9745,15.379,15.5630666667,15.6775640085,14.9745,14.2714359915,-0.204857505245,-0.192583672213,-0.0122738330326,35.8039504181,58.8541666667,72.0108024967
997,2010-12-02,14.91,14.91,14.33,14.49,5100,12.05,3184.0,15.208,15.029,15.402,15.5695333333,15.7604068635,15.029,14.2975931365,-0.191843037107,-0.189515213954,-0.00232782315245,33.7321191777,71.2617607527,74.8655356421
998,2010-12-01,15.12,15.13,14.66,14.88,3100,12.37,3206.0,15.2433333333,15.086,15.426,15.5758,15.8181857688,15.086,14.3538142312,-0.166332308143,-0.188933258166,0.022600950023,41.8925139689,80.6667201922,71.8473436052
999,2010-11-30,15.01,15.14,15.01,15.06,2400,12.52,3150.0,15.2656666667,15.125,15.4448,15.5794666667,15.8914332978,15.125,14.3585667022,-0.171061053239,-0.194583495672,0.0235224424334,46.7382929892,77.2605623751,64.548511175
1000,2010-11-29,14.85,15.0,14.85,15.0,400,12.47,3124.0,15.2813333333,15.151,15.4602,15.5819333333,15.9417439535,15.151,14.3602560465,-0.192935763477,-0.20046410628,0.00752834280361,44.7605465228,70.2730992483,55.9471901247
1001,2010-11-26,14.86,14.97,14.75,14.97,1000,12.45,3176.0,15.3016666667,15.1815,15.4754,15.5856666667,15.9933688318,15.1815,14.3696311682,-0.211940418894,-0.202346191981,-0.00959422691257,43.7915040297,59.1889926052,47.6966408676
1002,2010-11-24,14.73,14.85,14.65,14.85,1000,12.35,3278.0,15.3233333333,15.212,15.491,15.5890666667,16.0355435629,15.212,14.3884564371,-0.230059954806,-0.199947635253,-0.0301123195528,39.8737914101,51.4713904716,39.9302907947
1003,2010-11-23,14.85,14.94,14.81,14.9,2500,12.39,3294.0,15.349,15.242,15.5072,15.5934,16.0542462681,15.242,14.4297537319,-0.237622563118,-0.192419555365,-0.0452030077534,40.9788739213,42.8552781737,32.0893192737
1004,2010-11-22,14.75,14.82,14.75,14.82,400,12.32,3386.0,15.377,15.2775,15.5226,15.5992666667,16.08891543,15.2775,14.46608457,-0.248909782265,-0.181118803427,-0.0677909788379,38.4442647887,37.2709022201,27.0436341453
1005,2010-11-19,14.54,14.75,14.18,14.75,3600,12.27,3440.0,15.4073333333,15.313,15.5402,15.6054666667,16.103091134,15.313,14.522908866,-0.251550417869,-0.164171058717,-0.0873793591518,36.2188061992,28.1235923134,22.7815203193
1006,2010-11-18,14.8,15.0,14.41,14.56,10300,12.11,3534.0,15.4396666667,15.3515,15.5602,15.6108666667,16.1021603759,15.3515,14.6008396241,-0.244134641235,-0.142326218929,-0.101808422306,29.8242738705,20.1075043873,21.4694068478
1007,2010-11-17,14.2,14.95,14.2,14.8,8700,12.31,3400.0,15.4783333333,15.398,15.585,15.6169333333,16.0563190716,15.398,14.7396809284,-0.211772909732,-0.116874113353,-0.0948987963791,33.7988521244,22.6725376602,25.4752688462
1008,2010-11-16,14.62,14.75,14.3,14.4,17800,11.98,3370.0,15.5076666667,15.4355,15.6062,15.6215333333,16.0362154068,15.4355,14.8347845932,-0.191823602835,-0.093149414258,-0.0986741885772,16.5974140663,20.2224469161,30.9326043559
1009,2010-11-15,15.11,15.11,14.82,14.88,2200,12.37,3026.0,15.55,15.493,15.6362,15.6284666667,15.8615159427,15.493,15.1244840573,-0.122843598718,-0.0684808671137,-0.0543627316048,23.3612239389,22.8751384275,40.7430640555
1010,2010-11-12,15.11,15.31,15.11,15.31,9500,12.73,3100.0,15.577,15.5255,15.656,15.6318666667,15.7636155182,15.5255,15.2873844818,-0.0818859411191,-0.0548901842125,-0.0269957569066,35.3419861984,36.130952381,54.3099937343
1011,2010-11-11,15.25,15.29,15.11,15.29,1400,12.72,3094.0,15.5926666667,15.5405,15.6664,15.6324666667,15.7594497659,15.5405,15.3215502341,-0.072199826276,-0.0481412449859,-0.0240585812901,33.8773975882,44.5018796992,66.170112782
1012,2010-11-10,15.31,15.31,15.12,15.22,4400,12.66,3356.0,15.6076666667,15.557,15.6798,15.6337333333,15.7455841987,15.557,15.3684158013,-0.0567502785849,-0.0421265996633,-0.0146236789216,28.622843113,59.4642857143,77.9017857143
1013,2010-11-09,15.55,15.64,15.34,15.54,4900,12.87,3368.0,15.625,15.577,15.6994,15.6356,15.6867451593,15.577,15.4672548407,-0.0290783063889,-0.038470679933,0.00939237354404,43.1931193287,77.1428571429,85.2188940092
1014,2010-11-08,15.56,15.57,15.41,15.57,1800,12.9,3470.0,15.634,15.587,15.7122,15.6356,15.7161665591,15.587,15.4578334409,-0.0259176683294,-0.040818773319,0.0149011049895,45.1959350111,83.5714285714,88.2258064516
1015,2010-11-05,15.65,15.65,15.65,15.65,600,12.96,3436.0,15.6436666667,15.595,15.7262,15.635,15.7380384564,15.595,15.4519615436,-0.0245611060306,-0.0445440495663,0.0199829435358,51.0583603869,91.4285714286,89.6563642142
1016,2010-11-04,15.62,15.64,15.62,15.64,800,12.95,3692.0,15.6486666667,15.5985,15.7386,15.634,15.7499298517,15.5985,15.4470701483,-0.0306178413359,-0.0495397854503,0.0189219441144,50.3102422894,88.732718894,85.4588431591
1017,2010-11-03,15.64,15.68,15.35,15.63,5200,12.95,3696.0,15.6506666667,15.6025,15.7466,15.6348666667,15.762108897,15.6025,15.442891103,-0.0368849057971,-0.0542702714789,0.0173853656817,49.5947871367,89.1705069124,81.0616293236
1018,2010-11-02,15.58,15.66,15.56,15.66,2900,12.97,3634.0,15.6526666667,15.605,15.7568,15.6344666667,15.767788206,15.605,15.442211794,-0.0433292694433,-0.0586166128993,0.015287343456,51.667154042,89.2936596218,73.8167839374
1019,2010-11-01,15.61,15.61,15.42,15.58,2900,12.9,3704.0,15.658,15.6055,15.7616,15.6334666667,15.7690206409,15.6055,15.4419793591,-0.0539789223962,-0.0624384487633,0.00845952636714,46.0889777802,74.638487208,63.9148472463
1020,2010-10-29,15.63,15.64,15.6,15.61,1100,12.93,3676.0,15.6663333333,15.611,15.767,15.6329333333,15.7780808188,15.611,15.4439191812,-0.0586411496575,-0.0645533303551,0.00591218069759,48.0187557853,71.1438635521,57.4160781575
1021,2010-10-28,15.49,15.58,15.49,15.58,800,12.9,3658.0,15.6713333333,15.6195,15.7752,15.6318,15.802089704,15.6195,15.436910296,-0.066793430276,-0.0660313755295,-0.000762054746555,45.915971988,60.1911253675,50.6730788038
1022,2010-10-27,15.43,15.5,15.33,15.45,4900,12.8,3828.0,15.677,15.6275,15.7836,15.6308666667,15.8163782677,15.6275,15.4386217323,-0.0731726185524,-0.0658408618428,-0.00733175670957,35.400912065,49.6859128575,46.8100677398
1023,2010-10-26,15.61,15.61,15.61,15.61,100,12.93,3730.0,15.684,15.642,15.7906,15.6304666667,15.8182498227,15.642,15.4657501773,-0.0670140898644,-0.0640079226655,-0.00300616719895,45.5138770002,48.6434108527,45.5556343354
1024,2010-10-25,15.53,15.53,15.53,15.53,100,12.86,3914.0,15.686,15.652,15.7944,15.6285333333,15.842010526,15.652,15.461989474,-0.0744697264864,-0.0632563808657,-0.0112133456207,37.1822073303,44.1718661373,44.3846825369
1025,2010-10-22,15.52,15.52,15.52,15.52,200,12.85,3958.0,15.6916666667,15.6685,15.808,15.6277333333,15.8702201031,15.6685,15.4667798969,-0.0747571793896,-0.0604530444605,-0.0143041349291,36.0471138884,44.7390811117,43.4887187823
1026,2010-10-21,15.45,15.49,15.33,15.49,3700,12.83,4156.0,15.6993333333,15.6825,15.8204,15.6272666667,15.8798702105,15.6825,15.4851297895,-0.0730185148495,-0.0568770107283,-0.0161415041212,32.657298487,44.6681792399,41.6080531493
1027,2010-10-20,15.55,15.55,15.55,15.55,0,12.88,4082.0,15.7096666667,15.693,15.8278,15.6273333333,15.869533283,15.693,15.516466717,-0.0666827137113,-0.052841634698,-0.0138410790134,36.2230058555,43.9596036585,41.0552645992
1028,2010-10-19,15.53,15.55,15.53,15.55,900,12.88,4104.0,15.72,15.7,15.834,15.6267333333,15.8639512123,15.7,15.5360487877,-0.0637350880592,-0.0493813649446,-0.0143537231146,36.2230058555,40.5880111191,42.3140771814
1029,2010-10-18,15.52,15.58,15.35,15.53,7400,12.86,4090.0,15.7316666667,15.7135,15.841,15.6261333333,15.870123753,15.7135,15.556876247,-0.059045790037,-0.045792934166,-0.013252855871,34.1567402579,37.2164185796,45.8283265981
1030,2010-10-15,15.61,15.62,15.61,15.61,400,12.93,3970.0,15.743,15.7285,15.8472,15.6256666667,15.8685392802,15.7285,15.5884607198,-0.0501653290698,-0.0424797201982,-0.00768560887158,38.8293257409,42.4570250397,51.5980128493
1031,2010-10-14,15.62,15.62,15.62,15.62,0,12.94,4008.0,15.7503333333,15.736,15.8498,15.6244,15.8655221989,15.736,15.6064778011,-0.0462464086489,-0.0405583179803,-0.00568809066857,39.4558202136,48.9948539871,54.9640197473
1032,2010-10-13,15.75,15.75,15.52,15.62,2100,12.94,4076.0,15.7616666667,15.7425,15.852,15.6229333333,15.8606312829,15.7425,15.6243687171,-0.0415899479132,-0.0391362953132,-0.00245365259995,39.4558202136,54.6450087859,55.7972900562
1033,2010-10-12,15.76,15.76,15.7,15.74,3800,12.98,4036.0,15.781,15.7445,15.855,15.6212,15.8554008566,15.7445,15.6335991434,-0.035041666059,-0.0385228821632,0.00348121610425,47.3627128967,60.2951635846,54.8047288179
1034,2010-10-11,15.62,15.73,15.62,15.73,2600,12.98,3980.0,15.7956666667,15.741,15.855,15.6186666667,15.8565681617,15.741,15.6254318383,-0.0383921620769,-0.0393931861893,0.00100102411235,46.5336075404,55.9210526316,53.4286437247
1035,2010-10-08,15.72,15.72,15.72,15.72,0,12.97,3930.0,15.8136666667,15.7395,15.856,15.6168666667,15.8563717245,15.7395,15.6226282755,-0.0410920000915,-0.0396434422174,-0.00144855787411,45.7399897198,52.3279352227,54.1919703104
1036,2010-10-07,15.73,15.76,15.52,15.72,4100,12.97,4000.0,15.832,15.741,15.8564,15.6153333333,15.8576018868,15.741,15.6243981132,-0.0429220915196,-0.0392813027488,-0.00364078877079,45.7399897198,50.6747638327,56.9753711201
1037,2010-10-06,15.67,15.68,15.67,15.68,1000,12.94,3952.0,15.8426666667,15.745,15.8568,15.6132,15.863911732,15.745,15.626088268,-0.0446336323385,-0.0383711055561,-0.00626252678239,42.8123089774,54.7908232119,62.0951417004
1038,2010-10-05,15.68,15.68,15.5,15.67,10900,12.93,3942.0,15.858,15.754,15.8572,15.6106,15.8789639948,15.754,15.6290360052,-0.0420962370588,-0.0368054738605,-0.00529076319829,42.0869117451,58.9743589744,67.7884615385
1039,2010-10-04,15.81,15.82,15.69,15.69,3300,12.94,3770.0,15.8656666667,15.7655,15.8586,15.609,15.8994365521,15.7655,15.6315634479,-0.0372271072719,-0.035482783061,-0.00174432421093,43.1022687634,63.4615384615,74.3669871795
1040,2010-10-01,15.8,15.84,15.78,15.78,1100,13.02,3852.0,15.871,15.7745,15.8594,15.6072666667,15.9110979502,15.7745,15.6379020498,-0.0325072055108,-0.0350467020082,0.00253949649745,47.9345004885,71.1538461538,80.1371606335
1041,2010-09-30,15.75,15.75,15.74,15.74,200,12.98,3990.0,15.879,15.777,15.8582,15.6049333333,15.9157227451,15.777,15.6382772549,-0.0351736988192,-0.0356815761326,0.000507877313416,45.4086706457,77.5641025641,83.0227187029
1042,2010-09-29,15.87,15.87,15.6,15.74,4100,12.98,4020.0,15.8876666667,15.788,15.8594,15.6013333333,15.9466946754,15.788,15.6293053246,-0.0339927692045,-0.0358085454609,0.00181577625642,45.4086706457,85.2884615385,83.3999155682
1043,2010-09-28,15.85,15.88,15.8,15.81,1100,13.04,4026.0,15.8896666667,15.811,15.8608,15.5978666667,16.0488150542,15.811,15.5731849458,-0.0319910333079,-0.0362624895251,0.00427145621712,48.9952167329,86.5422322775,81.3433052987
1044,2010-09-27,15.81,15.86,15.56,15.86,5000,13.08,4004.0,15.8893333333,15.8295,15.8604,15.5943333333,16.1165870948,15.8295,15.5424129052,-0.0360980390064,-0.0373303535793,0.00123231457298,51.7038340971,82.6960784314,79.4541240409
1045,2010-09-24,15.79,15.8,15.7,15.8,6800,13.03,3904.0,15.901,15.85,15.859,15.5906,16.1954851661,15.85,15.5045148339,-0.0459059184395,-0.0376384322226,-0.00826748621695,48.5334211096,79.0728900256,78.8118693725
1046,2010-09-23,15.69,15.7,15.69,15.7,600,12.95,3936.0,15.9123333333,15.8735,15.8588,15.5857333333,16.2632832731,15.8735,15.4837167269,-0.0516475257387,-0.0355715606683,-0.0160759650704,42.7134635826,77.0620204604,76.028217454
1047,2010-09-22,15.7,15.82,15.49,15.69,6200,12.94,3948.0,15.9176666667,15.8905,15.8588,15.5820666667,16.2781841498,15.8905,15.5028158502,-0.0480428495899,-0.0315525694007,-0.0164902801891,42.1055430444,78.9855072464,70.2491200365
1048,2010-09-21,15.82,15.82,15.82,15.82,300,13.05,3852.0,15.9233333333,15.913,15.86,15.5794666667,16.3037480006,15.913,15.5222519994,-0.0417249851295,-0.0274299993535,-0.0142949857761,48.2917731709,80.1270597578,60.040699012
1049,2010-09-20,15.62,15.83,15.62,15.83,1100,13.06,3874.0,15.926,15.917,15.8624,15.5766666667,16.3054893821,15.917,15.5285106179,-0.0462905474346,-0.0238562529094,-0.0224342945251,48.8039426219,67.9382823516,45.4237824335
1050,2010-09-17,15.77,15.77,15.6,15.76,3000,13.0,3858.0,15.9263333333,15.918,15.864,15.5734,16.3056905983,15.918,15.5303094017,-0.0524627299049,-0.0182476792782,-0.0342150506267,45.0133122762,53.9456307901,32.273197493
1051,2010-09-16,15.66,15.79,15.53,15.75,6100,12.99,3818.0,15.9256666667,15.931,15.8688,15.5716666667,16.3140352464,15.931,15.5479647536,-0.0524503121865,-0.00969391662149,-0.042756395565,44.467885563,38.1518231484,21.7909265578
1052,2010-09-15,15.67,15.69,15.53,15.66,1800,12.92,3878.0,15.925,15.9435,15.8764,15.57,16.3183212908,15.9435,15.5686787092,-0.0506533672124,0.000995182269773,-0.0516485494822,39.4483611231,21.659393444,15.7720223058
1053,2010-09-14,15.63,15.68,15.23,15.67,7100,12.93,3944.0,15.9286666667,15.9505,15.8774,15.5687333333,16.30874433,15.9505,15.59225567,-0.0384593993769,0.0139073196403,-0.0523667190172,39.81971617,15.3359425893,14.7191531115
1054,2010-09-13,15.68,15.75,15.55,15.7,3100,12.95,3804.0,15.931,15.957,15.884,15.5673333333,16.299,15.957,15.615,-0.0233542346214,0.0269989993946,-0.050353234016,40.8920647382,12.0165470494,15.4424591308
1055,2010-09-10,15.91,15.91,15.7,15.75,8300,12.94,3850.0,15.9336666667,15.9825,15.89,15.5658666667,16.3200722145,15.9825,15.6449277855,-0.00678939910258,0.0395873078986,-0.0463767070012,42.6704639078,14.0762061404,17.6466557018
1056,2010-09-09,15.86,15.92,15.79,15.8,3600,12.98,3718.0,15.9333333333,16.002,15.89,15.5641333333,16.3284720509,16.002,15.6755279491,0.0093612004011,0.0511814846489,-0.0418202842478,44.4661699648,17.4479166667,21.2890625
1057,2010-09-08,15.7,15.88,15.7,15.86,7200,13.03,3648.0,15.9313333333,16.005,15.8886,15.5613333333,16.3250312485,16.005,15.6849687515,0.0247481663073,0.0616365557109,-0.0368883894037,46.6538929739,18.2291666667,26.396780303
1058,2010-09-07,15.83,15.9,15.83,15.9,600,13.06,3524.0,15.926,16.005,15.8864,15.5586666667,16.3250312485,16.005,15.6849687515,0.0379184658266,0.0708586530618,-0.0329401872352,48.119466015,20.8333333333,34.5170454545
1059,2010-09-03,15.86,15.89,15.84,15.87,5900,13.04,3512.0,15.9206666667,16.005,15.884,15.5556666667,16.3250312485,16.005,15.6849687515,0.0501042886193,0.0790936998706,-0.0289894112513,46.9590671032,28.6458333333,44.3477746212
1060,2010-09-02,15.78,15.96,15.71,15.83,9200,13.01,3428.0,15.916,16.0035,15.8822,15.5528666667,16.3263172858,16.0035,15.6806827142,0.067983585513,0.0863410526834,-0.0183574671704,45.4484155632,37.8787878788,50.7930871212
1061,2010-09-01,16.4,16.4,15.8,15.96,14500,13.11,3416.0,15.9123333333,15.999,15.8804,15.5506,16.3336580344,15.999,15.6643419656,0.0938879450317,0.0909304194761,0.00295752555561,49.7220874342,50.7102272727,53.9891098485
1062,2010-08-31,16.27,16.65,16.02,16.2,5000,13.31,3322.0,15.907,15.9875,15.871,15.5472666667,16.3419502786,15.9875,15.6330497214,0.112349321071,0.0901910380872,0.0221582829842,59.277659202,60.15625,50.8345170455
1063,2010-08-30,16.42,16.42,15.97,16.18,10000,13.29,3270.0,15.894,15.966,15.8532,15.5427333333,16.3184429032,15.966,15.6135570968,0.109842214546,0.0846514673411,0.0251907472054,58.6629339623,54.4270833333,41.8501420455
1064,2010-08-27,16.27,16.27,16.27,16.27,100,13.37,3170.0,15.881,15.944,15.8352,15.5378,16.295192255,15.944,15.592807745,0.107080893643,0.0783537805398,0.0287271131034,62.612381643,50.6628787879,34.1678503788
1065,2010-08-26,15.96,16.57,15.69,16.27,13400,13.37,3170.0,15.865,15.9195,15.8134,15.5311333333,16.2436280611,15.9195,15.5953719389,0.0928352674189,0.0711720022639,0.021663265155,62.612381643,38.0918560606,27.4085557518
1066,2010-08-25,16.05,16.05,15.96,16.04,1000,13.18,2948.0,15.849,15.893,15.7902,15.5259333333,16.1830413764,15.893,15.6029586236,0.0733023369667,0.0657561859752,0.00754615099153,56.0997671975,24.21875,24.286042542
1067,2010-08-24,16.04,16.24,16.0,16.14,2100,13.26,3042.0,15.8376666667,15.878,15.771,15.5215333333,16.167108976,15.878,15.588891024,0.0707231808336,0.0638696482273,0.00685353260631,60.3434738542,23.6979166667,25.451352416
1068,2010-08-23,15.86,16.35,15.86,15.9,6400,13.06,3010.0,15.8246666667,15.856,15.7478,15.5181333333,16.1284995413,15.856,15.5835004587,0.0562207207388,0.0621562650757,-0.00593554433685,52.3025485029,23.6257002801,28.6130077031
1069,2010-08-20,16.01,16.01,15.85,15.85,1500,13.02,2902.0,15.826,15.848,15.7286,15.5154666667,16.1242317867,15.848,15.5717682133,0.0613289157344,0.0636401511599,-0.00231123542546,50.35522088,25.6018032213,32.5280112045
1070,2010-08-19,16.02,16.02,16.02,16.02,200,13.16,2948.0,15.828,15.842,15.7114,15.5146,16.1229697493,15.842,15.5610302507,0.0720476822091,0.0642179600163,0.00782972219279,57.8061834121,28.8799894958,40.0705059985
1071,2010-08-18,15.75,16.47,15.75,16.0,9300,13.15,3014.0,15.8273333333,15.827,15.69,15.5128666667,16.1002837353,15.827,15.5537162647,0.0673716687682,0.0622605294681,0.00511113930009,57.1129322293,36.3445378151,50.9149712517
1072,2010-08-17,15.8,15.8,15.8,15.8,0,12.98,3000.0,15.8316666667,15.817,15.6694,15.5112666667,16.0786180422,15.817,15.5553819578,0.0624597873397,0.0609827446431,0.00147704269665,49.3918623933,39.2857142857,62.5193498452
1073,2010-08-16,16.2,16.2,15.77,15.8,9300,12.98,3306.0,15.8286666667,15.8175,15.6528,15.511,16.0790243774,15.8175,15.5559756226,0.0756455708642,0.0606134839689,0.0150320868954,49.3918623933,55.7717823972,76.0891630501
1074,2010-08-13,16.15,16.21,16.14,16.21,2300,13.32,3166.0,15.8353333333,15.817,15.6398,15.5108666667,16.0786944784,15.817,15.5553055216,0.0913751262594,0.056855462245,0.0345196640143,72.4460896386,72.2578505086,84.925822714
1075,2010-08-12,16.71,16.71,15.76,16.14,10100,13.26,3302.0,15.8283333333,15.796,15.621,15.5076666667,15.9856734035,15.796,15.6063265965,0.0683772114908,0.0482255462415,0.0201516652494,70.2441958904,82.7620521893,88.9316725868
1076,2010-08-11,15.86,15.86,15.86,15.86,0,13.03,3416.0,15.8153333333,15.7785,15.6034,15.5054,15.8838138168,15.7785,15.6731861832,0.0451562044737,0.0431876299291,0.00196857454452,57.6841389804,93.5649671053,89.0987854723
1077,2010-08-10,15.86,15.86,15.75,15.86,1100,12.98,3440.0,15.811,15.7705,15.5938,15.5053333333,15.8741291465,15.7705,15.6668708535,0.0433700289067,0.042695486293,0.000674542613663,57.6841389804,91.1184210526,83.5871103414
1078,2010-08-09,15.9,15.9,15.9,15.9,200,13.01,3524.0,15.8073333333,15.765,15.584,15.5046,15.8603939201,15.765,15.6696060799,0.0404593825807,0.0425268506396,-0.00206746805888,60.8478572211,88.28125,76.9192197962
1079,2010-08-06,15.78,15.84,15.78,15.84,1400,12.96,3590.0,15.8033333333,15.767,15.5736,15.5039333333,15.8745360405,15.767,15.6594639595,0.0320831120689,0.0430437176543,-0.0109606055854,57.609566645,83.4305037313,69.0567814767
1080,2010-08-05,15.59,15.79,15.52,15.74,2300,12.88,3628.0,15.8013333333,15.7705,15.5628,15.5011333333,15.8910777757,15.7705,15.6499222243,0.0270343724402,0.0457838690506,-0.0187494966104,51.3868814838,71.5182665818,60.1657689231
1081,2010-08-04,15.61,15.74,15.61,15.73,3400,12.87,3582.0,15.8013333333,15.7835,15.5556,15.4984666667,15.9390988432,15.7835,15.6279011568,0.0303789357149,0.0504712432033,-0.0200923074883,50.7150825315,64.4468588715,53.8505980802
1082,2010-08-03,15.77,15.77,15.77,15.77,100,12.9,3562.0,15.7933333333,15.8035,15.5486,15.4952666667,16.0180949673,15.8035,15.5889050327,0.0352241210479,0.0554943200753,-0.0202701990274,53.4590728234,56.831496722,48.8867149741
1083,2010-08-02,15.87,15.87,15.64,15.74,1000,12.88,3576.0,15.778,15.8005,15.5406,15.4952666667,16.018534401,15.8005,15.582465599,0.036823261294,0.0605618698322,-0.0237386085382,51.6366969025,47.866453517,43.9028952479
1084,2010-07-30,15.78,15.78,15.78,15.78,100,12.91,3866.0,15.7626666667,15.8135,15.5306,15.4954666667,16.0460747192,15.8135,15.5809252808,0.0413832801348,0.0664965219667,-0.0251132418319,54.2675538665,46.2575832104,38.8924527055
1085,2010-07-29,15.79,15.8,15.53,15.74,3500,12.88,3866.0,15.7426666667,15.8245,15.523,15.4956,16.0701399805,15.8245,15.5788600195,0.0425288564714,0.0727748324247,-0.0302459759533,51.9965023705,44.591326447,32.9398677199
1086,2010-07-28,15.74,15.74,15.62,15.74,1700,12.88,3838.0,15.7216666667,15.825,15.5176,15.4942666667,16.0699897957,15.825,15.5800102043,0.0474451541742,0.0803363264131,-0.0328911722388,51.9965023705,36.8962178173,25.6339136967
1087,2010-07-27,15.61,15.7,15.61,15.7,500,12.85,3814.0,15.6996666667,15.8245,15.5138,15.4942666667,16.0702213869,15.8245,15.5787786131,0.0530300264542,0.0885591194728,-0.0355290930186,49.8491078174,27.8246833473,20.267970597
1088,2010-07-26,15.63,15.74,15.23,15.74,2300,12.88,3876.0,15.6756666667,15.827,15.5108,15.4954666667,16.0685864235,15.827,15.5854135765,0.0634597357795,0.0974413927274,-0.0339816569479,52.0095226458,22.4472432682,17.7131706723
1089,2010-07-23,15.75,15.75,15.6,15.73,7400,12.87,3880.0,15.649,15.829,15.506,15.4958666667,16.0683240481,15.829,15.5896759519,0.0717760595251,0.105936806964,-0.0341607474393,51.5217901872,15.3675103538,17.3536697344
1090,2010-07-22,15.75,15.75,15.66,15.72,8000,12.86,3776.0,15.6243333333,15.8315,15.501,15.4956666667,16.0676588448,15.8315,15.5953411552,0.0823648791492,0.114476993824,-0.032112114675,51.0599343323,15.4324454188,19.5762179162
1091,2010-07-21,15.9,15.9,15.66,15.8,1700,12.93,3636.0,15.5986666667,15.8325,15.496,15.4942,16.066924828,15.8325,15.598075172,0.0957002106817,0.122505022493,-0.0268048118112,54.9488043747,17.6054836482,23.008897878
1092,2010-07-20,15.86,16.3,15.74,15.81,4400,12.94,3630.0,15.571,15.817,15.4888,15.4918666667,16.0949280482,15.817,15.5390719518,0.103183485319,0.129206225446,-0.026022740127,55.4389026033,21.0092395167,28.8710073582
1093,2010-07-19,15.79,15.79,15.79,15.79,0,12.92,3560.0,15.543,15.792,15.4756,15.4894666667,16.1471675661,15.792,15.4368324339,0.110215832433,0.135711910477,-0.0254960780447,54.6883518637,24.2577030812,35.5672268908
1094,2010-07-16,15.79,15.79,15.79,15.79,0,12.92,3680.0,15.5216666667,15.7665,15.463,15.4872,16.1859889748,15.7665,15.3470110252,0.119624888823,0.142085929989,-0.0224610411658,54.6883518637,29.1631652661,44.2086834734
1095,2010-07-15,15.75,16.37,15.75,15.79,8400,12.92,3724.0,15.5043333333,15.736,15.4572,15.4849333333,16.2268523199,15.736,15.2451476801,0.129894267869,0.14770119028,-0.0178069224114,54.6883518637,41.0539215686,55.1753393665
1096,2010-07-14,15.75,15.75,15.7,15.7,1200,12.85,3610.0,15.4866666667,15.702,15.4514,15.4826,16.2624498193,15.702,15.1415501807,0.141112358682,0.152152920883,-0.011040562201,51.7609568547,47.7941176471,62.4237996481
1097,2010-07-13,15.77,15.77,15.74,15.75,1400,12.89,3630.0,15.476,15.671,15.4478,15.4809333333,16.2936042081,15.671,15.0483957919,0.16254181483,0.154913061433,0.00762875339682,53.5455433844,58.8235294118,70.0782035571
1098,2010-07-12,15.91,15.95,15.82,15.94,1400,12.99,3842.0,15.4633333333,15.6325,15.4414,15.4811333333,16.3223949195,15.6325,14.9426050805,0.182438439734,0.153005873084,0.0294325666502,60.9619411626,73.0297888386,76.2704708873
1099,2010-07-09,16.0,16.0,15.91,15.91,300,12.97,3998.0,15.4446666667,15.5825,15.4312,15.4812,16.3193548025,15.5825,14.8456451975,0.18583466367,0.145647731421,0.0401869322489,60.1527502304,70.0477626948,78.1511001007
1100,2010-07-08,16.08,16.08,15.96,16.0,1000,13.04,4160.0,15.4243333333,15.5365,15.4216,15.4814666667,16.3002087141,15.5365,14.7727912859,0.190520976205,0.135600998359,0.0549199778452,63.8390061387,78.4117332831,83.2757261883
1101,2010-07-07,15.75,16.18,15.75,16.13,9100,13.14,4164.0,15.4036666667,15.484,15.4128,15.4784666667,16.2573408046,15.484,14.7106591954,0.184567564549,0.121871003898,0.0626965606508,69.5561868267,83.5925987327,86.4626428566
1102,2010-07-06,15.75,15.75,15.67,15.71,5100,12.8,4072.0,15.3786666667,15.426,15.3998,15.4746,16.1702956402,15.426,14.6817043598,0.161047863642,0.106196863735,0.0548509999068,58.3720637954,80.5523056924,88.7135385649
1103,2010-07-02,16.0,16.0,16.0,16.0,100,13.04,4172.0,15.3673333333,15.389,15.3956,15.4720666667,16.1465988384,15.389,14.6314011616,0.17144929465,0.0924841137586,0.0789651808913,76.3573720134,90.546267045,92.8852218189
1104,2010-07-01,16.05,16.05,15.5,16.0,5400,13.04,4328.0,15.342,15.3465,15.3912,15.4676,16.0560709972,15.3465,14.6369290028,0.152704222305,0.0727428185357,0.0799614037692,76.3573720134,91.1593999564,95.0113132855
1105,2010-06-30,15.8,15.88,15.72,15.75,1700,12.84,4428.0,15.322,15.31,15.3862,15.4632666667,15.9533661477,15.31,14.6666338523,0.126557541279,0.0527524675934,0.0738050736851,69.3340642063,92.5961815656,97.2214632964
1106,2010-06-29,15.73,15.73,15.73,15.73,100,12.82,4602.0,15.3126666667,15.2855,15.3824,15.4592666667,15.8964819965,15.2855,14.6745180035,0.116798576895,0.0343011991722,0.0824973777231,68.6420762154,97.2390387085,98.7251956827
1107,2010-06-28,15.73,15.75,15.73,15.75,1000,12.84,4740.0,15.3066666667,15.268,15.3772,15.4522666667,15.8462248698,15.268,14.6897751302,0.104680064873,0.0136768547414,0.0910032101316,70.1111539179,99.0506329114,99.0682137834
1108,2010-06-25,15.78,15.78,15.78,15.78,0,12.86,4818.0,15.3,15.249,15.372,15.4443333333,15.7861368541,15.249,14.7118631459,0.0856534540392,-0.00907394779152,0.0947274018308,72.2653797067,100.0,97.2756410256
1109,2010-06-24,15.75,15.78,15.75,15.78,1700,12.86,4854.0,15.2906666667,15.229,15.3652,15.4346,15.7126899834,15.229,14.7453100166,0.0570681659708,-0.0327557982492,0.08982396422,72.2653797067,98.6111111111,92.7216880342
1110,2010-06-23,15.49,15.74,15.4,15.74,8600,12.83,4876.0,15.2806666667,15.205,15.3574,,15.6196564843,15.205,14.7903435157,0.0197528613312,-0.0552117893042,0.0749646506354,71.2497991964,98.6111111111,85.5288461538
1111,2010-06-22,15.33,15.49,15.33,15.49,9800,12.62,4774.0,15.2716666667,15.187,15.3506,,15.532722432,15.187,14.841277568,-0.0240896236646,-0.0739529519631,0.0498633282985,63.4911612361,91.8803418803,73.9610042735
1112,2010-06-21,15.34,15.34,15.25,15.31,2400,12.48,4600.0,15.27,15.1815,15.3504,,15.5108797201,15.1815,14.8521202799,-0.0542436372604,-0.0864187840377,0.0321751467773,55.4540350115,81.7841880342,60.9668803419
1113,2010-06-18,15.18,15.28,15.18,15.28,5000,12.45,4554.0,15.2646666667,15.1845,15.3542,,15.5195507424,15.1845,14.8494492576,-0.0736148526171,-0.094462570732,0.0208477181149,53.8828426264,69.8397435897,48.275462963
1114,2010-06-17,15.18,15.18,15.18,15.18,100,12.37,4528.0,15.2606666667,15.1825,15.3594,,15.5157191471,15.1825,14.8492808529,-0.0942142605434,-0.0996745002607,0.00546023971731,48.2310763807,52.3397435897,36.1636941101
1115,2010-06-16,15.09,15.11,15.09,15.11,2300,12.31,4582.0,15.2713333333,15.1935,15.3654,,15.5399260383,15.1935,14.8470739617,-0.108954388325,-0.10103956019,-0.00791482813504,43.7502780472,39.9038461538,27.3172313797
1116,2010-06-15,15.0,15.08,14.99,15.08,5700,12.29,4718.0,15.2843333333,15.2115,15.3732,,15.5756579328,15.2115,14.8473420672,-0.119056087591,-0.0990608531563,-0.0199952344345,41.7436443205,31.0185185185,20.8867157974
1117,2010-06-14,14.96,14.98,14.96,14.98,500,12.21,4874.0,15.299,15.235,15.387,,15.6221175532,15.235,14.8478824468,-0.127163258834,-0.0940620445477,-0.0331012142864,34.5126278102,21.3926681784,17.5166524943
1118,2010-06-11,14.8,14.94,14.8,14.94,1000,12.18,4900.0,15.314,15.2635,15.3988,,15.6552282221,15.2635,14.8717717779,-0.12547949182,-0.0857867409761,-0.0396927508437,31.3475271003,16.9538926682,18.4953793402
1119,2010-06-10,14.91,15.04,14.86,14.99,3800,12.16,4924.0,15.3303333333,15.2915,15.4102,,15.6664279931,15.2915,14.9165720069,-0.117432509313,-0.0758635532652,-0.041568956048,33.210609873,14.1817838246,22.1919116627
1120,2010-06-09,14.95,15.0,14.93,14.95,3500,12.13,4930.0,15.345,15.316,15.4204,,15.6725052594,15.316,14.9594947406,-0.110544433324,-0.0654713142532,-0.0450731190707,30.1256319509,17.5382653061,29.1389498838
1121,2010-06-08,15.01,15.05,14.91,14.97,8600,12.15,4970.0,15.3653333333,15.342,15.4302,,15.661912488,15.342,15.022087512,-0.0960720973036,-0.0542030344855,-0.0418690628181,30.78584015,25.3075755619,36.1467886205
1122,2010-06-07,15.14,15.14,14.91,14.97,15300,12.15,4840.0,15.3823333333,15.3655,15.4396,,15.6382251364,15.3655,15.0927748636,-0.0782390851862,-0.043735768781,-0.0345033164052,30.78584015,31.7400219582,42.0825529579
1123,2010-06-04,15.27,15.32,15.15,15.15,2300,12.29,4676.0,15.4,15.3745,15.448,,15.6026644144,15.3745,15.1463355856,-0.0543396539353,-0.0351099396797,-0.0192297142557,37.0943302248,41.9699367089,46.7266613924
1124,2010-06-03,15.22,15.3,15.06,15.27,9100,12.39,4662.0,15.421,15.375,15.4514,,15.6012299715,15.375,15.1487700285,-0.041372166718,-0.0303025111157,-0.0110696556022,42.4834558738,45.5696202532,48.8132911392
1125,2010-06-02,15.4,15.4,15.0,15.26,15800,12.38,4606.0,15.437,15.3865,15.4542,,15.6135924922,15.3865,15.1594075078,-0.0364373424264,-0.0275350972152,-0.00890224521127,41.8295012214,49.0506329114,50.0791139241
1126,2010-06-01,15.35,15.39,15.35,15.38,1200,12.48,4376.0,15.447,15.3985,15.458,,15.6229348458,15.3985,15.1740651542,-0.0285905326227,-0.0253095359124,-0.00328099671032,47.897800376,50.3164556962,50.3955696203
1127,2010-05-28,15.15,15.37,15.15,15.37,5300,12.47,4440.0,15.45,15.4055,15.4604,,15.6358453928,15.4055,15.1751546072,-0.0303774694532,-0.0244892867348,-0.00588818271841,47.3062696452,50.3164556962,49.9713212025
1128,2010-05-27,15.3,15.38,15.29,15.38,3500,12.48,4386.0,15.454,15.4085,15.4622,,15.6384804339,15.4085,15.1785195661,-0.0311982147248,-0.0230172410552,-0.00818097366964,47.8103015792,50.6329113924,51.1155923225
1129,2010-05-26,15.32,15.39,15.1,15.3,3300,12.41,4320.0,15.456,15.411,15.4638,,15.6407738018,15.411,15.1812261982,-0.0328101737482,-0.0209719976378,-0.0118381761105,43.3245005112,50.3164556962,54.3833270272
1130,2010-05-25,15.38,15.38,15.38,15.38,0,12.48,4274.0,15.459,15.4175,15.467,,15.6416316577,15.4175,15.1933683423,-0.0262449261927,-0.0180124536101,-0.00823247258255,47.0822492853,48.6194620253,60.5604484317
1131,2010-05-24,15.2,15.38,15.01,15.38,2400,12.48,4296.0,15.4596666667,15.4265,15.4678,,15.6582131848,15.4265,15.1947868152,-0.0256289931135,-0.0159543354645,-0.00967465764904,47.0822492853,54.8935401761,70.970136916
1132,2010-05-21,15.23,15.37,15.23,15.37,800,12.47,4486.0,15.463,15.4315,15.4682,,15.6632994823,15.4315,15.1997005177,-0.0244700531745,-0.0135356710522,-0.0109343821223,46.5828875838,63.703850211,80.5538043317
1133,2010-05-20,15.45,15.75,14.96,15.24,15500,12.37,4506.0,15.4673333333,15.438,15.468,,15.6698275221,15.438,15.2061724779,-0.0216167145152,-0.0108020755217,-0.0108146389936,39.7157386219,75.0249413146,87.6460184063
1134,2010-05-19,15.4,15.4,15.4,15.4,100,12.5,4244.0,15.4773333333,15.465,15.4704,,15.7226431641,15.465,15.2073568359,-0.00442402823356,-0.00809841577329,0.00367438753973,46.5558332812,90.2582159624,90.6599654101
1135,2010-05-18,15.5,15.5,15.47,15.47,2100,12.55,4300.0,15.48,15.4825,15.4716,,15.7663221274,15.4825,15.1986778726,0.00129353175846,-0.00901701265822,0.0103105444167,50.0582559628,93.2282098387,88.3802576849
1136,2010-05-17,15.43,15.55,15.43,15.55,500,12.62,4482.0,15.481,15.487,15.472,,15.7727341422,15.487,15.2012658578,0.00144512968633,-0.0115946487624,0.0130397784487,54.4014821597,92.0727065093,82.0185524712
1137,2010-05-14,15.47,15.55,15.47,15.55,3600,12.62,4658.0,15.4883333333,15.483,15.469,,15.7673307933,15.483,15.1986692067,-0.0065278508448,-0.0148545933746,0.00832674252978,54.4014821597,87.0807293298,72.7472800816
1138,2010-05-13,15.4,15.5,15.29,15.5,2500,12.58,4666.0,15.489,15.48,15.4638,,15.7627012557,15.48,15.1972987443,-0.0166093227104,-0.016936279007,0.000326956296592,52.1648502209,81.1393850617,62.2591637309
1139,2010-05-12,15.45,15.48,15.44,15.48,2200,12.56,4618.0,15.4893333333,15.477,15.4624,,15.7600618307,15.477,15.1939381693,-0.0241444475613,-0.0170180180812,-0.00712642948015,51.2771802709,67.7813889839,51.0288869635
1140,2010-05-11,15.42,15.47,15.42,15.47,1000,12.5,4596.0,15.49,15.4725,15.4614,,15.7580783605,15.4725,15.1869216395,-0.0313744513156,-0.0152364107111,-0.0161380406044,50.8537517859,54.987616951,43.4826943069
1141,2010-05-10,15.35,15.44,15.35,15.44,1400,12.48,4638.0,15.489,15.469,15.4606,,15.7563255993,15.469,15.1816744007,-0.0391280277246,-0.01120190056,-0.0279261271645,49.6344310139,45.1282639271,39.140170411
1142,2010-05-07,14.96,15.15,14.95,15.15,900,12.24,4654.0,15.489,15.471,15.4558,,15.7580470345,15.471,15.1839529655,-0.0454007303015,-0.00422036876889,-0.0411803615326,35.2044891814,36.2182779918,36.9446428907
1143,2010-05-06,15.35,15.35,14.86,15.16,6000,12.25,4762.0,15.497,15.4885,15.4572,,15.7349366044,15.4885,15.2420633956,-0.0232193327863,0.00607472161426,-0.0292940544005,35.5304374732,37.5966183575,36.658769974
1144,2010-05-05,15.5,15.5,15.5,15.5,2200,12.52,4658.0,15.5023333333,15.5075,15.4596,,15.7030377201,15.5075,15.3119622799,0.00441175033738,0.0133982352144,-0.00898648487701,50.2062750694,37.6175213675,36.9951923077
1145,2010-05-04,15.54,15.57,15.5,15.5,2700,12.52,4666.0,15.4993333333,15.5065,15.4556,,15.7023851704,15.5065,15.3106148296,0.00499670733756,0.0156448564336,-0.0106481490961,50.2062750694,36.3461538462,37.9953838091
1146,2010-05-03,15.45,15.53,15.45,15.52,2200,12.54,4764.0,15.4976666667,15.5065,15.447,,15.7023851704,15.5065,15.3106148296,0.00567064580196,0.0183068937077,-0.0126362479057,51.2806037853,35.0747863248,40.2182611676
1147,2010-04-30,15.44,15.52,15.33,15.43,12000,12.47,4758.0,15.497,15.519,15.4396,,15.7461475291,15.519,15.2918524709,0.00441199059394,0.0214659556841,-0.0170539650901,46.4966377431,38.9423076923,46.9657111756
1148,2010-04-29,15.43,15.6,15.33,15.43,9200,12.47,4600.0,15.498,15.526,15.437,,15.7503568586,15.526,15.3016431414,0.0119049508107,0.0257294469566,-0.0138244961459,46.4966377431,41.618287373,55.390511611
1149,2010-04-28,15.64,15.65,15.41,15.43,8400,12.47,4502.0,15.499,15.53,15.4364,,15.7501817431,15.53,15.3098182569,0.0212955298392,0.0291855709931,-0.00789004115387,46.4966377431,45.2376632801,66.4887404753
1150,2010-04-27,15.53,15.56,15.53,15.56,1200,12.57,4606.0,15.5,15.5335,15.4346,,15.7493958082,15.5335,15.3176041918,0.0329715702743,0.0311580812816,0.00181348899276,52.4533436884,62.064586357,76.3283517779
1151,2010-04-26,15.49,15.58,15.47,15.48,4500,12.51,4610.0,15.4953333333,15.5275,15.4334,,15.7467601195,15.5275,15.3082398805,0.0341584935893,0.0307047090334,0.00345378455595,48.6977091724,72.641509434,78.5414209906
1152,2010-04-23,15.78,15.78,15.39,15.5,10100,12.52,4536.0,15.4926666667,15.5255,15.4338,,15.7471731829,15.5255,15.3038268171,0.0433220430774,0.0298412628944,0.013480780183,49.6073387971,86.0112028302,74.1008254717
1153,2010-04-22,15.77,15.78,15.4,15.78,7900,12.75,4418.0,15.488,15.52,15.4332,,15.7492596781,15.52,15.2907403219,0.0523515619791,0.0264710678487,0.0258804941305,65.5166365685,84.5961084906,61.9140625
1154,2010-04-21,15.57,15.75,15.36,15.75,10400,12.73,4284.0,15.474,15.497,15.4268,,15.7089528249,15.497,15.2850471751,0.034605943385,0.020000944316,0.0146049990689,64.3801191853,70.9168632075,49.2556014151
1155,2010-04-20,15.47,15.57,15.47,15.56,10400,12.57,4096.0,15.4643333333,15.48,15.4214,,15.6602220852,15.48,15.2997779148,0.0145072673846,0.0163496945488,-0.00184242716417,55.816086743,54.8791273585,39.8990271226
1156,2010-04-19,15.49,15.49,15.26,15.47,7000,12.5,4044.0,15.462,15.4745,15.42,,15.6513021493,15.4745,15.2976978507,0.00798848794589,0.0168103013398,-0.00882181339396,50.590964663,37.2641509434,35.2594339623
1157,2010-04-16,15.45,15.49,15.45,15.49,4900,12.52,4038.0,15.4596666667,15.476,15.4182,,15.6531327186,15.476,15.2988672814,0.00871559509213,0.0190157546883,-0.0103001595962,51.8563924523,33.9622641509,36.7924528302
1158,2010-04-15,15.42,15.44,15.4,15.44,1800,12.48,3966.0,15.453,15.4745,15.4176,,15.6516411866,15.4745,15.2973588134,0.00748051228472,0.0215907945874,-0.0141102823027,48.8885711025,33.4905660377,40.1598532495
1159,2010-04-14,15.28,15.42,15.28,15.39,2800,12.44,3930.0,15.4526666667,15.4755,15.4178,,15.6520757628,15.4755,15.2989242372,0.0108861991409,0.025118365163,-0.0142321660221,45.7852106923,36.320754717,43.9421733054
1160,2010-04-13,15.26,15.41,15.25,15.4,3500,12.44,3944.0,15.454,15.479,15.419,,15.6513832939,15.479,15.3066167061,0.0201656583772,0.0286764066686,-0.00851074829137,46.307378023,43.3962264151,50.2030922432
1161,2010-04-12,15.45,15.5,15.37,15.48,1100,12.46,3886.0,15.455,15.48,15.4208,,15.6507629936,15.48,15.3092370064,0.030698122226,0.0308040937414,-0.000105971515426,50.5937154587,47.4318658281,57.5253319357
1162,2010-04-09,15.5,15.5,15.5,15.5,100,12.47,3974.0,15.4456666667,15.476,15.4204,,15.6502871194,15.476,15.3017128806,0.035549403397,0.0308305866203,0.0047188167767,51.7047352878,48.6198462614,66.2079428207
1163,2010-04-08,15.49,15.54,15.43,15.54,3700,12.5,4076.0,15.4363333333,15.469,15.4208,,15.6499861873,15.469,15.2880138127,0.0391879564058,0.0296508824261,0.0095370739797,53.9030184524,61.3644304682,76.5475346323
1164,2010-04-07,15.57,15.57,15.35,15.48,2800,12.46,4130.0,15.4276666667,15.46,15.4188,,15.6438477631,15.46,15.2761522369,0.0391893392439,0.0272666139312,0.0119227253127,51.0013768651,72.6851851852,81.4270152505
1165,2010-04-06,15.78,15.78,15.5,15.5,9100,12.47,4156.0,15.4216666667,15.459,15.4146,,15.6426191711,15.459,15.2753808289,0.0447301684046,0.024285932603,0.0204442358016,52.0148034724,82.1623093682,81.0866013072
1166,2010-04-05,15.54,15.78,15.54,15.77,13500,12.69,4016.0,15.4073333333,15.4585,15.4144,,15.6417239067,15.4585,15.2752760933,0.0491152969929,0.0191748736526,0.0299404233403,69.2691938771,89.9782135076,76.801276066
1167,2010-04-01,15.56,15.57,15.51,15.57,1800,12.53,3972.0,15.3866666667,15.44,15.4066,,15.5561034022,15.44,15.3238965978,0.026507002253,0.0116897678175,0.0148172344355,60.1846061637,80.8823529412,68.1285014006
1168,2010-03-31,15.5,15.51,15.49,15.51,2200,12.48,3996.0,15.3776666667,15.426,15.4078,,15.543541482,15.426,15.308458518,0.0176286769341,0.00798545920862,0.00964321772547,56.6115308667,71.3235294118,61.7384453782
1169,2010-03-30,15.48,15.5,15.33,15.5,4100,12.47,4048.0,15.374,15.422,15.4076,,15.5331035553,15.422,15.3108964447,0.0121493791352,0.00557465477725,0.00657472435797,56.0004431972,65.0210084034,58.3420868347
1170,2010-03-29,15.49,15.49,15.25,15.44,5500,12.42,3992.0,15.3686666667,15.4185,15.412,,15.5238138168,15.4185,15.3131861832,0.00599726624815,0.00393097368775,0.0020662925604,52.2538726708,55.2871148459,59.199929972
1171,2010-03-26,15.44,15.44,15.39,15.44,2100,12.42,3882.0,15.3706666667,15.418,15.4184,,15.522995238,15.418,15.313004762,0.00416679101777,0.00341440054765,0.000752390470119,52.2538726708,55.3221288515,65.6600140056
1172,2010-03-25,15.33,15.5,15.3,15.39,7100,12.38,4112.0,15.3726666667,15.406,15.4248,,15.5469113196,15.406,15.2650886804,0.0017698311271,0.00322630293013,-0.00145647180302,49.1422102148,57.7380952381,73.9408263305
1173,2010-03-24,15.45,15.45,15.24,15.32,1600,12.33,4082.0,15.3753333333,15.3975,15.4322,,15.5600884375,15.3975,15.2349115625,0.00377560477753,0.00359042088088,0.00018518389665,44.4345807095,68.4523809524,82.8518907563
1174,2010-03-23,15.49,15.5,15.31,15.41,6300,12.4,4080.0,15.38,15.3955,15.4414,,15.562769244,15.3955,15.228230756,0.0134080561673,0.00354412490672,0.00986393126059,49.9551640333,81.1274509804,87.7976190476
1175,2010-03-22,15.53,15.57,15.45,15.45,4300,12.43,4004.0,15.3823333333,15.39,15.4478,,15.5621627137,15.39,15.2178372863,0.0163439042151,0.00107814209157,0.0152657621235,52.6549929214,88.4453781513,88.4716386555
1176,2010-03-19,15.5,15.5,15.45,15.5,4400,12.47,4092.0,15.3836666667,15.371,15.4548,,15.5899885842,15.371,15.1520114158,0.0157806571166,-0.00273829843931,0.0185189555559,56.1791594083,93.3823529412,85.7294891641
1177,2010-03-18,15.34,15.46,15.23,15.46,2600,12.44,4024.0,15.3796666667,15.3535,15.4618,,15.5840883779,15.3535,15.1229116221,0.00974130308012,-0.0073680373283,0.0171093404084,53.8864405232,88.2352941176,80.3228592464
1178,2010-03-17,15.46,15.46,15.46,15.46,200,12.44,4022.0,15.3796666667,15.3455,15.4676,,15.5718161505,15.3455,15.1191838495,0.00596392679237,-0.0116453724304,0.0176092992228,53.8864405232,83.8235294118,77.0324416673
1179,2010-03-16,15.42,15.49,15.42,15.46,1000,12.44,4066.0,15.3793333333,15.3425,15.4744,,15.5642092691,15.3425,15.1207907309,0.00105587303176,-0.0160476972361,0.0171035702678,53.8864405232,77.4767801858,76.4993770294
1180,2010-03-15,15.3,15.45,15.26,15.42,1100,12.41,4058.0,15.379,15.3365,15.4736,,15.5515604566,15.3365,15.1214395434,-0.0052239464668,-0.0203235898031,0.0150996433363,51.870259251,71.7558332704,79.0501319517
1181,2010-03-12,15.36,15.44,15.15,15.4,11900,12.39,4096.0,15.3813333333,15.3405,15.472,,15.5644173955,15.3405,15.1165826045,-0.00909056776907,-0.0240985006371,0.015007932868,50.8730036999,75.0736238013,82.608984766
1182,2010-03-11,15.36,15.36,15.35,15.36,1800,12.36,4082.0,15.3833333333,15.3455,15.469,,15.5787788032,15.3455,15.1122211968,-0.0118571925182,-0.0278504838541,0.0159932913359,48.9069278467,81.6912708601,85.6354506106
1183,2010-03-10,15.49,15.49,15.21,15.36,2400,12.31,4590.0,15.3886666667,15.351,15.4772,,15.5904911272,15.351,15.1115088728,-0.011143216216,-0.0318488066881,0.0207055904721,48.9069278467,87.6797998749,86.8472482802
1184,2010-03-09,15.48,15.48,15.31,15.46,2900,12.39,4546.0,15.3913333333,15.356,15.4854,,15.6001638794,15.356,15.1118361206,-0.0100698396817,-0.0370252043061,0.0269553646245,53.5243793155,85.9912445278,86.2307171149
1185,2010-03-08,15.36,15.49,15.25,15.49,11200,12.41,4530.0,15.385,15.357,15.4922,,15.6030162596,15.357,15.1109837404,-0.0187351686915,-0.0437640454622,0.0250288767707,54.9701364461,87.1794871795,84.1848517912
1186,2010-03-05,15.36,15.42,15.3,15.4,9300,12.34,4514.0,15.385,15.357,15.4932,,15.6030162596,15.357,15.1109837404,-0.0325773134468,-0.0500212646549,0.0174439512081,51.306145168,86.5384615385,78.0128205128
1187,2010-03-04,15.29,15.3,15.24,15.29,4000,12.25,4388.0,15.3843333333,15.356,15.5,,15.6014709759,15.356,15.1105290241,-0.0406074354661,-0.0543822524569,0.0137748169908,46.3519484668,85.2136752137,68.9698126932
1188,2010-03-03,15.43,15.43,15.43,15.43,100,12.36,4316.0,15.3956666667,15.3645,15.5118,,15.6120055555,15.3645,15.1169944445,-0.0390661376004,-0.0578259567046,0.0187598191043,52.6870509815,77.8077832333,58.3046917621
1189,2010-03-02,15.44,15.44,15.21,15.43,1100,12.36,4396.0,15.398,15.3655,15.5192,,15.614214696,15.3655,15.116785304,-0.0507851917775,-0.0625159114807,0.0117307197032,52.6870509815,62.4913620658,47.7623204219
1190,2010-03-01,15.3,15.43,15.3,15.43,3100,12.36,4496.0,15.4076666667,15.3665,15.5246,,15.6164019808,15.3665,15.1165980192,-0.0650042726832,-0.0654485914065,0.000444318723308,52.6870509815,50.36643026,40.1182033097
1191,2010-02-26,15.2,15.2,15.11,15.2,2200,12.18,4510.0,15.4186666667,15.3695,15.526,,15.6237813403,15.3695,15.1152186597,-0.0822074738002,-0.0655596710873,-0.0166478027129,42.3170480335,42.5531914894,35.7712765957
1192,2010-02-25,15.17,15.29,15.08,15.22,6300,12.19,4512.0,15.4373333333,15.3825,15.531,,15.6271936861,15.3825,15.1378063139,-0.0795510872433,-0.0613977204091,-0.0181533668342,43.0794544317,35.6382978723,34.7074468085
1193,2010-02-24,15.28,15.28,15.28,15.28,800,12.24,4386.0,15.4553333333,15.3975,15.5356,,15.6372394419,15.3975,15.1577605581,-0.0770398289508,-0.0568593787006,-0.0201804502503,45.3558131257,31.914893617,38.9627659574
1194,2010-02-23,15.14,15.38,15.14,15.3,2600,12.26,4382.0,15.472,15.4055,15.539,,15.6396345767,15.4055,15.1713654233,-0.0788230617637,-0.051814266138,-0.0270087956257,46.1099659561,32.9787234043,48.7715298886
1195,2010-02-22,15.19,15.25,15.05,15.07,7600,12.07,4336.0,15.4863333333,15.404,15.542,,15.6411834733,15.404,15.1668165267,-0.0819889616555,-0.0450620672316,-0.0369268944239,34.4756033364,38.2978723404,61.0874292634
1196,2010-02-19,15.25,15.25,15.1,15.15,1900,12.14,4274.0,15.5106666667,15.425,15.5494,,15.6084666182,15.425,15.2415333818,-0.0614190526207,-0.0358303436256,-0.025588708995,37.0597303781,52.6595744681,73.0595299874
1197,2010-02-18,15.26,15.3,15.25,15.3,4100,12.26,4510.0,15.534,15.4365,15.5554,,15.5721871401,15.4365,15.3008128599,-0.0424164552326,-0.0294331663769,-0.0129832888557,42.6220053353,71.1499493414,82.6984585644
1198,2010-02-17,15.38,15.44,15.31,15.4,4300,12.34,4486.0,15.549,15.453,15.565,,15.5982033057,15.453,15.3077966943,-0.0328179915812,-0.0261873441629,-0.00663064741825,46.9877563503,82.2423209035,87.1601397435
1199,2010-02-16,15.5,15.5,15.05,15.34,13600,12.29,4422.0,15.5623333333,15.458,15.576,,15.6024437607,15.458,15.3135562393,-0.0302713271885,-0.0245296823084,-0.00574164488017,43.7793645199,86.1862752366,87.7256568524
1200,2010-02-12,15.52,15.52,15.5,15.5,1400,12.42,4318.0,15.565,15.477,15.5882,,15.6512526901,15.477,15.3027473099,-0.020471456241,-0.0230942710883,0.00262281484732,51.496852276,91.2152887763,84.3993164755
1201,2010-02-11,15.47,15.5,15.47,15.5,800,12.42,4318.0,15.5596666667,15.49,15.5892,,15.703541565,15.49,15.276458435,-0.0239563997772,-0.0237499748001,-0.000206424977043,51.496852276,88.9966740576,77.9348449708
1202,2010-02-10,15.44,15.49,15.32,15.47,4200,12.39,4422.0,15.5513333333,15.503,15.5902,,15.7468934193,15.503,15.2591065807,-0.0280559982575,-0.0236983685559,-0.00435762970165,50.0739819218,84.5043893389,69.7522998729
1203,2010-02-09,15.49,15.49,15.46,15.46,1200,12.33,4338.0,15.5613333333,15.5175,15.5874,,15.7851471558,15.5175,15.2498528442,-0.0298259439796,-0.0226089611305,-0.00721698284913,49.616495891,72.8809137291,60.8433361589
1204,2010-02-08,15.4,15.48,15.4,15.48,1000,12.35,4322.0,15.5716666667,15.5335,15.5848,,15.8228630937,15.5335,15.2441369063,-0.030633024607,-0.0208047154182,-0.0098283091888,50.4754629941,65.3574027573,55.6619008301
1205,2010-02-05,15.37,15.5,15.37,15.49,7800,12.36,4454.0,15.5823333333,15.546,15.5822,,15.8464263637,15.546,15.2455736363,-0.0332539453407,-0.018347638121,-0.0149063072198,50.8844607635,56.2664936664,52.2535846235
1206,2010-02-04,15.38,15.38,15.1,15.38,6700,12.27,4508.0,15.584,15.5615,15.5754,,15.8802020552,15.5615,15.2427979448,-0.0371336813269,-0.0146210613161,-0.0225126200108,46.4525898665,48.8685344828,51.6220279477
1207,2010-02-03,15.42,15.46,15.41,15.46,1300,12.33,4514.0,15.596,15.585,15.5614,,15.9157869405,15.585,15.2542130595,-0.0303455089844,-0.00899290631335,-0.0213526026711,49.4669559055,52.1551724138,52.537541713
1208,2010-02-02,15.45,15.45,15.45,15.45,0,12.33,4542.0,15.61,15.5995,15.5434,,15.9325150147,15.5995,15.2664849853,-0.029385397973,-0.00365475564559,-0.0257306423274,49.0834515136,51.724137931,49.1955538205
1209,2010-02-01,15.5,15.51,15.31,15.45,3500,12.33,4674.0,15.6216666667,15.617,15.5208,,15.9535174587,15.617,15.2804825413,-0.0267143414024,0.00277790493626,-0.0294922463387,49.0834515136,53.7402669633,45.2113245486
1210,2010-01-29,15.49,15.5,15.48,15.49,600,12.36,,15.63,15.6155,,,15.9552337193,15.6155,15.2757662807,-0.0229165296865,0.0101509665209,-0.0330674962075,50.4027396244,52.5305895439,38.0940307607
1211,2010-01-28,15.44,15.5,15.25,15.46,5500,12.33,,15.6303333333,15.608,,,15.9646847347,15.608,15.2513152653,-0.0218085368464,0.0184178405728,-0.0402263774192,49.4566214102,38.7872208437,31.7174452476
1212,2010-01-27,15.41,15.54,15.35,15.52,5200,12.38,,15.63,15.5975,,,15.9822531676,15.5975,15.2127468324,-0.01702257454,0.0284744349276,-0.0454970094676,51.2730666999,35.7872208437,30.1510748193
1213,2010-01-26,15.49,15.49,15.16,15.44,6400,12.32,,15.6276666667,15.61,,,16.0000769155,15.61,15.2199230845,-0.016775436112,0.0398486872945,-0.0566241234065,48.9517589982,25.2710918114,31.4434000432
1214,2010-01-25,15.54,15.59,15.26,15.27,4100,12.18,,15.628,15.6265,,,16.0143285704,15.6265,15.2386714296,-0.00807053672041,0.0540047181462,-0.0620752548666,43.6552281137,27.0242474916,39.3919314381
1215,2010-01-22,15.74,15.74,15.39,15.49,2100,12.36,,15.634,15.653,,,16.0110558616,15.653,15.2949441384,0.0204665608553,0.0695235318628,-0.0490569710075,49.8734990684,32.5217391304,48.9691732003
1216,2010-01-21,15.51,15.63,15.3,15.38,11300,12.27,,15.6323333333,15.6555,,,16.0096454503,15.6555,15.3013545497,0.0341925790578,0.0817877746147,-0.0475951955569,46.3237218678,40.9565217391,61.0053456878
1217,2010-01-20,15.51,15.63,15.44,15.63,3000,12.47,,15.6346666667,15.6735,,,16.0057213118,15.6735,15.3412786882,0.0624146229589,0.0936865735039,-0.031271950545,54.4632647858,57.0652173913,71.9819137562
1218,2010-01-19,15.73,15.73,15.43,15.5,4800,12.37,,15.6396666667,15.686,,,16.0293598695,15.686,15.3426401305,0.0720738190224,0.10150456114,-0.0294307421177,50.2416223762,65.3332145403,78.9246258019
1219,2010-01-15,15.67,15.72,15.67,15.72,1300,12.54,,15.6546666667,15.701,,,16.0366724594,15.701,15.3653275406,0.0965904828123,0.10886224667,-0.0122717638573,58.8092328475,80.6664290805,84.2101746258
1220,2010-01-14,15.76,15.76,15.76,15.76,0,12.57,,15.6623333333,15.7,,,16.0355592347,15.7,15.3644407653,0.104077708481,0.111930187634,-0.0078524791526,60.5525695038,84.8627940128,84.1470509622
1221,2010-01-13,15.78,15.78,15.39,15.76,13600,12.57,,15.6553333333,15.687,,,16.0322593228,15.687,15.3417406772,0.108047546212,0.113893307422,-0.00584576121018,60.5525695038,84.8360655738,80.6895491803
1222,2010-01-12,15.78,15.78,15.52,15.76,5600,12.52,,15.6483333333,15.6715,,,16.029844806,15.6715,15.313155194,0.111542902061,0.115354747725,-0.00381184566333,60.5525695038,86.4754098361,75.7182377049
1223,2010-01-11,15.78,15.78,15.68,15.78,1500,12.54,,15.634,15.656,,,16.0243693798,15.656,15.2876306202,0.114381804952,0.11630770914,-0.00192590418865,61.279794846,80.4139344262,65.7243852459
1224,2010-01-08,15.8,15.8,15.66,15.73,2500,12.5,,15.619,15.6395,,,16.0136911276,15.6395,15.2653088724,0.114305178387,0.116789185188,-0.0024840068003,60.1693180313,71.0327868852,54.0584016393
1225,2010-01-07,15.7,15.8,15.46,15.8,8700,12.55,,15.6063333333,15.6255,,,16.0059983574,15.6255,15.2450016426,0.117635663341,0.117410186888,0.000225476453494,62.4995106102,64.9508196721,41.550204918
1226,2010-01-06,15.57,15.85,15.48,15.85,1000,12.59,,15.5846666667,15.6075,,,15.9873354907,15.6075,15.2276645093,,,,64.1472247886,46.5,30.3453282828
1227,2010-01-05,15.8,15.8,15.41,15.75,2500,12.51,,15.5456666667,15.5875,,,15.9561122624,15.5875,15.2188877376,,,,62.3014655921,33.75,25.9109848485
1228,2010-01-04,15.5,15.8,15.5,15.8,2400,12.55,,15.506,15.589,,,15.9604781286,15.589,15.2175218714,,,,63.8270720059,21.0,27.5113636364
1229,2009-12-31,15.42,15.42,15.41,15.42,600,12.25,,15.4566666667,15.5965,,,15.9901127539,15.5965,15.2028872461,,,,56.2700195929,20.1313131313,34.1300505051
1230,2009-12-30,15.33,15.54,15.24,15.34,3000,12.19,,,15.623,,,16.03638118,15.623,15.20961882,,,,54.4080229089,28.7626262626,42.5441919192
1231,2009-12-29,15.61,15.8,15.25,15.25,11200,12.12,,,15.6335,,,16.0278234713,15.6335,15.2391765287,,,,52.2856767074,40.1515151515,51.7676767677
1232,2009-12-28,15.77,15.77,15.31,15.77,27200,12.53,,,15.6485,,,16.004268183,15.6485,15.292731817,,,,69.6909228261,47.4747474747,60.4979883582
1233,2009-12-24,15.79,15.79,15.77,15.77,200,12.53,,,15.6265,,,16.0032903927,15.6265,15.2497096073,,,,69.6909228261,53.7878787879,68.691683787
1234,2009-12-23,15.61,15.8,15.6,15.8,2100,12.55,,,15.6045,,,15.9962894843,15.6045,15.2127105157,,,,70.8643984833,65.6565656566,71.237124517
1235,2009-12-22,15.75,16.24,15.34,15.54,10400,12.35,,,15.582,,,15.9779595939,15.582,15.1860404061,,,,66.2974265413,75.0727615134,64.9609631501
1236,2009-12-21,15.83,15.83,15.35,15.74,3000,12.51,,,15.5625,,,16.0009461198,15.5625,15.1240538802,,,,74.6561922968,80.2495291902,51.8342688665
1237,2009-12-18,15.59,15.88,15.59,15.88,400,12.62,,,15.5095,,,16.0843556341,15.5095,14.9346443659,,,,81.3205641839,63.9696417078,35.6181698978
1238,2009-12-17,15.65,15.8,15.25,15.8,4100,12.55,,,15.4435,,,16.1260620851,15.4435,14.7609379149,,,,80.3917934346,40.5519201888,24.0106907932
1239,2009-12-16,15.7,15.7,15.47,15.7,6100,12.47,,,15.3695,,,16.188657494,15.3695,14.550342506,,,,79.1908444461,22.5659843792,19.1778619218
1240,2009-12-15,15.45,15.5,15.45,15.5,3800,12.32,,,,,,,,,,,,76.5201283896,15.3851333154,20.6577029232
1241,2009-12-14,15.4,15.45,15.4,15.45,2300,12.28,,,,,,,,,,,,75.799086758,17.5397252895,27.4603064129
1242,2009-12-11,15.45,15.45,15.45,15.45,0,12.28,,,,,,,,,,,,75.799086758,21.2206047032,37.8292572838
1243,2009-12-10,15.45,15.45,15.45,15.45,600,12.22,,,,,,,,,,,,75.799086758,28.4853483845,51.4185480339
1244,2009-12-09,15.45,15.45,15.45,15.45,300,12.22,,,,,,,,,,,,75.799086758,,
1245,2009-12-08,15.44,15.45,15.43,15.44,4500,12.22,,,,,,,,,,,,,,
1246,2009-12-07,15.67,15.67,15.43,15.45,13700,12.22,,,,,,,,,,,,,,
1247,2009-12-04,15.81,15.84,15.78,15.78,2900,12.49,,,,,,,,,,,,,,
1248,2009-12-03,16.0,16.0,15.9,15.95,1100,12.62,,,,,,,,,,,,,,
1249,2009-12-02,15.7,16.19,15.55,15.95,8400,12.62,,,,,,,,,,,,,,
1250,2009-12-01,15.5,15.55,15.5,15.55,1400,12.3,,,,,,,,,,,,,,
1251,2009-11-30,15.25,15.55,15.25,15.55,6000,12.3,,,,,,,,,,,,,,
1252,2009-11-27,15.33,15.33,15.33,15.33,0,12.13,,,,,,,,,,,,,,
1253,2009-11-25,15.35,15.35,15.33,15.33,400,12.13,,,,,,,,,,,,,,
1254,2009-11-24,15.24,15.55,15.24,15.35,7600,12.14,,,,,,,,,,,,,,
1255,2009-11-23,14.7,15.3,14.7,15.15,10500,11.99,,,,,,,,,,,,,,
1256,2009-11-20,14.84,14.84,14.35,14.68,7000,11.61,,,,,,,,,,,,,,
1257,2009-11-19,14.37,14.56,14.37,14.56,2700,11.52,,,,,,,,,,,,,,
1258,2009-11-18,14.37,14.74,14.3,14.32,6600,11.33,,,,,,,,,,,,,,
