Date,Open,High,Low,Close,Volume,Adj Close
2014-12-02,341.3,353.34,340.84,352.31,0.767135980474,352.31
2014-12-01,345.0,347.0,337.64,341.81,0.641631872452,341.81
2014-11-28,353.59,354.0,345.99,346.59,0.359903143768,346.59
2014-11-26,351.08,353.69,348.22,351.16,0.53809242194,351.16
2014-11-25,351.02,352.43,344.0,348.99,1.49904353717,348.99
2014-11-24,360.56,363.46,355.4,356.47,0.954195618516,356.47
2014-11-21,372.48,373.25,359.5,360.28,0.952176403207,360.28
2014-11-20,363.09,373.26,361.0,368.14,0.825171534523,368.14
2014-11-19,383.21,387.05,362.66,363.1,1.32189439047,363.1
2014-11-18,381.0,384.9,380.53,381.03,0.434631980095,381.03
2014-11-17,385.38,389.5,380.75,381.14,0.499593530461,381.14
2014-11-14,379.38,387.22,378.57,386.04,0.595882414157,386.04
2014-11-13,384.46,385.05,377.53,379.41,0.568506902973,379.41
2014-11-12,381.13,385.96,377.04,383.86,0.592868755957,383.86
2014-11-11,387.27,394.1,381.81,382.55,0.798443942064,382.55
2014-11-10,383.0,389.45,379.0,387.27,0.525802978375,387.27
2014-11-07,383.44,385.25,379.3,384.16,0.503818726848,384.16
2014-11-06,378.0,385.33,377.35,383.3,0.542090431956,383.3
2014-11-05,385.61,387.84,376.39,380.38,0.740009642067,380.38
2014-11-04,386.92,387.25,378.77,382.78,0.620020988726,382.78
2014-11-03,393.23,395.52,385.11,388.41,0.954889493478,388.41
2014-10-31,384.4,393.77,384.0,392.77,1.11645866931,392.77
2014-10-30,377.51,382.34,374.6,379.01,0.583115551547,379.01
2014-10-29,386.22,386.68,377.77,378.1,0.68753804585,378.1
2014-10-28,379.75,386.87,378.35,386.22,0.646316953186,386.22
2014-10-27,383.9,384.5,376.7,379.4,0.821347889249,379.4
2014-10-24,382.58,387.0,380.81,385.02,0.799342476965,385.02
2014-10-23,380.52,385.77,378.25,383.04,1.09568741561,383.04
2014-10-22,368.99,381.98,363.2,374.65,1.79010459458,374.65
2014-10-21,362.26,366.79,355.44,365.99,1.10445999831,365.99
2014-10-20,356.0,369.19,355.55,359.22,1.92569477221,359.22
2014-10-17,359.81,360.07,341.5,357.09,4.64263603954,357.09
2014-10-16,332.73,366.17,331.0,361.7,5.76404248809,361.7
2014-10-15,444.47,450.98,430.18,448.59,4.13736410312,448.59
2014-10-14,445.51,451.99,438.13,449.12,1.24064524961,449.12
2014-10-13,451.25,452.47,433.0,438.58,1.51121125039,438.58
2014-10-10,459.8,464.84,451.44,452.08,1.43125258848,452.08
2014-10-09,466.63,467.99,459.56,461.62,1.12694425098,461.62
2014-10-08,456.65,467.6,451.38,466.86,1.08142681791,466.86
2014-10-07,461.1,466.28,456.0,456.25,1.04614290687,456.25
2014-10-06,462.0,467.21,461.0,463.48,1.0452223439,463.48
2014-10-03,453.19,460.6,452.51,459.54,1.16947197882,459.54
2014-10-02,438.9,450.49,437.88,449.98,1.40404968028,449.98
2014-10-01,448.69,450.0,437.29,438.8,1.17524697103,438.8
2014-09-30,452.3,457.19,449.8,451.18,0.893933115059,451.18
2014-09-29,444.07,450.54,442.02,449.56,0.661030283404,449.56
2014-09-26,445.0,450.64,443.89,448.75,0.720486658103,448.75
2014-09-25,449.9,452.35,442.42,443.49,0.678680163343,443.49
2014-09-24,444.46,451.66,442.54,450.56,0.655534352979,450.56
2014-09-23,441.23,448.01,440.5,443.9,0.783063504214,443.9
2014-09-22,456.27,456.95,438.88,442.78,1.0948223562,442.78
2014-09-19,461.0,461.33,454.17,457.52,0.812016340124,457.52
2014-09-18,457.47,461.36,453.32,459.01,0.709700454627,459.01
2014-09-17,456.91,458.87,451.29,454.53,0.79896341722,454.53
2014-09-16,448.4,458.14,445.6,456.91,1.73521821814,456.91
2014-09-15,477.54,477.54,456.85,457.75,1.34785728538,457.75
2014-09-12,483.65,484.89,476.12,476.55,0.888442328378,476.55
2014-09-11,482.57,484.36,479.67,481.56,0.517830972154,481.56
2014-09-10,480.2,484.75,477.04,484.39,0.576575442416,484.39
2014-09-09,486.3,489.29,476.4,479.01,1.24757427175,479.01
2014-09-08,474.4,480.6,474.2,479.33,0.487259639334,479.33
2014-09-05,473.23,477.35,470.07,475.68,0.753223563953,475.68
2014-09-04,479.11,481.69,472.13,472.67,0.749985732536,472.67
2014-09-03,480.52,487.6,476.53,477.39,1.00654493135,477.39
2014-09-02,478.5,478.79,474.59,476.6,0.550328771246,476.6
2014-08-29,476.85,480.5,474.14,477.64,0.611431484871,477.64
2014-08-28,472.65,477.48,470.81,475.21,0.467016602257,475.21
2014-08-27,479.4,480.25,473.63,474.7,0.631321076235,474.7
2014-08-26,478.5,481.85,474.55,479.36,0.602112090471,479.36
2014-08-25,481.55,485.3,477.53,480.93,0.798683896304,480.93
2014-08-22,470.94,479.55,470.05,479.19,0.811321956137,479.19
2014-08-21,471.28,476.15,467.67,472.05,0.692162693912,472.05
2014-08-20,467.0,473.75,464.54,472.19,0.715061095195,472.19
2014-08-19,467.09,470.5,462.43,468.15,0.632620768069,468.15
2014-08-18,462.06,469.5,461.25,466.0,0.778237759709,466.0
2014-08-15,451.49,462.0,448.6,459.09,1.26746534309,459.09
2014-08-14,452.21,455.0,448.22,450.87,0.385388997221,450.87
2014-08-13,448.6,454.22,446.82,451.53,0.516715529882,451.53
2014-08-12,451.35,453.0,443.41,446.41,0.612688298931,446.41
2014-08-11,449.22,457.65,448.71,451.54,0.740311287517,451.54
2014-08-08,450.2,450.97,442.05,445.85,0.850749171196,445.85
2014-08-07,435.3,449.95,434.55,449.67,1.48760551137,449.67
2014-08-06,421.0,434.9,420.55,430.3,0.869513745712,430.3
2014-08-05,421.3,428.0,420.31,422.85,0.578048074578,422.85
2014-08-04,427.2,430.0,420.78,422.7,0.572742885826,422.7
2014-08-01,421.76,427.73,412.51,425.4,0.99150836892,425.4
2014-07-31,430.26,432.97,421.29,422.72,0.707644554044,422.72
2014-07-30,424.75,435.29,424.31,434.36,0.769722257522,434.36
2014-07-29,423.21,428.39,423.21,424.28,0.463347662401,424.28
2014-07-28,422.21,425.91,418.52,424.66,0.591296006511,424.66
2014-07-25,425.0,428.17,420.4,421.86,0.567556543496,421.86
2014-07-24,429.47,430.21,419.02,425.38,0.902982809993,425.38
2014-07-23,430.41,435.41,426.51,427.9,0.835543452121,427.9
2014-07-22,442.98,444.67,425.06,431.09,2.75555273666,431.09
2014-07-21,451.69,457.5,447.62,451.95,1.73661147236,451.95
2014-07-18,440.81,444.3,435.75,444.17,0.597150623701,444.17
2014-07-17,443.28,448.85,438.29,439.36,0.664213366979,439.36
2014-07-16,454.07,455.7,443.4,444.44,0.666523626905,444.44
2014-07-15,450.69,451.37,442.27,449.09,0.665308050662,449.09
2014-07-14,443.3,455.48,439.0,452.58,0.848186675313,452.58
2014-07-11,441.46,444.13,437.15,439.96,0.678871401778,439.96
2014-07-10,434.39,444.19,428.2,438.55,1.15404693166,438.55
2014-07-09,446.18,449.34,439.73,443.0,0.995410288382,443.0
2014-07-08,459.65,461.0,439.28,445.05,1.21046741699,445.05
2014-07-07,472.1,472.23,460.0,460.62,0.84052367281,460.62
2014-07-03,470.16,472.62,468.87,472.35,0.515994953246,472.35
2014-07-02,473.48,475.87,466.04,466.74,0.766133479736,466.74
2014-07-01,456.23,473.68,455.3,473.1,1.61398423571,473.1
2014-06-30,442.86,446.87,439.69,440.6,0.446050242354,440.6
2014-06-27,438.32,443.19,437.4,442.08,0.644920627381,442.08
2014-06-26,440.79,442.14,436.75,439.61,0.588796566864,439.61
2014-06-25,435.0,444.76,433.33,444.21,0.642639164235,444.21
2014-06-24,438.05,449.94,435.5,436.36,0.82940428613,436.36
2014-06-23,439.36,441.86,435.55,439.52,0.431193438914,439.52
2014-06-20,441.2,442.88,434.98,440.18,0.52813229226,440.18
2014-06-19,449.43,449.49,438.06,441.39,0.687331266651,441.39
2014-06-18,443.67,450.82,440.25,448.68,0.741065136859,448.68
2014-06-17,438.04,448.09,437.77,443.65,1.12728345452,443.65
2014-06-16,426.53,431.21,423.42,430.26,0.483960971064,430.26
2014-06-13,423.0,427.9,417.21,427.71,0.60615301377,427.71
2014-06-12,429.07,430.25,420.5,422.45,0.603194128796,422.45
2014-06-11,425.23,432.6,425.0,430.0,0.522461007652,430.0
2014-06-10,425.52,436.04,425.02,428.29,0.865644415069,428.29
2014-06-09,429.5,430.65,420.09,423.09,0.629081757659,423.09
2014-06-06,430.01,434.89,428.36,430.13,0.587987492968,430.13
2014-06-05,423.75,429.4,418.57,428.35,0.701624393823,428.35
2014-06-04,416.76,424.5,413.3,423.21,0.64067834109,423.21
2014-06-03,419.99,425.6,417.05,417.57,0.618283155295,417.57
2014-06-02,419.48,422.91,412.5,422.06,0.733974873565,422.06
2014-05-30,415.18,421.74,411.61,417.83,1.05272227874,417.83
2014-05-29,403.4,415.99,399.55,415.2,0.833448256488,415.2
2014-05-28,397.2,405.2,393.5,401.24,0.729403990796,401.24
2014-05-27,402.0,402.22,393.15,398.81,0.987886600871,398.81
2014-05-23,391.64,402.47,389.66,402.35,0.824589857673,402.35
2014-05-22,390.88,397.5,387.5,391.8,1.24834622598,391.8
2014-05-21,375.12,390.69,373.35,390.6,1.52491221806,390.6
2014-05-20,365.01,372.7,362.4,371.67,1.12601971457,371.67
2014-05-19,347.0,367.22,346.55,364.5,1.002337018,364.5
2014-05-16,345.47,349.97,339.84,349.88,0.761134164213,349.88
2014-05-15,350.85,351.79,339.38,344.19,0.938097269217,344.19
2014-05-14,347.05,354.4,346.06,351.88,0.80657064,351.88
2014-05-13,344.45,354.27,340.74,347.14,0.849861269286,347.14
2014-05-12,330.86,345.53,330.52,345.45,0.878082553837,345.45
2014-05-09,322.08,329.94,317.35,328.55,0.740860678709,328.55
2014-05-08,317.16,331.72,314.36,321.66,0.878369075925,321.66
2014-05-07,326.13,327.84,315.21,320.54,1.07107135162,320.54
2014-05-06,343.72,347.72,325.64,326.19,0.953244307874,326.19
2014-05-05,338.07,345.48,336.1,344.38,0.85053147968,344.38
2014-05-02,337.51,343.9,334.05,340.65,1.10216002276,340.65
2014-05-01,324.05,345.69,323.05,336.52,1.5757235021,336.52
2014-04-30,317.92,322.4,310.25,322.04,1.02410801439,322.04
2014-04-29,312.24,324.63,312.03,319.87,1.01014886758,319.87
2014-04-28,318.05,320.9,299.5,314.21,2.07797266864,314.21
2014-04-25,337.46,341.41,322.0,322.08,1.4958333861,322.08
2014-04-24,352.5,355.9,334.8,344.07,1.40797045739,344.07
2014-04-23,362.73,367.5,353.0,353.5,1.88057145845,353.5
2014-04-22,376.63,380.88,364.83,372.9,3.09696026676,372.9
2014-04-21,349.3,349.4,338.3,348.49,2.36429608128,348.49
2014-04-17,336.76,349.73,332.5,345.74,1.64227593386,345.74
2014-04-16,331.05,333.97,323.36,331.41,0.837182678999,331.41
2014-04-15,329.08,331.57,312.1,326.27,1.59683152391,326.27
2014-04-14,332.89,335.0,325.54,331.58,0.943355374072,331.58
2014-04-11,330.8,334.82,323.61,326.71,1.57115432744,326.71
2014-04-10,354.48,357.48,334.01,334.73,1.31231850816,334.73
2014-04-09,351.03,353.9,343.15,353.03,1.07762488563,353.03
2014-04-08,340.05,350.79,338.39,348.89,1.32140400163,348.89
2014-04-07,340.51,348.19,331.11,338.0,1.90268998908,338.0
2014-04-04,355.45,356.0,335.88,337.31,1.78419972176,337.31
2014-04-03,361.33,365.1,350.1,354.69,1.06100338724,354.69
2014-04-02,365.66,371.05,358.3,362.88,1.13872229053,362.88
2014-04-01,351.75,365.25,351.74,364.69,1.003365177,364.69
2014-03-31,361.51,366.86,349.88,352.03,1.04519869291,352.03
2014-03-28,360.22,369.0,355.75,358.87,1.16788016758,358.87
2014-03-27,371.01,377.83,361.53,364.18,1.33583977228,364.18
2014-03-26,373.01,377.45,366.57,372.28,1.2756534974,372.28
2014-03-25,379.0,384.93,365.75,370.84,1.42609664454,370.84
2014-03-24,405.49,406.45,368.6,378.9,2.0226166743,378.9
2014-03-21,426.1,428.34,405.74,405.99,1.30622427274,405.99
2014-03-20,419.67,432.2,419.5,424.27,0.711951166346,424.27
2014-03-19,419.87,425.45,417.06,420.09,0.506496077307,420.09
2014-03-18,422.37,426.26,416.5,420.25,0.703040399275,420.25
2014-03-17,428.19,430.8,422.31,422.72,0.513830615817,422.72
2014-03-14,427.73,434.99,423.0,424.49,0.718989888544,424.49
2014-03-13,439.71,440.28,428.28,430.06,0.548723489493,430.06
2014-03-12,433.68,439.5,429.68,436.58,0.582501891829,436.58
2014-03-11,442.64,446.68,435.65,437.48,0.499245746243,437.48
2014-03-10,448.47,448.78,432.1,439.95,0.736449017534,439.95
2014-03-07,454.07,454.54,445.51,448.37,0.557312817858,448.37
2014-03-06,454.94,458.0,448.99,450.51,0.56806358002,450.51
2014-03-05,453.99,456.84,451.91,453.5,0.519338997552,453.5
2014-03-04,450.92,455.0,445.59,454.98,0.59023879707,454.98
2014-03-03,441.19,445.75,438.1,445.59,0.639999894029,445.59
2014-02-28,453.13,454.2,441.0,445.63,0.741723268856,445.63
2014-02-27,447.84,454.13,447.84,452.23,0.486084144959,452.23
2014-02-26,455.9,456.0,446.0,448.79,0.703035350124,448.79
2014-02-25,450.0,457.79,445.0,453.03,0.870738871556,453.03
2014-02-24,435.47,449.69,428.5,447.0,1.2111049913,447.0
2014-02-21,438.7,438.7,429.65,432.23,0.634070196067,432.23
2014-02-20,430.35,437.77,429.16,434.95,0.563606076513,434.95
2014-02-19,431.67,436.25,427.97,428.23,0.755067079708,428.23
2014-02-18,436.96,441.24,428.0,436.85,0.731948905645,436.85
2014-02-14,437.06,437.7,431.69,435.51,0.563627493645,435.51
2014-02-13,425.69,439.49,425.0,436.55,0.878243814816,436.55
2014-02-12,434.78,434.9,425.54,428.93,0.740950574394,428.93
2014-02-11,429.96,435.76,425.51,433.99,0.650620797206,433.99
2014-02-10,429.43,432.37,424.28,430.44,0.655542945837,430.44
2014-02-07,413.44,430.5,410.56,429.98,1.56115560702,429.98
2014-02-06,406.42,410.91,400.42,407.91,0.620604054613,407.91
2014-02-05,403.15,407.75,398.0,404.42,0.808401406221,404.42
2014-02-04,405.45,408.53,397.01,405.91,0.871909180097,405.91
2014-02-03,411.9,412.15,400.72,404.38,0.970918659964,404.38
2014-01-31,402.31,412.4,402.3,409.33,1.1420245405,409.33
2014-01-30,407.1,409.19,401.51,404.67,0.891354916507,404.67
2014-01-29,403.12,407.34,398.05,400.42,1.40248361911,400.42
2014-01-28,381.32,407.41,380.76,406.77,2.12868799502,406.77
2014-01-27,387.39,391.5,370.56,381.23,1.63903605618,381.23
2014-01-24,383.68,390.7,383.38,386.08,1.82450052826,386.08
2014-01-23,387.4,395.63,377.49,388.72,4.78752775591,388.72
2014-01-22,329.5,334.44,327.35,333.73,2.74209533248,333.73
2014-01-21,332.23,332.47,320.25,328.71,1.4780788626,328.71
2014-01-17,332.07,334.82,328.24,330.04,0.967239320074,330.04
2014-01-16,328.41,333.87,322.02,331.68,1.24397048815,331.68
2014-01-15,335.0,338.57,319.07,330.38,2.37747719046,330.38
2014-01-14,341.44,341.6,332.57,337.96,1.18643825346,337.96
2014-01-13,331.13,348.67,331.13,336.81,1.63949622676,336.81
2014-01-10,338.07,338.64,330.53,332.14,0.984049548212,332.14
2014-01-09,341.77,343.98,335.0,337.05,1.01263037158,337.05
2014-01-08,336.73,345.98,336.52,340.99,1.16691551716,340.99
2014-01-07,347.79,347.89,337.07,339.5,2.1001578736,339.5
2014-01-06,363.23,364.31,353.33,359.57,0.902866340719,359.57
2014-01-03,364.0,367.47,362.9,363.1,0.600059644834,363.1
2014-01-02,366.81,367.58,360.8,362.82,0.57509293656,362.82
2013-12-31,365.5,369.15,363.63,368.17,0.467669949031,368.17
2013-12-30,367.62,369.54,359.04,366.99,0.661587207184,366.99
2013-12-27,377.11,378.75,365.81,367.5,0.741064044559,367.5
2013-12-26,378.11,380.91,375.83,376.93,0.535566740655,376.93
2013-12-24,380.76,383.96,377.48,378.39,0.240415368239,378.39
2013-12-23,378.69,383.43,376.63,380.58,0.525988222064,380.58
2013-12-20,376.5,379.69,374.34,375.67,0.779737159949,375.67
2013-12-19,374.2,379.86,373.35,376.74,0.568288224528,376.74
2013-12-18,373.86,377.0,366.51,376.24,0.797407597075,376.24
2013-12-17,366.75,377.7,366.27,374.87,0.734751706615,374.87
2013-12-16,369.98,371.0,364.25,366.31,0.555728000045,366.31
2013-12-13,376.15,377.0,368.81,368.97,0.711626515906,368.97
2013-12-12,363.67,374.84,363.55,373.33,0.84511912142,373.33
2013-12-11,364.37,371.16,362.22,363.98,0.789701457754,363.98
2013-12-10,355.0,364.44,353.32,363.1,0.550304707172,363.1
2013-12-09,355.17,359.87,353.61,355.67,0.458262047822,355.67
2013-12-06,361.04,361.33,352.0,354.44,0.473488903161,354.44
2013-12-05,357.8,361.13,353.39,358.06,0.540680700676,358.06
2013-12-04,360.59,368.65,356.25,356.27,0.759769403899,356.27
2013-12-03,361.89,363.58,356.5,362.94,0.525192736187,362.94
2013-12-02,364.88,367.96,359.61,363.92,0.450982947604,363.92
2013-11-29,364.05,367.8,363.01,365.8,0.319292594906,365.8
2013-11-27,357.11,363.85,353.54,362.49,0.636353580458,362.49
2013-11-26,350.5,356.46,347.57,355.2,0.556387259963,355.2
2013-11-25,346.9,352.93,345.01,350.24,0.528506494297,350.24
2013-11-22,348.83,350.6,344.0,347.85,0.536705139926,347.85
2013-11-21,342.24,348.68,341.67,348.5,0.603862052338,348.5
2013-11-20,343.35,346.35,337.65,339.52,0.732457188455,339.52
2013-11-19,340.77,346.82,334.24,337.29,0.636313642462,337.29
2013-11-18,350.0,350.49,339.5,341.77,0.744409912632,341.77
2013-11-15,344.6,349.89,343.08,349.76,0.744416937612,349.76
2013-11-14,335.79,344.0,335.12,342.57,0.744007220142,342.57
2013-11-13,333.22,335.46,329.1,335.28,0.443230373504,335.28
2013-11-12,336.18,339.5,331.35,333.73,0.45042374476,333.73
2013-11-11,332.75,339.5,328.62,337.91,0.61570149012,337.91
2013-11-08,326.92,335.6,325.52,334.9,0.712994180362,334.9
2013-11-07,339.0,339.67,325.16,326.86,0.733681854889,326.86
2013-11-06,339.49,344.37,332.79,335.63,0.760664558717,335.63
2013-11-05,335.54,342.4,333.05,341.5,0.633193392782,341.5
2013-11-04,330.95,337.79,325.15,337.6,0.794760716439,337.6
2013-11-01,328.83,333.5,325.9,329.27,0.798229067231,329.27
2013-10-31,318.11,326.65,315.7,322.48,0.676151664397,322.48
2013-10-30,328.72,328.93,315.62,318.14,0.789770158107,318.14
2013-10-29,318.57,327.37,309.2,327.3,1.12206617588,327.3
2013-10-28,325.01,330.96,311.81,314.0,1.25671313438,314.0
2013-10-25,331.0,337.2,325.91,328.03,0.891068525308,328.03
2013-10-24,331.44,336.85,323.66,331.22,1.24963182492,331.22
2013-10-23,317.32,335.19,317.0,330.24,2.20021000865,330.24
2013-10-22,387.84,389.16,321.5,322.52,7.01841290993,322.52
2013-10-21,342.92,355.42,340.1,354.99,2.88806892653,354.99
2013-10-18,334.0,336.48,327.6,333.5,1.18492122249,333.5
2013-10-17,322.21,330.21,319.66,330.1,0.906118703788,330.1
2013-10-16,320.11,325.5,318.26,322.88,0.888402940683,322.88
2013-10-15,325.1,327.33,319.34,321.69,1.26395191348,321.69
2013-10-14,310.61,325.27,306.0,324.36,2.15742009231,324.36
2013-10-11,304.31,307.61,300.13,300.85,0.935305081521,300.85
2013-10-10,301.0,307.43,296.4,303.99,1.50265612032,303.99
2013-10-09,300.23,300.58,282.8,288.43,2.08953839566,288.43
2013-10-08,319.29,321.52,299.57,302.32,1.47412075924,302.32
2013-10-07,324.04,326.97,318.15,318.16,0.76441406987,318.16
2013-10-04,323.68,328.3,318.54,327.26,0.8753146687,327.26
2013-10-03,331.01,334.5,318.05,321.72,1.27758960604,321.72
2013-10-02,322.09,333.6,321.62,330.73,1.57312052585,330.73
2013-10-01,314.77,324.7,314.0,324.62,1.45796012753,324.62
2013-09-30,307.72,312.15,305.2,309.21,0.604698934395,309.21
2013-09-27,310.76,313.52,309.7,312.4,0.398414407439,312.4
2013-09-26,308.04,314.49,307.5,313.51,0.59127355827,313.51
2013-09-25,308.2,310.8,304.06,307.14,0.690024488891,307.14
2013-09-24,301.3,309.4,300.35,306.49,0.869873939771,306.49
2013-09-23,320.39,320.39,299.52,302.04,1.48109258657,302.04
2013-09-20,305.84,315.89,305.62,313.83,1.42090016616,313.83
2013-09-19,308.37,308.75,304.01,305.5,0.812456448775,305.5
2013-09-18,298.96,307.68,298.12,306.92,0.636677392568,306.92
2013-09-17,302.04,303.26,297.7,299.55,0.826719829066,299.55
2013-09-16,310.0,310.19,301.8,302.16,0.634913909228,302.16
2013-09-13,302.0,306.0,299.19,305.65,0.681452902911,305.65
2013-09-12,301.84,306.45,298.35,301.41,1.00093536411,301.41
2013-09-11,313.74,314.18,303.88,308.3,1.37071291685,308.3
2013-09-10,297.5,313.24,296.81,313.06,1.68773748553,313.06
2013-09-09,292.75,295.3,290.28,294.15,0.646975556156,294.15
2013-09-06,296.33,296.51,290.2,291.54,0.823882557959,291.54
2013-09-05,296.8,298.93,294.42,295.11,0.886877109287,295.11
2013-09-04,288.84,293.06,286.99,292.43,0.914569552779,292.43
2013-09-03,287.43,290.71,284.55,289.0,0.928571475071,289.0
2013-08-30,288.25,288.83,282.95,283.91,0.70219679031,283.91
2013-08-29,284.03,290.23,283.84,287.85,0.87858048653,287.85
2013-08-28,278.66,285.0,276.4,283.36,0.889528711597,283.36
2013-08-27,279.15,285.88,274.5,276.04,1.06521411271,276.04
2013-08-26,276.11,289.94,274.04,282.72,1.41142376987,282.72
2013-08-23,270.05,278.39,269.02,278.36,1.03144821991,278.36
2013-08-22,272.52,273.46,268.23,269.75,0.462683597377,269.75
2013-08-21,272.89,274.65,267.5,270.37,0.979049520195,270.37
2013-08-20,262.93,273.54,262.5,273.29,1.39718952624,273.29
2013-08-19,258.0,263.5,257.75,259.78,0.729430866665,259.78
2013-08-16,253.21,260.15,251.13,258.87,1.00529240017,258.87
2013-08-15,259.0,260.49,251.36,253.41,0.779393256982,253.41
2013-08-14,258.3,263.79,258.02,261.81,0.803118517896,261.81
2013-08-13,258.65,262.2,253.26,259.19,1.00749578924,259.19
2013-08-12,251.28,257.0,250.42,256.6,0.818065037377,256.6
2013-08-09,249.99,253.71,249.8,252.75,0.562263926764,252.75
2013-08-08,251.87,253.9,248.45,250.4,0.668124914679,250.4
2013-08-07,254.36,257.47,248.66,249.21,0.724513895187,249.21
2013-08-06,253.95,257.6,250.1,255.9,0.887474923553,255.9
2013-08-05,243.91,253.9,241.38,253.84,1.00580554283,253.84
2013-08-02,249.34,249.34,244.8,246.18,0.61159023331,246.18
2013-08-01,246.54,250.0,244.57,249.12,0.618731586463,249.12
2013-07-31,243.41,247.1,241.94,244.48,0.575496098269,244.48
2013-07-30,245.4,247.91,241.81,243.76,0.476988186586,243.76
2013-07-29,246.06,250.67,242.5,244.96,0.574153337473,244.96
2013-07-26,244.62,246.98,240.81,246.31,0.764650777351,246.31
2013-07-25,240.56,247.66,239.91,246.74,0.82922696145,246.74
2013-07-24,249.72,252.25,240.2,241.3,1.38883392424,241.3
2013-07-23,251.4,262.23,246.2,250.26,3.17281730775,250.26
2013-07-22,266.85,268.75,257.12,261.96,2.05219836106,261.96
2013-07-19,267.43,267.95,263.18,264.58,0.793665393662,264.58
2013-07-18,270.31,270.31,264.0,266.41,0.897748451301,266.41
2013-07-17,261.24,268.26,258.67,267.92,0.857489713631,267.92
2013-07-16,257.29,266.37,256.7,260.48,1.45044613424,260.48
2013-07-15,259.4,259.85,252.13,257.98,0.910510432513,257.98
2013-07-12,245.83,257.43,245.75,257.26,1.51543223838,257.26
2013-07-11,248.0,249.2,240.82,244.17,0.949304040631,244.17
2013-07-10,245.55,246.9,239.21,243.82,1.01003933063,243.82
2013-07-09,235.04,247.41,234.87,247.38,1.59105636131,247.38
2013-07-08,226.98,235.24,225.51,233.1,1.10186197812,233.1
2013-07-05,222.09,225.25,219.33,225.1,0.449679234082,225.1
2013-07-03,222.12,224.0,218.95,220.91,0.376944989648,220.91
2013-07-02,225.23,227.47,218.0,221.46,0.709010811092,221.46
2013-07-01,213.62,225.33,212.0,224.28,0.93045929224,224.28
2013-06-28,214.27,216.3,210.05,211.09,0.745582822249,211.09
2013-06-27,212.91,216.73,209.6,214.97,0.695943373958,214.97
2013-06-26,214.55,218.25,210.82,212.1,0.710242421107,212.1
2013-06-25,211.97,213.5,207.56,212.9,0.782434343746,212.9
2013-06-24,213.0,219.08,209.0,215.6,0.656795804481,215.6
2013-06-21,225.05,226.38,214.2,216.9,0.846357265769,216.9
2013-06-20,229.47,231.0,220.54,223.52,0.758513348035,223.52
2013-06-19,228.0,235.88,227.61,232.31,0.798017364306,232.31
2013-06-18,230.24,231.0,226.4,228.83,0.618768510143,228.83
2013-06-17,225.54,230.5,223.75,229.23,1.25661356189,229.23
2013-06-14,214.77,217.29,212.32,213.99,0.439011769775,213.99
2013-06-13,207.99,215.55,205.75,215.39,0.640480085175,215.39
2013-06-12,215.83,215.83,206.87,207.64,0.636116543225,207.64
2013-06-11,217.85,220.27,213.8,214.46,0.469047485947,214.46
2013-06-10,223.03,223.33,216.06,220.93,0.453198711971,220.93
2013-06-07,218.64,220.82,215.65,220.22,0.500086718918,220.22
2013-06-06,222.12,225.4,214.0,217.74,0.838335538611,217.74
2013-06-05,223.19,228.0,218.4,223.46,1.05028063019,223.46
2013-06-04,220.12,227.55,218.57,225.31,0.738580618253,225.31
2013-06-03,227.05,227.5,217.57,221.97,0.686738557973,221.97
2013-05-31,225.24,229.58,224.05,226.25,0.821883389395,226.25
2013-05-30,216.03,223.0,211.55,222.66,0.786183495059,222.66
2013-05-29,214.55,221.38,209.91,215.34,1.11610088414,215.34
2013-05-28,231.75,235.96,212.98,214.19,1.30732286024,214.19
2013-05-24,225.23,229.0,224.5,228.74,0.395498319912,228.74
2013-05-23,225.7,228.2,221.55,226.18,0.536542136643,226.18
2013-05-22,234.4,238.2,226.64,228.56,0.703514836949,228.56
2013-05-21,240.04,240.9,235.0,237.09,0.371507443048,237.09
2013-05-20,238.44,241.65,236.76,239.55,0.474452571162,239.55
2013-05-17,238.53,242.75,236.0,239.0,0.643553350311,239.0
2013-05-16,246.95,248.85,235.2,237.03,0.891489077724,237.03
2013-05-15,239.47,245.43,237.83,243.4,1.15274943427,243.4
2013-05-14,231.99,236.59,230.8,233.97,1.23585582528,233.97
2013-05-13,217.17,229.69,217.14,229.38,1.31849386145,229.38
2013-05-10,216.41,219.75,214.56,217.69,0.608501343083,217.69
2013-05-09,208.03,218.88,206.52,216.41,1.15444662475,216.41
2013-05-08,204.93,210.4,204.53,208.61,0.568336761654,208.61
2013-05-07,208.78,210.52,205.6,206.25,0.545080203797,206.25
2013-05-06,209.63,212.45,204.02,210.69,0.990502278396,210.69
2013-05-03,215.78,218.23,212.7,213.45,0.479536025783,213.45
2013-05-02,213.24,215.45,210.19,214.49,0.56207247266,214.49
2013-05-01,215.92,217.39,211.65,212.91,0.557319697686,212.91
2013-04-30,214.6,219.75,214.24,216.07,0.753834101774,216.07
2013-04-29,216.61,217.73,212.01,215.01,0.624430157016,215.01
2013-04-26,217.0,217.13,212.52,215.55,0.650190468273,215.55
2013-04-25,216.98,218.79,213.27,213.75,0.863629192071,213.75
2013-04-24,217.6,224.3,213.22,216.72,1.37941115915,216.72
2013-04-23,215.57,219.38,209.51,216.99,3.41365027388,216.99
2013-04-22,165.72,176.5,165.72,174.37,2.66355501542,174.37
2013-04-19,165.5,169.17,163.03,163.37,0.645690740026,163.37
2013-04-18,171.0,171.9,161.8,163.82,0.718750040801,163.82
2013-04-17,174.34,177.39,168.27,169.36,0.838604937819,169.36
2013-04-16,174.97,177.73,172.27,175.85,0.891821589457,175.85
2013-04-15,175.56,182.35,174.8,176.5,1.37951788475,176.5
2013-04-12,176.99,177.64,171.2,173.2,1.12796231895,173.2
2013-04-11,168.83,173.4,168.82,173.01,0.980451186516,173.01
2013-04-10,168.0,169.45,164.91,166.07,0.867556667546,166.07
2013-04-09,163.49,171.37,162.05,169.36,0.950131803756,169.36
2013-04-08,165.83,166.3,159.0,163.06,0.814374947923,163.06
2013-04-05,163.52,170.5,162.53,164.66,0.79841070768,164.66
2013-04-04,167.37,170.13,163.81,166.69,0.829240388247,166.69
2013-04-03,177.05,178.33,164.26,169.74,1.82364075629,169.74
2013-04-02,183.9,185.18,176.1,176.69,0.796350206897,176.69
2013-04-01,190.95,191.5,181.47,182.43,0.570626867958,182.43
2013-03-28,190.75,192.9,188.6,189.28,0.485867595654,189.28
2013-03-27,189.64,197.06,188.33,190.24,1.00521749289,190.24
2013-03-26,184.0,192.64,183.6,190.61,1.17262575807,190.61
2013-03-25,182.43,184.84,179.77,180.79,0.379548785387,180.79
2013-03-22,183.1,183.86,179.5,181.3,0.356437593528,181.3
2013-03-21,182.4,187.4,181.97,181.99,0.470944430906,181.99
2013-03-20,182.62,183.85,180.43,183.05,0.277977919083,183.05
2013-03-19,186.0,186.75,179.25,181.37,0.487876884077,181.37
2013-03-18,181.38,186.77,180.55,185.59,0.444139776993,185.59
2013-03-15,189.25,189.99,184.55,184.85,0.505446323227,184.85
2013-03-14,192.69,192.69,187.07,188.37,0.696216408809,188.37
2013-03-13,187.4,195.19,186.75,192.36,1.32567612099,192.36
2013-03-12,179.36,184.17,179.25,182.11,0.531429003568,182.11
2013-03-11,184.0,184.52,179.01,180.45,0.52966396983,180.45
2013-03-08,182.45,185.85,180.71,184.7,0.594364735751,184.7
2013-03-07,180.0,182.5,176.16,181.56,0.731410880419,181.56
2013-03-06,182.15,184.96,179.58,182.94,0.444466174854,182.94
2013-03-05,184.67,185.31,178.08,181.73,0.824414567651,181.73
2013-03-04,188.68,190.08,176.66,181.21,1.22066439019,181.21
2013-03-01,187.11,190.34,186.21,189.37,0.552743389265,189.37
2013-02-28,183.81,192.13,183.51,188.08,0.883554605229,188.08
2013-02-27,183.58,186.0,180.56,184.32,0.584950041097,184.32
2013-02-26,180.6,185.22,175.6,184.09,0.873106522495,184.09
2013-02-25,180.99,187.1,175.45,179.32,1.32980555334,179.32
2013-02-22,183.72,183.79,178.43,179.86,1.01211564584,179.86
2013-02-21,186.0,192.2,182.5,187.15,0.970603097621,187.15
2013-02-20,197.58,197.62,186.5,187.12,0.92170409897,187.12
2013-02-19,191.0,197.17,190.15,196.45,0.897632461941,196.45
2013-02-15,188.57,190.0,186.26,189.51,0.691628129856,189.51
2013-02-14,187.29,189.85,184.69,187.4,0.798729026916,187.4
2013-02-13,180.9,186.4,179.66,186.27,1.02367674855,186.27
2013-02-12,180.66,183.56,175.71,177.95,0.871676491696,177.95
2013-02-11,178.98,182.05,174.8,177.89,0.751829908017,177.89
2013-02-08,181.74,183.96,180.01,180.97,0.662848784976,180.97
2013-02-07,185.75,188.88,178.54,181.96,1.37866818305,181.96
2013-02-06,175.0,185.35,174.55,184.41,1.78160635793,184.41
2013-02-05,172.38,177.89,171.0,174.39,1.56157022593,174.39
2013-02-04,162.78,175.13,162.78,174.74,1.43113555662,174.74
2013-02-01,170.0,173.0,163.88,164.8,1.44284516069,164.8
2013-01-31,167.1,169.0,160.32,165.24,1.03612450036,165.24
2013-01-30,173.49,175.5,162.66,167.7,1.40159958847,167.7
2013-01-29,158.13,169.88,156.63,169.12,1.76797500142,169.12
2013-01-28,172.51,177.25,160.79,162.11,3.30365783919,162.11
2013-01-25,145.67,172.68,145.61,169.56,6.09957036672,169.56
2013-01-24,143.99,149.17,139.62,146.86,4.25452871848,146.86
2013-01-23,97.13,103.83,97.02,103.26,2.8536770052,103.26
2013-01-22,99.65,99.65,96.59,97.81,0.903811437814,97.81
2013-01-18,100.38,101.94,98.68,99.17,1.41935968188,99.17
2013-01-17,98.09,98.6,95.75,97.7,0.637989752739,97.7
2013-01-16,101.82,102.3,96.76,97.48,1.0908626049,97.48
2013-01-15,103.02,104.36,101.05,101.69,0.663768007052,101.69
2013-01-14,100.99,104.5,100.56,103.45,0.881586197904,103.45
2013-01-11,98.18,101.92,98.0,101.29,1.0547229179,101.29
2013-01-10,96.57,99.92,95.7,98.0,0.877188445403,98.0
2013-01-09,97.12,97.95,94.55,95.91,0.676062745362,95.91
2013-01-08,100.01,100.99,96.8,97.16,0.784359811595,97.16
2013-01-07,96.39,101.75,96.12,99.2,1.41087050224,99.2
2013-01-04,96.54,97.71,95.54,95.98,0.550085700894,95.98
2013-01-03,91.97,97.92,91.53,96.59,0.861755227369,96.59
2013-01-02,95.21,95.81,90.69,92.01,0.60032465412,92.01
2012-12-31,89.38,93.5,89.01,92.59,0.556125933767,92.59
2012-12-28,89.8,90.55,88.9,89.33,0.339808877288,89.33
2012-12-27,90.59,91.44,88.54,90.5,0.452478394438,90.5
2012-12-26,89.84,92.9,89.38,90.65,0.459021714077,90.65
2012-12-24,91.56,91.85,89.3,90.23,0.216801573394,90.23
2012-12-21,92.05,92.88,91.11,91.34,0.840897233103,91.34
2012-12-20,94.33,94.5,92.65,93.5,0.476198120572,93.5
2012-12-19,96.6,97.8,93.45,93.98,0.842772153228,93.98
2012-12-18,94.97,97.55,94.25,95.64,0.79389635606,95.64
2012-12-17,92.97,94.99,92.11,94.7,0.566848728474,94.7
2012-12-14,92.67,94.69,92.0,93.3,0.70499174265,93.3
2012-12-13,90.85,93.32,89.87,92.56,0.736781018969,92.56
2012-12-12,86.27,93.15,85.94,90.73,1.40066422221,90.73
2012-12-11,85.3,87.23,84.4,86.08,0.417015423998,86.08
2012-12-10,86.0,87.0,84.5,84.8,0.371604012255,84.8
2012-12-07,88.27,89.78,85.29,85.98,0.892052427964,85.98
2012-12-06,82.2,88.56,81.7,86.17,0.973761358522,86.17
2012-12-05,86.6,87.58,82.92,83.37,1.52820099149,83.37
2012-12-04,75.51,88.0,74.5,86.65,2.659910641,86.65
2012-12-03,81.85,81.97,75.5,76.0,0.789869461625,76.0
2012-11-30,80.5,81.71,79.33,81.71,0.404071479261,81.71
2012-11-29,82.39,82.78,80.8,81.38,0.306810021887,81.38
2012-11-28,82.75,83.57,81.81,82.23,0.382564601653,82.23
2012-11-27,82.03,83.5,81.56,83.08,0.405744306078,83.08
2012-11-26,82.6,82.88,80.07,82.06,0.350770683051,82.06
2012-11-23,83.41,83.75,82.18,82.95,0.217449236163,82.95
2012-11-21,82.5,84.56,82.5,83.0,0.278467916315,83.0
2012-11-20,81.51,83.7,81.12,82.4,0.38948588929,82.4
2012-11-19,82.01,82.99,80.15,81.36,0.586490549525,81.36
2012-11-16,81.28,83.1,80.32,80.9,0.805059845544,80.9
2012-11-15,80.11,81.9,79.5,81.48,0.43413914598,81.48
2012-11-14,80.0,81.32,78.75,79.78,0.648749717341,79.78
2012-11-13,77.84,80.94,77.34,79.61,0.654174735355,79.61
2012-11-12,79.0,80.31,78.01,78.19,0.443141761026,78.19
2012-11-09,76.31,78.88,76.11,77.9,0.563361236775,77.9
2012-11-08,78.15,80.33,75.79,75.97,0.810970756892,75.97
2012-11-07,76.43,79.25,76.43,77.68,0.761203629681,77.68
2012-11-06,77.06,79.95,75.71,76.37,0.959409099762,76.37
2012-11-05,74.57,78.94,74.5,78.24,0.714221224562,78.24
2012-11-02,77.25,79.85,75.97,76.9,0.733800197352,76.9
2012-11-01,77.85,79.69,74.65,77.69,1.55581004548,77.69
2012-10-31,66.41,84.95,65.55,79.24,2.71249864196,79.24
2012-10-26,61.55,70.24,60.49,69.58,2.73179955784,69.58
2012-10-25,60.05,61.67,59.9,61.51,0.914227706198,61.51
2012-10-24,57.86,61.0,57.4,60.12,2.7715452388,60.12
2012-10-23,67.3,69.15,66.06,68.22,1.81093757424,68.22
2012-10-22,64.36,69.73,64.29,67.88,1.32553767001,67.88
2012-10-19,67.19,67.5,64.26,64.98,0.668126046246,64.98
2012-10-18,68.49,69.84,66.95,67.36,0.785394880346,67.36
2012-10-17,66.01,68.82,65.64,68.52,0.779560447174,68.52
2012-10-16,64.9,66.21,63.76,66.05,0.860970004266,66.05
2012-10-15,65.15,65.18,63.4,64.76,0.609826110253,64.76
2012-10-12,65.8,66.6,63.76,64.33,0.602930651359,64.33
2012-10-11,66.9,67.1,65.23,65.98,0.639671165736,65.98
2012-10-10,65.83,67.93,65.13,65.5,1.11811127335,65.5
2012-10-09,68.9,69.48,65.4,65.53,2.40036589472,65.53
2012-10-08,71.39,74.23,70.12,73.52,2.7814020415,73.52
2012-10-05,67.06,68.2,65.12,66.56,1.84375954282,66.56
2012-10-04,62.65,67.27,62.61,66.67,2.81863489352,66.67
2012-10-03,58.39,62.65,58.25,62.58,2.22796038617,62.58
2012-10-02,56.45,57.29,55.3,56.46,0.636597963679,56.46
2012-10-01,54.6,56.6,54.34,56.05,0.902187452018,56.05
2012-09-28,55.04,55.81,54.22,54.44,0.468976970451,54.44
2012-09-27,55.86,56.1,54.16,55.55,0.623608937638,55.55
2012-09-26,53.99,55.93,53.05,55.13,1.06960988942,55.13
2012-09-25,56.75,56.96,53.7,53.8,1.22875952372,53.8
2012-09-24,56.86,57.84,56.29,56.39,0.703214164309,56.39
2012-09-21,59.43,59.72,57.41,57.79,0.885727467901,57.79
2012-09-20,56.42,58.79,56.4,58.74,1.08879512516,58.74
2012-09-19,56.74,57.9,55.7,57.04,1.03060423965,57.04
2012-09-18,57.29,58.32,55.82,56.06,0.883409462929,56.06
2012-09-17,58.98,59.0,56.77,57.02,1.04985595297,57.02
2012-09-14,58.5,61.42,58.3,60.52,0.930536831049,60.52
2012-09-13,56.87,58.18,56.09,58.0,0.662554775765,58.0
2012-09-12,57.5,58.53,56.56,57.21,0.597540481205,57.21
2012-09-11,55.9,57.37,55.1,57.16,0.89788293661,57.16
2012-09-10,56.34,57.03,55.61,55.92,0.681306815482,55.92
2012-09-07,56.68,57.8,55.85,56.66,0.81500184339,56.66
2012-09-06,55.61,56.79,54.16,56.65,1.03443080873,56.65
2012-09-05,55.6,55.68,54.33,54.96,1.08261287526,54.96
2012-09-04,58.0,58.0,53.13,55.93,2.46481236154,55.93
2012-08-31,61.31,61.53,59.09,59.72,0.867404535998,59.72
2012-08-30,63.16,63.38,60.17,60.48,0.551968158977,60.48
2012-08-29,63.05,63.85,62.55,63.44,0.460589081329,63.44
2012-08-28,62.24,63.59,62.17,62.95,0.463154141852,62.95
2012-08-27,63.32,63.97,62.26,62.39,0.524849798619,62.39
2012-08-24,63.09,63.8,61.85,63.16,0.754289727661,63.16
2012-08-23,66.02,66.44,63.58,64.05,0.939373818063,64.05
2012-08-22,65.12,66.4,64.8,65.4,0.524291479846,65.4
2012-08-21,65.14,66.65,64.65,65.6,0.678037124692,65.6
2012-08-20,63.64,65.35,62.16,64.24,0.774121998407,64.24
2012-08-17,64.88,65.52,63.51,63.69,0.652375602685,63.69
2012-08-16,63.46,64.59,62.8,64.31,0.513759334542,64.31
2012-08-15,62.03,63.68,61.82,63.26,0.892006176813,63.26
2012-08-14,60.62,63.1,59.97,61.76,1.39709630294,61.76
2012-08-13,61.22,61.25,58.5,59.91,0.974814976198,59.91
2012-08-10,57.66,60.56,56.9,59.9,1.02340753853,59.9
2012-08-09,57.59,58.45,57.25,57.91,0.476579999943,57.91
2012-08-08,57.57,58.89,57.17,57.8,0.520817261509,57.8
2012-08-07,56.95,59.47,56.55,57.9,0.873887238586,57.9
2012-08-06,54.54,57.17,54.11,56.79,0.809014655326,56.79
2012-08-03,54.86,55.48,52.81,53.91,1.06234155799,53.91
2012-08-02,54.28,55.69,53.29,53.87,0.679446813345,53.87
2012-08-01,57.43,57.78,54.1,54.5,0.951305712952,54.5
2012-07-31,57.45,58.32,56.61,56.85,0.489420998186,56.85
2012-07-30,58.93,59.96,56.33,57.75,0.840044429374,57.75
2012-07-27,57.36,59.27,57.0,58.92,1.07040728663,58.92
2012-07-26,59.31,59.46,56.14,57.01,2.24774117183,57.01
2012-07-25,64.21,66.8,59.2,60.28,5.02605358203,60.28
2012-07-24,81.07,82.47,77.81,80.39,2.03448291042,80.39
2012-07-23,80.73,81.22,78.5,79.94,0.975201109325,79.94
2012-07-20,82.66,83.52,81.5,81.82,0.769690629203,81.82
2012-07-19,81.96,84.83,81.52,83.12,0.919124791966,83.12
2012-07-18,81.25,82.91,80.74,81.27,0.68153304804,81.27
2012-07-17,83.25,83.49,80.67,81.78,0.874849657227,81.78
2012-07-16,85.11,85.55,82.63,82.98,0.644168556721,82.98
2012-07-13,85.78,86.65,83.92,84.9,1.17711780931,84.9
2012-07-12,81.52,85.5,80.5,84.97,1.25881377992,84.97
2012-07-11,80.1,84.87,79.88,81.64,1.31406359186,81.64
2012-07-10,83.72,83.8,79.53,80.23,1.06958529085,80.23
2012-07-09,82.98,84.19,80.15,82.99,1.31237853852,82.99
2012-07-06,83.74,85.4,80.22,81.89,2.56665285726,81.89
2012-07-05,74.33,82.9,74.26,81.72,3.14921644563,81.72
2012-07-03,68.49,72.78,67.71,72.04,0.755426962345,72.04
2012-07-02,68.77,68.9,67.25,67.85,0.375290096151,67.85
2012-06-29,68.3,68.76,66.83,68.49,0.575685545352,68.49
2012-06-28,66.1,68.06,65.78,67.36,0.433286918827,67.36
2012-06-27,67.03,67.25,65.6,66.49,0.439564483926,66.49
2012-06-26,67.21,67.71,66.34,66.8,0.442111398116,66.8
2012-06-25,67.81,69.53,66.4,67.03,0.865274940457,67.03
2012-06-22,66.24,68.27,65.7,67.86,0.509543808217,67.86
2012-06-21,68.26,68.44,65.75,65.84,0.494314754411,65.84
2012-06-20,69.48,69.55,67.61,68.16,0.730215393873,68.16
2012-06-19,66.9,70.48,66.55,69.83,0.755987872412,69.83
2012-06-18,65.06,66.95,64.79,66.73,0.629244489083,66.73
2012-06-15,63.27,65.93,62.73,65.79,0.903646998609,65.79
2012-06-14,62.79,63.15,61.02,62.66,0.720066400617,62.66
2012-06-13,62.6,64.44,62.13,62.83,0.488472715383,62.83
2012-06-12,63.26,64.36,62.35,63.02,0.564078574203,63.02
2012-06-11,66.39,66.59,62.98,63.0,0.619365602408,63.0
2012-06-08,64.37,66.12,63.73,65.64,0.591324952924,65.64
2012-06-07,66.6,66.9,64.41,64.64,0.564969946568,64.64
2012-06-06,65.66,68.37,65.15,65.88,0.822051015784,65.88
2012-06-05,65.01,66.33,64.25,64.83,0.643827093398,64.83
2012-06-04,63.25,65.24,62.37,65.0,0.937943823833,65.0
2012-06-01,60.95,63.73,60.7,62.95,0.941835112701,62.95
2012-05-31,66.7,67.77,62.37,63.44,1.4154965398,63.44
2012-05-30,68.48,69.0,67.0,67.34,0.875588110771,67.34
2012-05-29,71.06,71.15,68.2,69.44,0.84988922249,69.44
2012-05-25,70.6,73.51,69.89,70.22,0.883944812088,70.22
2012-05-24,71.52,71.69,69.5,70.27,0.547254640362,70.27
2012-05-23,67.47,72.15,67.17,71.91,1.15408880842,71.91
2012-05-22,71.8,72.4,67.25,67.71,1.05455404119,67.71
2012-05-21,69.85,72.19,67.55,71.74,0.664539784137,71.74
2012-05-18,72.3,72.75,65.36,69.96,0.772541625547,69.96
2012-05-17,74.25,74.41,71.9,71.97,0.619180091744,71.97
2012-05-16,77.57,78.44,73.65,74.2,0.929968880419,74.2
2012-05-15,77.78,79.3,77.1,77.48,0.795439635871,77.48
2012-05-14,77.13,78.65,75.61,76.96,0.963111053005,76.96
2012-05-11,72.89,78.39,72.49,77.38,1.58147718371,77.38
2012-05-10,74.85,74.98,72.1,72.42,0.680193536855,72.42
2012-05-09,72.13,74.93,71.34,74.35,0.668483832373,74.35
2012-05-08,73.07,73.31,70.58,72.79,0.690570133508,72.79
2012-05-07,72.5,75.62,72.33,73.45,0.722009708741,73.45
2012-05-04,75.79,76.4,72.11,73.14,1.60296313424,73.14
2012-05-03,81.81,82.18,75.52,75.97,1.35107267717,75.97
2012-05-02,80.74,82.98,80.16,82.23,0.683858458081,82.23
2012-05-01,80.29,82.69,79.0,81.36,0.802405769815,81.36
2012-04-30,82.62,82.87,79.76,80.14,1.28597099559,80.14
2012-04-27,85.71,85.89,83.0,83.74,0.88479678707,83.74
2012-04-26,85.6,87.84,83.81,85.07,1.37316892484,85.07
2012-04-25,88.59,88.59,81.56,86.35,2.05118108475,86.35
2012-04-24,86.52,90.0,86.3,87.68,2.93073637405,87.68
2012-04-23,104.89,105.0,101.79,101.84,2.19543916442,101.84
2012-04-20,107.52,108.17,105.67,106.11,0.487207354614,106.11
2012-04-19,105.07,109.71,104.28,107.09,0.657583179604,107.09
2012-04-18,106.49,108.72,106.25,106.96,0.598178865404,106.96
2012-04-17,101.7,107.66,101.69,107.02,0.769028187434,107.02
2012-04-16,104.61,105.0,100.4,101.15,0.655593700174,101.15
2012-04-13,104.91,106.5,102.31,104.17,0.674575042445,104.17
2012-04-12,101.26,104.93,99.31,104.26,0.814591275668,104.26
2012-04-11,103.24,103.72,98.52,99.81,1.22942824612,99.81
2012-04-10,107.32,107.8,101.8,101.92,0.804660000263,101.92
2012-04-09,108.76,109.68,106.63,106.68,0.503391224595,106.68
2012-04-05,109.94,111.61,109.32,110.5,0.477260732679,110.5
2012-04-04,111.63,112.55,109.9,110.26,0.425540948813,110.26
2012-04-03,110.82,114.25,109.75,112.96,0.934621836598,112.96
2012-04-02,114.8,114.8,112.1,113.97,0.538027285114,113.97
2012-03-30,115.51,117.29,114.18,115.04,0.584606213225,115.04
2012-03-29,117.93,118.59,113.0,115.05,0.639113855711,115.05
2012-03-28,120.25,121.0,118.34,118.81,0.442206632477,118.81
2012-03-27,122.14,123.47,120.54,120.67,0.464891930511,120.67
2012-03-26,121.59,122.19,119.15,121.99,0.603465884104,121.99
2012-03-23,119.44,121.18,117.31,120.19,0.694755911341,120.19
2012-03-22,120.03,123.48,117.87,118.73,0.773122799414,118.73
2012-03-21,116.0,120.89,115.62,120.1,0.824805712757,120.1
2012-03-20,113.91,116.75,113.11,115.02,0.519005606889,115.02
2012-03-19,109.51,115.0,108.81,114.33,0.592669256265,114.33
2012-03-16,110.26,111.71,107.56,109.96,0.585078038297,109.96
2012-03-15,105.35,110.65,105.0,110.17,0.63042772362,110.17
2012-03-14,105.82,105.95,102.9,105.25,0.560398343701,105.25
2012-03-13,107.88,109.3,105.15,106.35,0.477893325556,106.35
2012-03-12,107.75,110.75,105.55,106.2,0.538044665194,106.2
2012-03-09,107.0,110.26,105.65,109.13,0.580621611555,109.13
2012-03-08,105.95,108.44,104.0,108.07,0.718159781074,108.07
2012-03-07,111.44,111.44,102.53,105.19,1.21429097958,105.19
2012-03-06,109.49,109.58,106.0,107.13,0.517820722953,107.13
2012-03-05,114.7,116.52,110.71,110.81,0.444607694252,110.81
2012-03-02,112.49,117.84,111.6,115.1,0.654067934048,115.1
2012-03-01,109.1,113.67,108.52,112.75,0.596454424904,112.75
2012-02-29,113.08,113.89,109.76,110.73,0.608512922311,110.73
2012-02-28,108.41,114.87,108.1,113.32,0.685984682357,113.32
2012-02-27,108.05,110.39,106.64,109.41,0.734020183304,109.41
2012-02-24,112.88,113.95,111.3,111.67,0.43718357033,111.67
2012-02-23,111.55,114.15,111.16,112.99,0.628258087179,112.99
2012-02-22,114.91,115.0,108.54,112.4,1.47566419354,112.4
2012-02-21,123.85,126.15,116.68,117.4,1.29379833727,117.4
2012-02-17,122.13,122.87,120.05,121.85,0.419757719049,121.85
2012-02-16,122.21,124.13,120.0,121.91,0.649678887257,121.91
2012-02-15,123.63,125.32,121.09,122.06,0.589305218059,122.06
2012-02-14,118.99,124.25,118.55,123.07,,123.07
2012-02-13,124.97,124.98,118.13,118.3,,118.3
2012-02-10,124.05,126.25,122.87,123.93,,123.93
2012-02-09,124.41,126.98,122.15,124.84,,124.84
2012-02-08,125.87,127.39,123.43,124.0,,124.0
2012-02-07,128.73,133.43,126.81,127.88,,127.88
2012-02-06,123.22,130.6,121.85,129.25,,129.25
2012-02-03,125.0,127.49,123.34,126.43,,126.43
2012-02-02,123.5,125.75,122.25,124.0,,124.0
2012-02-01,121.41,123.75,118.25,122.97,,122.97
2012-01-31,124.99,125.49,117.75,120.2,,120.2
2012-01-30,124.76,129.48,123.22,125.43,,125.43
2012-01-27,115.8,123.99,114.28,123.79,,123.79
2012-01-26,113.9,119.37,112.06,116.01,,116.01
2012-01-25,92.7,95.5,91.65,95.04,,95.04
2012-01-24,92.1,94.69,91.48,92.67,,92.67
2012-01-23,98.71,99.62,93.6,93.96,,93.96
2012-01-20,102.6,104.77,99.69,100.24,,100.24
2012-01-19,99.66,104.6,99.66,103.46,,103.46
2012-01-18,93.18,98.92,92.25,98.54,,98.54
2012-01-17,96.0,97.85,94.33,94.72,,94.72
2012-01-13,91.47,96.55,90.2,94.38,,94.38
2012-01-12,92.48,93.37,89.2,92.15,,92.15
2012-01-11,94.99,95.6,91.45,92.15,,92.15
2012-01-10,99.8,99.84,92.5,95.83,,95.83
2012-01-09,89.61,99.65,87.14,98.18,,98.18
2012-01-06,79.12,87.3,78.7,86.29,,86.29
2012-01-05,79.42,81.86,77.28,79.3,,79.3
2012-01-04,72.35,80.97,71.81,80.45,,80.45
2012-01-03,70.28,72.72,70.13,72.24,,72.24
2011-12-30,69.11,70.59,68.83,69.29,,69.29
2011-12-29,68.98,69.89,67.61,69.3,,69.3
2011-12-28,70.52,71.0,68.57,69.2,,69.2
2011-12-27,72.3,72.49,70.2,70.6,,70.6
2011-12-23,74.13,74.58,72.3,72.62,,72.62
2011-12-22,71.12,74.4,71.12,73.84,,73.84
2011-12-21,71.29,72.41,70.19,70.97,,70.97
2011-12-20,68.65,71.59,68.22,71.4,,71.4
2011-12-19,69.79,69.79,66.93,67.15,,67.15
2011-12-16,70.19,70.85,69.16,69.82,,69.82
2011-12-15,71.6,71.96,69.4,69.72,,69.72
2011-12-14,69.58,71.65,68.92,71.04,,71.04
2011-12-13,75.45,77.59,71.6,72.11,,72.11
2011-12-12,69.74,76.83,69.52,75.26,,75.26
2011-12-09,69.54,71.68,69.53,70.89,,70.89
2011-12-08,71.53,72.95,69.09,69.42,,69.42
2011-12-07,68.3,72.77,67.5,71.96,,71.96
2011-12-06,70.08,70.77,66.81,68.14,,68.14
2011-12-05,66.95,71.91,65.3,70.12,,70.12
