Date,Open,High,Low,Close,Volume,Adj Close
2014-12-02,50.69,51.74,50.59,51.53,4811900,51.53
2014-12-01,50.21,51.51,50.11,50.62,3768100,50.62
2014-11-28,50.21,50.81,50.08,50.50,1031400,50.50
2014-11-26,49.43,50.17,49.37,49.94,2196900,49.94
2014-11-25,49.38,49.41,48.96,49.28,6330900,49.28
2014-11-24,50.04,50.08,49.17,49.22,3490600,49.22
2014-11-21,50.61,50.63,49.65,50.07,4487700,50.07
2014-11-20,50.12,50.44,50.04,50.21,3098400,50.21
2014-11-19,50.29,50.60,49.97,50.17,2743600,50.17
2014-11-18,50.66,50.74,50.37,50.42,2982900,50.42
2014-11-17,49.75,50.68,49.68,50.58,4502900,50.58
2014-11-14,49.65,50.00,49.53,49.65,3046800,49.65
2014-11-13,50.27,50.39,49.63,49.77,3588200,49.77
2014-11-12,50.08,50.42,49.55,50.14,4172200,50.14
2014-11-11,50.67,50.78,50.34,50.55,1791300,50.55
2014-11-10,50.25,50.77,49.91,50.77,2312200,50.77
2014-11-07,49.42,50.37,49.40,50.35,3038600,50.35
2014-11-06,50.27,50.29,48.92,49.34,6200000,49.34
2014-11-05,50.79,50.86,50.23,50.30,11541500,50.30
2014-11-04,51.16,51.46,50.63,50.68,3430200,50.68
2014-11-03,50.50,51.06,50.30,50.94,3373300,50.94
2014-10-31,50.06,50.36,49.66,50.32,4897800,50.32
2014-10-30,48.81,49.92,48.66,49.85,5973000,49.85
2014-10-29,48.12,49.26,48.05,48.51,5829100,48.51
2014-10-28,46.64,47.87,46.45,47.52,5065700,47.52
2014-10-27,47.15,47.31,46.25,46.57,4021700,46.57
2014-10-24,46.31,47.32,46.30,47.17,2865000,47.17
2014-10-23,46.52,46.59,46.07,46.19,2501400,46.19
2014-10-22,45.57,46.53,45.49,46.25,3089600,46.25
2014-10-21,45.48,45.50,44.88,45.49,2970700,45.49
2014-10-20,44.61,45.41,44.56,45.39,2672200,45.39
2014-10-17,44.88,44.97,44.48,44.70,3890000,44.70
2014-10-16,45.41,45.51,44.44,44.68,4794000,44.68
2014-10-15,45.91,46.43,44.81,45.73,3397100,45.73
2014-10-14,45.69,46.60,45.33,45.88,4003900,45.88
2014-10-13,45.25,46.03,45.19,45.37,3581800,45.37
2014-10-10,44.76,45.50,44.76,45.17,3165700,45.17
2014-10-09,44.84,45.28,44.51,44.52,4885200,44.52
2014-10-08,44.43,45.20,44.34,45.00,4549500,45.00
2014-10-07,44.80,44.96,44.17,44.38,3972900,44.38
2014-10-06,45.59,45.76,45.08,45.26,1587000,45.26
2014-10-03,45.17,45.62,44.79,45.50,2386100,45.50
2014-10-02,45.03,45.40,44.89,45.09,2444400,45.09
2014-10-01,45.19,45.65,44.97,45.19,2961300,45.19
2014-09-30,44.93,45.38,44.73,45.04,2893400,45.04
2014-09-29,44.13,44.90,44.04,44.85,2697300,44.85
2014-09-26,44.32,44.41,43.76,44.32,3438300,44.32
2014-09-25,45.21,45.40,44.58,44.68,2120000,44.23
2014-09-24,45.35,45.45,45.09,45.24,1886100,44.78
2014-09-23,45.17,45.64,44.91,45.31,2647700,44.85
2014-09-22,45.75,45.76,45.14,45.19,2979100,44.73
2014-09-19,46.00,46.11,45.68,45.84,4481800,45.37
2014-09-18,46.17,46.28,45.64,45.90,2430200,45.43
2014-09-17,46.22,46.47,45.91,46.15,2933400,45.68
2014-09-16,45.94,46.54,45.21,45.96,7386400,45.49
2014-09-15,46.55,46.74,46.15,46.34,1770500,45.87
2014-09-12,47.13,47.15,46.30,46.38,1664200,45.91
2014-09-11,46.82,47.48,46.81,47.36,1703900,46.88
2014-09-10,47.06,47.23,46.77,46.81,1790300,46.33
2014-09-09,47.42,47.42,46.90,47.00,2080400,46.52
2014-09-08,47.98,48.03,47.30,47.54,2455300,47.06
2014-09-05,47.28,48.24,47.26,48.07,2995800,47.58
2014-09-04,47.02,47.21,46.62,47.20,2687100,46.72
2014-09-03,47.32,47.85,47.05,47.09,3397400,46.61
2014-09-02,46.46,47.78,46.01,47.29,8792700,46.81
2014-08-29,46.14,46.48,46.02,46.48,1637200,46.01
2014-08-28,45.77,46.16,45.61,46.13,977600,45.66
2014-08-27,45.56,45.83,45.43,45.80,1015800,45.33
2014-08-26,45.96,46.15,45.40,45.41,1123800,44.95
2014-08-25,45.77,46.08,45.67,45.92,1654400,45.45
2014-08-22,45.39,45.99,45.37,45.64,1465500,45.18
2014-08-21,45.99,46.11,45.72,45.85,1381000,45.38
2014-08-20,45.68,46.11,45.56,45.84,2348300,45.37
2014-08-19,45.04,45.75,44.90,45.74,2287800,45.27
2014-08-18,45.28,45.51,44.92,44.99,2489500,44.53
2014-08-15,44.84,45.41,44.83,45.20,6126800,44.74
2014-08-14,44.09,44.59,44.09,44.52,1425500,44.07
2014-08-13,44.07,44.15,43.73,44.07,1976100,43.62
2014-08-12,43.95,44.20,43.83,43.92,1932300,43.47
2014-08-11,44.10,44.36,43.85,43.93,1648700,43.48
2014-08-08,43.42,44.13,43.42,44.12,2701000,43.67
2014-08-07,43.21,43.55,43.11,43.28,2537500,42.84
2014-08-06,43.57,43.81,42.92,43.00,4753700,42.56
2014-08-05,44.43,44.63,43.61,43.73,2432000,43.28
2014-08-04,44.86,44.97,43.80,44.48,3732900,44.03
2014-08-01,44.82,45.22,44.64,44.90,2681800,44.44
2014-07-31,45.35,45.93,44.65,44.67,3581700,44.22
2014-07-30,46.30,46.71,45.69,45.70,3010700,45.23
2014-07-29,47.35,47.58,46.54,46.60,2786500,46.13
2014-07-28,46.64,47.57,46.51,47.37,1882600,46.89
2014-07-25,47.33,47.54,47.03,47.10,989400,46.62
2014-07-24,47.29,47.47,47.11,47.37,2184900,46.89
2014-07-23,47.20,47.28,46.98,47.14,807500,46.66
2014-07-22,47.34,47.38,47.06,47.16,1953200,46.68
2014-07-21,47.17,47.25,46.86,47.13,1801700,46.65
2014-07-18,47.13,47.33,46.80,47.27,2766800,46.79
2014-07-17,47.34,47.40,46.85,46.87,2050800,46.39
2014-07-16,47.33,47.51,46.91,47.51,2055300,47.03
2014-07-15,46.92,47.44,46.92,47.29,2638400,46.81
2014-07-14,47.18,47.34,46.80,46.93,2777600,46.45
2014-07-11,47.21,47.33,46.98,47.12,3101100,46.64
2014-07-10,46.54,47.31,46.54,47.20,2741400,46.72
2014-07-09,46.82,46.98,46.60,46.86,2068600,46.38
2014-07-08,46.33,46.86,46.33,46.82,2249400,46.34
2014-07-07,46.09,46.80,46.06,46.49,2186800,46.02
2014-07-03,46.41,46.64,45.84,46.03,3307200,45.56
2014-07-02,47.16,47.18,46.39,46.63,2634200,46.16
2014-07-01,48.04,48.09,47.22,47.23,2258900,46.75
2014-06-30,47.57,48.10,47.46,48.02,2440500,47.53
2014-06-27,47.16,47.69,47.01,47.53,1705300,47.05
2014-06-26,46.99,47.30,46.79,47.20,1973300,46.72
2014-06-25,47.55,47.82,47.18,47.50,3721200,46.57
2014-06-24,47.66,48.04,47.50,47.73,3336800,46.79
2014-06-23,48.19,48.26,47.39,47.62,4006700,46.68
2014-06-20,48.35,48.64,48.06,48.19,5126500,47.24
2014-06-19,47.66,48.24,47.54,48.23,4436000,47.28
2014-06-18,46.81,47.80,46.81,47.70,3012900,46.76
2014-06-17,46.74,46.97,46.58,46.88,1200000,45.96
2014-06-16,46.50,47.22,46.44,46.88,2058100,45.96
2014-06-13,46.30,46.61,46.08,46.55,1854600,45.63
2014-06-12,46.19,46.52,45.49,46.32,2769000,45.41
2014-06-11,46.11,46.58,45.80,46.28,3883000,45.37
2014-06-10,45.98,46.29,45.89,46.17,1937200,45.26
2014-06-09,46.53,46.73,46.02,46.14,2156100,45.23
2014-06-06,46.56,47.10,46.44,46.68,3093400,45.76
2014-06-05,45.78,46.58,45.77,46.50,2336800,45.59
2014-06-04,45.41,45.90,45.27,45.88,2226200,44.98
2014-06-03,45.84,45.87,45.55,45.64,1929500,44.74
2014-06-02,45.82,45.92,45.66,45.87,2105700,44.97
2014-05-30,45.68,45.99,45.48,45.87,3515900,44.97
2014-05-29,45.29,45.73,45.23,45.68,2755900,44.78
2014-05-28,44.75,45.37,44.68,45.30,2886700,44.41
2014-05-27,44.97,45.06,44.60,44.78,3017000,43.90
2014-05-23,44.58,44.76,44.45,44.72,2843900,43.84
2014-05-22,44.18,44.69,44.04,44.61,3245100,43.73
2014-05-21,44.16,44.44,44.06,44.29,3279600,43.42
2014-05-20,43.44,43.80,43.44,43.63,3367800,42.77
2014-05-19,43.55,43.84,43.36,43.52,3784400,42.66
2014-05-16,43.41,43.87,43.21,43.64,3688000,42.78
2014-05-15,43.78,44.05,43.18,43.63,5048300,42.77
2014-05-14,43.19,43.97,43.19,43.78,2494200,42.92
2014-05-13,43.14,43.30,42.86,43.20,2629200,42.35
2014-05-12,43.80,43.94,42.85,43.02,3249600,42.17
2014-05-09,44.55,44.76,43.40,43.59,4136800,42.73
2014-05-08,44.78,44.90,44.39,44.59,3645700,43.71
2014-05-07,44.56,44.95,44.50,44.71,4426100,43.83
2014-05-06,44.77,44.89,44.27,44.31,4353800,43.44
2014-05-05,44.51,44.96,44.49,44.86,1401900,43.98
2014-05-02,45.62,45.71,44.25,44.53,2495800,43.65
2014-05-01,44.28,45.94,43.71,45.75,2422300,44.85
2014-04-30,45.51,45.83,45.47,45.58,1992300,44.68
2014-04-29,45.91,46.11,45.28,45.35,2897600,44.46
2014-04-28,45.53,45.87,45.26,45.83,1822500,44.93
2014-04-25,44.95,45.52,44.93,45.50,1071600,44.61
2014-04-24,44.56,45.21,44.35,44.90,1768300,44.02
2014-04-23,44.78,45.27,44.53,44.58,1622000,43.70
2014-04-22,44.73,44.82,44.50,44.69,1311700,43.81
2014-04-21,44.98,45.13,44.48,44.78,1814000,43.90
2014-04-17,45.44,45.56,44.80,44.87,2170600,43.99
2014-04-16,45.28,45.62,45.19,45.62,1864200,44.72
2014-04-15,44.62,45.29,44.54,45.27,2466300,44.38
2014-04-14,44.77,44.77,44.35,44.68,2611400,43.80
2014-04-11,44.22,44.85,44.22,44.65,3237500,43.77
2014-04-10,44.38,44.88,44.23,44.43,2691800,43.56
2014-04-09,44.60,44.60,43.76,44.39,3029300,43.52
2014-04-08,44.12,44.74,43.84,44.61,3153100,43.73
2014-04-07,44.45,44.50,44.04,44.04,3624500,43.17
2014-04-04,44.00,44.87,43.95,44.47,5851500,43.60
2014-04-03,43.38,43.95,43.35,43.80,3603900,42.94
2014-04-02,42.60,43.35,42.47,43.35,6863900,42.50
2014-04-01,43.19,43.20,42.30,42.37,3321800,41.54
2014-03-31,42.13,43.49,41.89,43.20,7109600,42.35
2014-03-28,41.90,42.57,41.57,41.89,12653900,41.07
2014-03-27,43.69,43.72,43.33,43.64,4104000,42.78
2014-03-26,44.72,44.92,44.20,44.28,2575800,42.96
2014-03-25,44.81,44.95,44.52,44.71,2110300,43.38
2014-03-24,44.53,44.85,44.29,44.73,1727400,43.40
2014-03-21,44.60,44.97,44.32,44.37,5620800,43.05
2014-03-20,44.11,44.33,43.93,44.31,1935700,42.99
2014-03-19,44.48,44.72,44.03,44.30,3938400,42.98
2014-03-18,44.50,44.75,44.42,44.51,1430600,43.19
2014-03-17,44.42,44.62,44.18,44.62,1898000,43.29
2014-03-14,44.01,44.55,43.90,44.35,3059400,43.03
2014-03-13,43.64,44.10,43.48,44.04,2409200,42.73
2014-03-12,42.96,43.58,42.88,43.58,2458400,42.28
2014-03-11,42.79,43.01,42.59,43.01,3727400,41.73
2014-03-10,42.75,42.89,42.54,42.70,2600600,41.43
2014-03-07,42.73,42.89,42.13,42.75,3151400,41.48
2014-03-06,43.22,43.37,42.60,42.75,3312400,41.48
2014-03-05,43.84,43.88,43.13,43.22,3015000,41.93
2014-03-04,44.01,44.03,43.76,43.91,1800900,42.60
2014-03-03,43.87,44.13,43.59,43.63,3060400,42.33
2014-02-28,43.46,44.32,43.39,44.06,3938800,42.75
2014-02-27,43.44,43.78,43.21,43.39,1823600,42.10
2014-02-26,43.84,44.02,43.39,43.49,2699900,42.20
2014-02-25,44.13,44.19,43.73,43.79,3041900,42.49
2014-02-24,44.00,44.45,43.96,44.02,3065600,42.71
2014-02-21,43.67,44.25,43.59,43.94,2587800,42.63
2014-02-20,43.29,43.82,43.20,43.66,1327400,42.36
2014-02-19,43.40,43.79,43.16,43.23,2077700,41.94
2014-02-18,43.96,43.97,43.40,43.50,3217700,42.21
2014-02-14,43.74,44.04,43.62,43.94,2659300,42.63
2014-02-13,43.06,43.94,43.00,43.91,3812100,42.60
2014-02-12,42.45,43.16,42.37,43.15,4067500,41.87
2014-02-11,41.60,42.57,41.41,42.44,2810800,41.18
2014-02-10,41.73,42.22,41.50,42.20,2827300,40.95
2014-02-07,41.44,41.88,41.40,41.83,1742500,40.59
2014-02-06,41.11,41.52,40.92,41.35,1776700,40.12
2014-02-05,41.14,41.34,41.01,41.11,1855700,39.89
2014-02-04,41.68,41.76,41.10,41.28,2512300,40.05
2014-02-03,42.25,42.64,41.41,41.52,3635600,40.29
2014-01-31,41.51,42.39,41.49,42.15,4450200,40.90
2014-01-30,41.20,41.99,41.11,41.96,3937900,40.71
2014-01-29,40.97,41.11,40.77,40.93,3211800,39.71
2014-01-28,40.99,41.09,40.81,41.01,2078100,39.79
2014-01-27,40.82,41.03,40.77,40.92,3025300,39.70
2014-01-24,41.11,41.36,40.81,40.82,3593400,39.61
2014-01-23,40.98,41.37,40.92,41.29,2981900,40.06
2014-01-22,41.25,41.38,40.94,41.14,2611700,39.92
2014-01-21,40.72,41.27,40.72,41.27,2970400,40.04
2014-01-17,40.67,40.79,40.40,40.67,2467800,39.46
2014-01-16,40.48,40.69,40.32,40.65,2340200,39.44
2014-01-15,40.85,41.13,40.27,40.51,3696000,39.31
2014-01-14,40.28,40.55,40.13,40.30,1867300,39.10
2014-01-13,40.93,40.93,40.19,40.29,2556900,39.09
2014-01-10,40.24,41.01,40.03,40.53,2538600,39.32
2014-01-09,40.07,40.16,39.78,40.07,1884200,38.88
2014-01-08,39.89,39.97,39.59,39.80,2204400,38.62
2014-01-07,39.70,40.08,39.67,40.01,2567800,38.82
2014-01-06,39.71,39.87,39.54,39.69,2588600,38.51
2014-01-03,39.72,39.85,39.42,39.60,2824400,38.42
2014-01-02,40.36,40.37,39.66,39.66,2366400,38.48
2013-12-31,40.33,40.47,40.13,40.28,1925500,39.08
2013-12-30,40.22,40.42,40.07,40.27,2151200,39.07
2013-12-27,40.28,40.56,40.15,40.28,1334800,39.08
2013-12-26,41.12,41.18,40.48,40.56,1925200,38.91
2013-12-24,40.98,41.23,40.91,41.03,1053800,39.36
2013-12-23,40.80,41.19,40.73,40.98,2317700,39.32
2013-12-20,40.17,40.94,40.14,40.56,5428300,38.91
2013-12-19,40.57,40.57,40.04,40.22,3901200,38.59
2013-12-18,40.70,41.01,40.11,40.95,3941000,39.29
2013-12-17,40.95,41.09,40.56,40.64,4126700,38.99
2013-12-16,40.66,41.16,40.64,40.98,4383400,39.32
2013-12-13,40.34,40.49,40.22,40.42,2025800,38.78
2013-12-12,40.17,40.49,40.16,40.20,3367600,38.57
2013-12-11,40.25,40.57,40.17,40.26,2640800,38.62
2013-12-10,41.09,41.20,40.18,40.32,3349800,38.68
2013-12-09,41.06,41.46,41.00,41.16,2569700,39.49
2013-12-06,40.53,41.23,40.43,41.11,2854100,39.44
2013-12-05,40.66,40.66,40.05,40.36,3130000,38.72
2013-12-04,40.57,40.91,40.33,40.71,2394800,39.06
2013-12-03,40.34,40.83,40.17,40.80,2891400,39.14
2013-12-02,40.44,40.72,40.22,40.46,3254600,38.82
2013-11-29,40.00,40.61,40.00,40.37,1377800,38.73
2013-11-27,40.28,40.34,40.07,40.26,2515200,38.62
2013-11-26,40.57,40.60,39.91,40.25,4406500,38.61
2013-11-25,40.74,40.96,40.57,40.57,2399500,38.92
2013-11-22,40.49,40.81,40.47,40.63,2883100,38.98
2013-11-21,40.70,40.81,40.13,40.52,2299800,38.87
2013-11-20,40.88,41.11,40.55,40.55,2082900,38.90
2013-11-19,41.09,41.21,40.82,40.93,2065900,39.27
2013-11-18,41.20,41.25,40.75,41.02,3635900,39.35
2013-11-15,40.87,41.20,40.85,41.16,2298100,39.49
2013-11-14,41.09,41.34,40.94,41.01,2200900,39.34
2013-11-13,40.32,41.09,40.20,40.97,4012500,39.31
2013-11-12,40.67,40.99,40.02,40.49,8906200,38.85
2013-11-11,41.75,41.87,41.34,41.42,1806600,39.74
2013-11-08,41.92,41.92,41.37,41.77,3834300,40.07
2013-11-07,42.81,42.95,41.99,42.05,2718200,40.34
2013-11-06,42.00,42.79,42.00,42.75,2017400,41.01
2013-11-05,42.14,42.70,41.99,42.01,2260000,40.30
2013-11-04,42.41,42.45,41.98,42.27,1699900,40.55
2013-11-01,42.01,42.52,41.99,42.32,2248800,40.60
2013-10-31,41.78,42.05,41.23,41.85,2649900,40.15
2013-10-30,42.19,42.45,41.82,41.88,2055900,40.18
2013-10-29,42.24,42.24,41.91,42.09,1581600,40.38
2013-10-28,42.11,42.33,41.79,42.05,1842300,40.34
2013-10-25,41.49,42.13,41.46,42.12,1720600,40.41
2013-10-24,41.66,41.68,41.35,41.50,2620300,39.81
2013-10-23,41.94,42.27,41.43,41.51,3487500,39.82
2013-10-22,41.40,42.08,41.24,41.97,1877800,40.27
2013-10-21,41.22,41.42,41.07,41.38,2011000,39.70
2013-10-18,41.40,41.58,41.18,41.22,1615400,39.55
2013-10-17,40.73,41.43,40.50,41.36,1626300,39.68
2013-10-16,40.44,40.75,40.23,40.75,2890800,39.09
2013-10-15,40.94,40.96,40.10,40.12,2743700,38.49
2013-10-14,41.13,41.21,40.58,40.97,2240200,39.31
2013-10-11,41.37,41.51,41.05,41.35,1284100,39.67
2013-10-10,41.18,41.42,40.65,41.35,1900700,39.67
2013-10-09,40.78,41.46,40.48,40.92,3693600,39.26
2013-10-08,40.15,40.87,40.07,40.65,3334800,39.00
2013-10-07,40.09,40.51,39.95,40.07,2182600,38.44
2013-10-04,40.39,40.60,40.20,40.26,2183000,38.62
2013-10-03,40.76,40.78,40.27,40.31,2533500,38.67
2013-10-02,40.77,41.28,40.68,41.01,2421900,39.34
2013-10-01,40.90,41.21,40.76,40.87,2147400,39.21
2013-09-30,40.63,41.04,40.58,40.92,4451600,39.26
2013-09-27,40.87,41.07,40.63,40.78,2838600,39.12
2013-09-26,41.53,41.54,40.93,41.04,2810400,39.37
2013-09-25,42.11,42.42,41.82,41.87,3880700,39.73
2013-09-24,42.16,42.31,41.95,42.19,9013300,40.04
2013-09-23,41.40,42.32,41.21,42.13,8280700,39.98
2013-09-20,41.97,42.04,41.36,41.46,10228300,39.34
2013-09-19,42.28,42.47,41.87,41.99,2245900,39.85
2013-09-18,41.07,42.21,40.90,42.12,3263400,39.97
2013-09-17,41.09,41.28,40.94,41.07,2512400,38.97
2013-09-16,41.76,42.26,40.95,41.00,3271900,38.91
2013-09-13,40.85,41.45,40.80,41.33,3489900,39.22
2013-09-12,41.13,41.34,40.72,40.76,1210800,38.68
2013-09-11,41.27,41.39,40.82,41.04,2355300,38.94
2013-09-10,41.10,41.42,40.95,41.41,1712100,39.30
2013-09-09,40.88,41.09,40.66,40.99,1559200,38.90
2013-09-06,40.97,41.36,40.83,40.88,2806500,38.79
2013-09-05,40.81,41.00,40.67,40.85,2000700,38.76
2013-09-04,41.04,41.05,40.56,40.90,1790700,38.81
2013-09-03,41.56,41.62,40.68,41.01,4253000,38.92
2013-08-30,41.40,41.64,41.25,41.36,2915300,39.25
2013-08-29,41.62,41.69,41.08,41.32,1919100,39.21
2013-08-28,41.50,41.93,41.27,41.75,2153800,39.62
2013-08-27,41.20,41.88,41.11,41.48,2859800,39.36
2013-08-26,41.54,41.70,41.41,41.47,2024000,39.35
2013-08-23,41.40,41.72,41.25,41.51,2398800,39.39
2013-08-22,41.97,42.24,41.40,41.43,3378300,39.32
2013-08-21,42.40,42.40,41.75,42.04,3710400,39.89
2013-08-20,42.41,43.19,42.33,42.77,3703800,40.59
2013-08-19,42.54,42.82,42.17,42.41,1861300,40.25
2013-08-16,43.21,43.25,42.32,42.64,2300200,40.46
2013-08-15,43.64,43.75,43.33,43.35,1622700,41.14
2013-08-14,44.00,44.12,43.44,43.93,2742600,41.69
2013-08-13,44.71,44.71,44.12,44.14,2671200,41.89
2013-08-12,44.77,44.89,44.51,44.71,1755100,42.43
2013-08-09,45.40,45.55,44.95,45.02,1476200,42.72
2013-08-08,45.40,45.55,45.14,45.39,1536100,43.07
2013-08-07,44.77,45.60,44.52,45.31,2515300,43.00
2013-08-06,45.55,45.55,45.03,45.08,1970500,42.78
2013-08-05,46.01,46.01,45.49,45.56,1450300,43.23
2013-08-02,46.36,46.67,46.06,46.18,1109200,43.82
2013-08-01,46.24,46.90,46.05,46.31,1966400,43.95
2013-07-31,45.20,46.26,45.06,45.89,3168800,43.55
2013-07-30,46.46,46.63,46.22,46.30,2729800,43.94
2013-07-29,46.11,46.40,46.05,46.24,3089900,43.88
2013-07-26,45.54,46.32,45.42,46.32,2793300,43.96
2013-07-25,45.04,45.65,44.99,45.61,1894100,43.28
2013-07-24,45.65,45.79,44.94,45.14,2038700,42.84
2013-07-23,45.21,45.56,44.92,45.52,1309200,43.20
2013-07-22,45.03,45.40,45.02,45.12,1381200,42.82
2013-07-19,45.59,45.68,44.99,45.00,2958400,42.70
2013-07-18,45.34,45.79,45.24,45.52,2805500,43.20
2013-07-17,45.61,45.89,45.00,45.14,4781000,42.84
2013-07-16,46.29,47.30,45.56,46.37,6905000,44.00
2013-07-15,45.56,46.42,45.21,46.19,3737600,43.83
2013-07-12,45.55,45.56,45.20,45.54,2247900,43.22
2013-07-11,45.47,45.73,45.27,45.50,2000900,43.18
2013-07-10,45.14,45.36,44.91,45.14,1995000,42.84
2013-07-09,45.19,45.50,44.98,45.37,2243100,43.05
2013-07-08,44.74,45.45,44.55,45.19,1925200,42.88
2013-07-05,44.96,45.02,44.11,44.66,1395100,42.38
2013-07-03,44.74,45.05,44.58,44.97,1374500,42.67
2013-07-02,45.08,45.49,44.79,44.99,2366600,42.69
2013-07-01,46.08,46.31,45.05,45.16,4099200,42.85
2013-06-28,45.59,46.33,44.69,45.73,8896600,43.40
2013-06-27,44.99,45.25,44.54,44.63,1798900,42.35
2013-06-26,44.95,45.56,44.89,45.33,2545800,42.58
2013-06-25,44.41,44.88,44.00,44.73,7638500,42.02
2013-06-24,43.97,44.58,43.53,44.21,7881800,41.53
2013-06-21,44.01,44.67,43.20,44.33,9347600,41.64
2013-06-20,44.36,44.40,43.49,43.59,2299300,40.95
2013-06-19,45.74,45.92,44.65,44.65,2087900,41.95
2013-06-18,45.24,45.83,45.21,45.73,2101900,42.96
2013-06-17,45.35,45.79,45.20,45.32,2570200,42.57
2013-06-14,44.90,45.38,44.77,45.17,2663100,42.43
2013-06-13,44.28,44.94,44.23,44.87,1838400,42.15
2013-06-12,44.93,45.11,44.29,44.33,1814800,41.64
2013-06-11,44.63,45.08,44.42,44.58,2048700,41.88
2013-06-10,45.36,45.36,44.83,45.00,1958500,42.27
2013-06-07,45.10,45.43,44.60,45.30,2173000,42.56
2013-06-06,44.03,45.02,43.91,45.02,2827300,42.29
2013-06-05,44.50,44.55,43.89,44.02,2972300,41.35
2013-06-04,44.83,44.95,44.31,44.65,1990700,41.95
2013-06-03,44.90,45.16,44.35,44.94,2869100,42.22
2013-05-31,44.94,45.75,44.85,44.91,2642600,42.19
2013-05-30,45.08,45.85,44.97,45.04,2709200,42.31
2013-05-29,45.81,45.89,44.75,44.82,4250800,42.11
2013-05-28,46.34,46.62,45.97,46.06,2306100,43.27
2013-05-24,46.29,46.43,45.79,46.14,2498800,43.35
2013-05-23,46.57,46.58,45.72,46.49,1856600,43.67
2013-05-22,47.30,48.02,46.56,46.77,1973200,43.94
2013-05-21,47.24,47.40,46.84,47.36,1718000,44.49
2013-05-20,47.23,47.28,46.99,47.18,1587300,44.32
2013-05-17,47.00,47.28,46.74,47.23,2064300,44.37
2013-05-16,47.25,47.29,46.82,46.88,2812000,44.04
2013-05-15,46.81,47.74,46.72,47.23,3168200,44.37
2013-05-14,46.64,47.01,46.38,46.90,2073100,44.06
2013-05-13,46.42,46.65,46.35,46.52,1694600,43.70
2013-05-10,46.17,46.62,45.90,46.60,2576200,43.78
2013-05-09,46.92,47.02,45.92,46.06,2862400,43.27
2013-05-08,47.37,47.75,46.70,46.90,2720400,44.06
2013-05-07,46.47,47.67,46.35,47.59,3065100,44.71
2013-05-06,47.26,47.28,46.39,46.50,2784000,43.68
2013-05-03,47.39,47.57,47.08,47.25,2171800,44.39
2013-05-02,47.65,47.86,46.71,47.23,3132500,44.37
2013-05-01,48.37,48.45,47.56,47.66,2578900,44.77
2013-04-30,48.34,48.50,48.21,48.44,2034200,45.51
2013-04-29,48.03,48.46,47.83,48.35,1642800,45.42
2013-04-26,47.96,48.18,47.62,47.95,2282400,45.05
2013-04-25,47.90,48.17,47.72,47.88,2127800,44.98
2013-04-24,47.57,47.90,47.31,47.75,1751300,44.86
2013-04-23,47.32,47.56,46.91,47.56,1670100,44.68
2013-04-22,47.74,47.75,47.22,47.31,1853400,44.44
2013-04-19,46.89,47.77,46.81,47.77,2712800,44.88
2013-04-18,47.00,47.22,46.64,46.72,2690400,43.89
2013-04-17,46.88,47.08,46.62,47.01,2497500,44.16
2013-04-16,46.93,47.20,46.26,46.98,2376700,44.13
2013-04-15,47.15,47.42,46.77,46.77,2424500,43.94
2013-04-12,46.85,47.32,46.85,47.23,1727300,44.37
2013-04-11,47.24,47.24,46.85,47.01,1503800,44.16
2013-04-10,46.81,47.21,46.66,47.10,2175500,44.25
2013-04-09,46.77,47.06,46.48,46.63,2948000,43.81
2013-04-08,46.46,46.84,46.36,46.68,3823200,43.85
2013-04-05,45.91,46.65,45.82,46.49,3651800,43.67
2013-04-04,45.58,46.16,45.46,46.14,3258500,43.35
2013-04-03,45.11,45.56,45.03,45.52,4587400,42.76
2013-04-02,44.81,44.99,44.76,44.97,3301400,42.25
2013-04-01,44.51,44.81,44.38,44.73,2464800,42.02
2013-03-28,44.04,44.57,43.96,44.53,2786100,41.83
2013-03-27,43.88,44.19,43.70,44.08,3007100,41.41
2013-03-26,43.15,43.81,43.10,43.73,2641800,41.08
2013-03-25,43.85,43.99,43.29,43.59,9698600,40.52
2013-03-22,43.67,43.95,43.58,43.80,7463300,40.72
2013-03-21,43.75,43.87,43.60,43.67,1470600,40.60
2013-03-20,43.74,44.02,43.64,43.88,1750200,40.79
2013-03-19,43.51,43.73,43.23,43.59,2645200,40.52
2013-03-18,43.38,43.65,43.30,43.36,1793700,40.31
2013-03-15,43.39,43.83,43.22,43.56,4739200,40.49
2013-03-14,43.31,43.59,43.21,43.56,2285400,40.49
2013-03-13,43.05,43.33,42.84,43.30,1782500,40.25
2013-03-12,42.96,43.06,42.72,43.04,2279400,40.01
2013-03-11,42.64,43.05,42.51,42.96,3929700,39.94
2013-03-08,42.91,42.99,42.48,42.78,2463300,39.77
2013-03-07,43.14,43.39,42.78,42.87,1965900,39.85
2013-03-06,43.29,43.47,42.88,43.05,2378800,40.02
2013-03-05,43.55,43.72,43.31,43.34,2920000,40.29
2013-03-04,42.83,43.64,42.77,43.47,2908500,40.41
2013-03-01,42.57,42.88,42.38,42.85,2356800,39.83
2013-02-28,42.17,42.81,42.06,42.64,4674700,39.64
2013-02-27,41.64,42.20,41.64,42.12,4178100,39.16
2013-02-26,41.59,41.88,41.40,41.71,4042700,38.77
2013-02-25,42.14,42.48,41.51,41.51,3924300,38.59
2013-02-22,41.47,41.99,41.33,41.98,3985700,39.03
2013-02-21,42.25,42.70,41.00,41.41,8337500,38.50
2013-02-20,43.16,43.29,42.94,43.12,2680000,40.09
2013-02-19,42.79,43.23,42.71,43.22,4026600,40.18
2013-02-15,42.51,42.80,42.47,42.72,3843000,39.71
2013-02-14,42.47,42.63,42.40,42.43,3119600,39.44
2013-02-13,42.69,42.81,42.48,42.61,1341100,39.61
2013-02-12,42.67,42.74,42.49,42.72,1186100,39.71
2013-02-11,42.73,42.94,42.63,42.69,965400,39.69
2013-02-08,42.74,42.82,42.54,42.77,1321900,39.76
2013-02-07,42.64,42.97,42.49,42.76,1957600,39.75
2013-02-06,42.20,42.53,42.10,42.53,1421400,39.54
2013-02-05,42.27,42.58,42.20,42.35,1730800,39.37
2013-02-04,42.54,42.57,42.09,42.11,1976100,39.15
2013-02-01,42.71,42.79,42.51,42.60,1920600,39.60
2013-01-31,42.52,42.71,42.36,42.64,3048000,39.64
2013-01-30,42.15,42.63,42.09,42.39,2581800,39.41
2013-01-29,41.69,42.12,41.65,42.12,2328700,39.16
2013-01-28,41.90,41.97,41.71,41.76,2221600,38.82
2013-01-25,41.69,41.89,41.44,41.89,3137600,38.94
2013-01-24,41.47,41.70,41.36,41.51,2442600,38.59
2013-01-23,41.14,41.37,40.92,41.37,2618600,38.46
2013-01-22,40.98,41.36,40.97,41.25,2931800,38.35
2013-01-18,40.92,41.01,40.63,41.01,1751500,38.12
2013-01-17,40.72,41.04,40.58,40.82,2127700,37.95
2013-01-16,40.86,41.00,40.57,40.68,1594500,37.82
2013-01-15,40.86,41.00,40.69,41.00,2369700,38.11
2013-01-14,41.01,41.31,40.84,40.89,3293800,38.01
2013-01-11,40.93,41.02,40.67,40.95,2077400,38.07
2013-01-10,40.90,41.03,40.78,40.87,2455500,37.99
2013-01-09,41.33,41.33,40.49,40.77,2407800,37.90
2013-01-08,40.40,40.67,40.29,40.67,2986700,37.81
2013-01-07,40.98,41.09,40.30,40.47,2692700,37.62
2013-01-04,40.89,41.44,40.83,41.17,2721400,38.27
2013-01-03,40.85,40.90,40.58,40.76,3578400,37.89
2013-01-02,40.61,40.90,40.46,40.85,2625800,37.98
2012-12-31,39.61,40.23,39.40,40.18,2415600,37.35
2012-12-28,39.83,40.22,39.70,39.71,1903800,36.92
2012-12-27,40.03,40.21,39.73,40.02,2949400,37.20
2012-12-26,40.95,41.11,40.07,40.26,3239400,37.00
2012-12-24,41.40,41.44,40.80,40.90,2168400,37.59
2012-12-21,41.64,41.88,41.48,41.49,4891300,38.13
2012-12-20,41.50,41.92,41.50,41.92,3573800,38.53
2012-12-19,41.50,41.62,41.32,41.51,3247700,38.15
2012-12-18,40.95,41.49,40.92,41.48,4157900,38.12
2012-12-17,40.59,41.06,40.58,40.98,2473900,37.67
2012-12-14,40.56,40.74,40.46,40.51,1642100,37.23
2012-12-13,40.74,40.84,40.45,40.57,1534100,37.29
2012-12-12,40.99,41.17,40.75,40.75,2609500,37.45
2012-12-11,40.88,41.08,40.85,40.87,2184900,37.56
2012-12-10,40.77,41.00,40.73,40.88,1390700,37.57
2012-12-07,40.63,40.87,40.61,40.77,1784600,37.47
2012-12-06,40.85,40.94,40.64,40.66,2122300,37.37
2012-12-05,40.44,41.01,40.36,40.69,3458900,37.40
2012-12-04,40.55,40.76,40.30,40.35,1571900,37.09
2012-12-03,40.93,40.99,40.23,40.56,2593700,37.28
2012-11-30,40.62,41.00,40.49,40.95,3268800,37.64
2012-11-29,40.50,40.76,40.22,40.53,3585900,37.25
2012-11-28,40.40,40.56,40.27,40.40,2682700,37.13
2012-11-27,40.83,40.96,40.49,40.54,2510300,37.26
2012-11-26,39.97,40.91,39.97,40.75,2109200,37.45
2012-11-23,40.11,40.25,39.69,40.17,1259100,36.92
2012-11-21,40.20,40.29,39.60,40.09,2286700,36.85
2012-11-20,40.66,40.88,40.13,40.22,3094500,36.97
2012-11-19,40.78,40.78,40.16,40.52,2582800,37.24
2012-11-16,40.21,40.71,40.12,40.44,3721600,37.17
2012-11-15,40.50,40.85,39.99,40.17,2920600,36.92
2012-11-14,40.80,40.87,40.28,40.39,2333800,37.12
2012-11-13,40.40,41.18,40.34,40.85,1802700,37.55
2012-11-12,41.13,41.25,40.47,40.53,1041200,37.25
2012-11-09,40.85,41.11,40.78,40.89,1722500,37.58
2012-11-08,41.18,41.43,40.91,40.92,2152200,37.61
2012-11-07,41.69,41.69,41.00,41.14,2443400,37.81
2012-11-06,41.51,42.08,41.45,41.91,1921400,38.52
2012-11-05,41.90,41.99,41.46,41.51,1916300,38.15
2012-11-02,42.30,42.44,41.95,42.00,3963500,38.60
2012-11-01,42.52,42.67,42.03,42.09,1757800,38.69
2012-10-31,42.22,42.65,42.11,42.52,2673200,39.08
2012-10-26,42.13,42.14,41.86,42.00,2538900,38.60
2012-10-25,42.06,42.20,41.98,42.04,4102600,38.64
2012-10-24,42.27,42.40,41.83,41.92,2491400,38.53
2012-10-23,42.18,42.40,42.12,42.18,4141200,38.77
2012-10-22,42.67,42.78,42.33,42.47,1624400,39.03
2012-10-19,43.19,43.29,42.59,42.78,2220300,39.32
2012-10-18,43.35,43.52,43.21,43.21,3739800,39.71
2012-10-17,42.85,43.45,42.80,43.43,2240500,39.92
2012-10-16,42.87,43.17,42.35,42.63,2683400,39.18
2012-10-15,42.48,42.63,42.14,42.63,2548300,39.18
2012-10-12,43.44,43.54,42.06,42.50,4769600,39.06
2012-10-11,43.23,43.53,43.06,43.07,1623600,39.59
2012-10-10,43.07,43.33,42.90,43.13,1447600,39.64
2012-10-09,43.37,43.40,42.99,43.05,2091600,39.57
2012-10-08,42.68,44.11,42.68,43.48,3884700,39.96
2012-10-05,42.95,43.07,42.63,42.67,2034900,39.22
2012-10-04,42.64,42.87,42.42,42.86,3441800,39.39
2012-10-03,42.40,42.70,42.21,42.51,2389000,39.07
2012-10-02,42.33,42.66,42.12,42.27,1994300,38.85
2012-10-01,42.68,42.88,42.19,42.24,1894100,38.82
2012-09-28,42.37,42.76,42.13,42.67,3055700,39.22
2012-09-27,42.68,42.68,42.26,42.41,2014000,38.98
2012-09-26,42.74,43.33,42.69,43.00,2412900,39.10
2012-09-25,42.90,43.00,42.61,42.65,1297100,38.79
2012-09-24,42.60,42.86,42.57,42.81,1770600,38.93
2012-09-21,42.76,42.84,42.40,42.59,3168400,38.73
2012-09-20,42.50,42.71,42.45,42.65,1220100,38.79
2012-09-19,42.58,42.83,42.47,42.54,1456200,38.69
2012-09-18,42.53,42.61,42.12,42.56,2596700,38.70
2012-09-17,43.28,43.42,42.53,42.53,5831700,38.68
2012-09-14,43.37,43.44,42.95,43.25,2329200,39.33
2012-09-13,42.98,43.33,42.85,43.33,2901900,39.40
2012-09-12,43.33,43.41,43.04,43.09,893200,39.19
2012-09-11,43.42,43.60,43.31,43.32,901500,39.39
2012-09-10,43.67,43.67,43.35,43.45,999000,39.51
2012-09-07,43.46,43.62,43.28,43.47,1620500,39.53
2012-09-06,43.25,43.39,43.15,43.19,2827900,39.28
2012-09-05,43.59,43.66,42.95,42.98,2141700,39.09
2012-09-04,43.45,43.54,43.21,43.44,1857200,39.50
2012-08-31,43.71,43.73,43.22,43.41,2067600,39.48
2012-08-30,43.72,43.80,43.55,43.56,1596400,39.61
2012-08-29,43.97,44.02,43.72,43.88,1437700,39.90
2012-08-28,43.97,44.13,43.67,44.02,1555300,40.03
2012-08-27,44.02,44.11,43.87,43.98,1513500,39.99
2012-08-24,43.70,44.11,43.65,44.07,1134900,40.08
2012-08-23,44.35,44.35,43.74,43.79,1056000,39.82
2012-08-22,44.31,44.47,44.16,44.28,1110000,40.27
2012-08-21,44.86,44.89,44.31,44.33,3395900,40.31
2012-08-20,44.46,44.89,44.42,44.89,2036500,40.82
2012-08-17,44.41,44.67,44.20,44.57,2892100,40.53
2012-08-16,44.83,45.05,44.28,44.30,2784000,40.29
2012-08-15,45.22,45.36,44.89,44.91,2041500,40.84
2012-08-14,45.19,45.38,45.06,45.28,1701700,41.18
2012-08-13,45.25,45.33,45.06,45.19,1424000,41.10
2012-08-10,45.12,45.40,45.00,45.24,2013400,41.14
2012-08-09,45.01,45.39,44.90,45.39,2653100,41.28
2012-08-08,45.78,46.02,44.88,45.13,4573400,41.04
2012-08-07,46.54,46.92,45.77,45.78,3807000,41.63
2012-08-06,46.71,46.88,46.30,46.51,1701100,42.30
2012-08-03,46.20,46.53,45.89,46.50,1919500,42.29
2012-08-02,45.78,45.92,45.21,45.74,1469100,41.60
2012-08-01,46.33,47.03,45.91,45.94,1688300,41.78
2012-07-31,46.46,46.54,46.16,46.16,1901900,41.98
2012-07-30,46.12,46.54,45.81,46.50,1166100,42.29
2012-07-27,45.86,46.26,45.70,46.11,2560500,41.93
2012-07-26,45.31,45.75,45.27,45.67,1704500,41.53
2012-07-25,44.60,44.95,44.32,44.90,2838200,40.83
2012-07-24,44.86,45.23,44.17,44.44,1454500,40.41
2012-07-23,45.16,45.36,44.81,44.90,1109200,40.83
2012-07-20,45.27,45.62,45.18,45.48,1620800,41.36
2012-07-19,45.17,45.46,44.92,45.30,1756900,41.20
2012-07-18,44.96,45.33,44.76,45.25,1437400,41.15
2012-07-17,44.94,45.21,44.72,44.99,2083300,40.91
2012-07-16,45.30,45.31,44.76,44.81,2198000,40.75
2012-07-13,45.36,45.76,45.28,45.37,2596600,41.26
2012-07-12,45.28,45.50,45.19,45.35,1171400,41.24
2012-07-11,45.05,45.54,44.97,45.42,2319300,41.30
2012-07-10,45.08,45.28,44.90,44.93,1404700,40.86
2012-07-09,44.90,45.15,44.75,45.09,1783000,41.00
2012-07-06,44.80,45.12,44.67,45.01,2024500,40.93
2012-07-05,45.20,45.32,45.01,45.04,1167800,40.96
2012-07-03,45.29,45.64,45.13,45.24,1216800,41.14
2012-07-02,45.55,45.81,45.25,45.52,3792700,41.40
2012-06-29,45.35,45.48,44.95,45.27,2093900,41.17
2012-06-28,44.73,44.92,44.37,44.92,1690100,40.85
2012-06-27,44.61,45.28,44.50,45.19,2341400,40.68
2012-06-26,43.99,44.54,43.97,44.45,2898200,40.02
2012-06-25,43.73,44.00,43.59,43.89,5448500,39.51
2012-06-22,44.22,44.30,43.69,43.84,6385700,39.47
2012-06-21,44.81,45.07,44.01,44.04,9220900,39.65
2012-06-20,45.18,45.24,44.49,44.66,2400400,40.20
2012-06-19,45.33,45.42,45.02,45.12,1572600,40.62
2012-06-18,45.28,45.44,45.15,45.19,2197300,40.68
2012-06-15,45.33,45.55,45.16,45.28,3924100,40.76
2012-06-14,45.07,45.27,45.00,45.24,1812200,40.73
2012-06-13,44.85,45.18,44.66,45.00,1510400,40.51
2012-06-12,44.50,45.14,44.50,44.91,1701700,40.43
2012-06-11,45.24,45.56,45.04,45.06,1658000,40.56
2012-06-08,44.52,45.12,44.52,45.09,2089900,40.59
2012-06-07,44.57,44.76,44.34,44.61,3345400,40.16
2012-06-06,43.53,44.43,43.39,44.43,2027500,40.00
2012-06-05,43.71,43.71,43.29,43.38,2950900,39.05
2012-06-04,43.68,43.83,43.55,43.80,2340400,39.43
2012-06-01,43.44,43.81,43.37,43.61,2146100,39.26
2012-05-31,43.36,43.84,43.30,43.70,2487700,39.34
2012-05-30,43.64,43.92,43.40,43.40,1593700,39.07
2012-05-29,43.75,43.90,43.55,43.85,1793800,39.48
2012-05-25,44.02,44.16,43.62,43.74,1679600,39.38
2012-05-24,44.01,44.24,43.50,43.86,2645100,39.48
2012-05-23,44.05,44.38,43.77,44.05,2224700,39.66
2012-05-22,43.63,44.15,43.56,44.13,2132400,39.73
2012-05-21,43.55,43.66,43.25,43.64,1666300,39.29
2012-05-18,43.51,44.01,43.36,43.44,2486000,39.11
2012-05-17,43.91,43.96,43.43,43.55,2524900,39.21
2012-05-16,43.90,44.00,43.72,43.83,2147200,39.46
2012-05-15,43.93,44.26,43.73,43.76,2119200,39.39
2012-05-14,43.87,44.38,43.83,44.08,1667700,39.68
2012-05-11,44.15,44.51,44.11,44.18,2516800,39.77
2012-05-10,44.46,44.68,44.20,44.27,2296400,39.85
2012-05-09,44.13,44.45,44.04,44.11,2374600,39.71
2012-05-08,44.19,44.49,44.02,44.43,1853200,40.00
2012-05-07,44.30,44.46,44.13,44.31,1690900,39.89
2012-05-04,44.31,44.65,44.15,44.43,1402000,40.00
2012-05-03,44.48,44.94,44.35,44.37,3008900,39.94
2012-05-02,44.13,44.54,43.96,44.11,2326200,39.71
2012-05-01,44.22,44.33,43.99,44.19,2156500,39.78
2012-04-30,43.84,44.21,43.65,44.18,1660500,39.77
2012-04-27,43.74,43.95,43.54,43.88,1417200,39.50
2012-04-26,43.56,43.76,43.35,43.65,1196600,39.30
2012-04-25,43.59,43.65,43.27,43.54,1672300,39.20
2012-04-24,43.09,43.56,43.04,43.48,1634400,39.14
2012-04-23,42.98,43.17,42.82,43.09,1498400,38.79
2012-04-20,42.83,43.26,42.70,43.20,1685500,38.89
2012-04-19,42.88,43.04,42.56,42.79,1474900,38.52
2012-04-18,42.91,43.30,42.86,42.90,1952700,38.62
2012-04-17,43.23,43.23,42.57,43.08,2464600,38.78
2012-04-16,42.54,43.05,42.28,43.01,2303300,38.72
2012-04-13,42.59,42.80,42.23,42.26,5064000,38.04
2012-04-12,42.25,42.69,42.10,42.65,1912700,38.39
2012-04-11,42.40,42.40,42.09,42.19,2677300,37.98
2012-04-10,42.40,42.52,41.88,42.04,1940900,37.85
2012-04-09,42.51,42.71,42.47,42.55,1844300,38.30
2012-04-05,43.16,43.22,42.67,42.88,2709100,38.60
2012-04-04,43.08,43.45,42.96,43.28,2570500,38.96
2012-04-03,43.37,43.50,42.84,43.19,2895600,38.88
2012-04-02,43.43,43.70,43.22,43.49,2247800,39.15
2012-03-30,43.13,43.43,42.87,43.41,3414800,39.08
2012-03-29,42.70,43.02,42.48,42.99,1736600,38.70
2012-03-28,43.21,43.31,42.65,42.86,2571200,38.58
2012-03-27,43.65,43.96,43.60,43.72,3139900,38.95
2012-03-26,43.69,43.80,43.31,43.60,10123000,38.84
2012-03-23,43.29,43.59,43.22,43.39,9672500,38.65
2012-03-22,43.46,43.55,42.99,43.33,11245900,38.60
2012-03-21,43.62,43.80,43.37,43.62,2759200,38.86
2012-03-20,42.99,43.74,42.92,43.69,2936500,38.92
2012-03-19,43.31,43.70,43.11,43.15,2539100,38.44
2012-03-16,43.07,43.39,42.98,43.29,4668700,38.57
2012-03-15,43.34,43.42,42.83,43.25,5260800,38.53
2012-03-14,43.44,43.71,42.98,43.09,3005700,38.39
2012-03-13,43.35,43.63,43.19,43.51,2545200,38.76
2012-03-12,42.81,43.27,42.72,43.26,2560600,38.54
2012-03-09,42.30,42.85,42.10,42.84,2372400,38.16
2012-03-08,42.13,42.36,42.08,42.27,1838100,37.66
2012-03-07,41.89,42.00,41.24,42.00,2648400,37.42
2012-03-06,41.69,41.94,41.56,41.85,1835900,37.28
2012-03-05,41.81,42.04,41.74,41.95,2014800,37.37
2012-03-02,41.94,42.24,41.80,42.08,2302100,37.49
2012-03-01,41.82,42.12,41.52,41.95,2223600,37.37
2012-02-29,41.78,41.94,41.51,41.68,3160200,37.13
2012-02-28,41.72,41.90,41.55,41.67,1576500,37.12
2012-02-27,41.55,41.92,41.50,41.60,4721000,37.06
2012-02-24,41.84,41.90,41.54,41.75,1807800,37.19
2012-02-23,41.88,42.00,41.66,41.66,4375500,37.11
2012-02-22,41.90,42.27,41.87,41.91,3879100,37.34
2012-02-21,42.36,42.62,42.21,42.30,3363900,37.68
2012-02-17,42.60,42.68,41.99,42.34,3477800,37.72
2012-02-16,41.44,42.62,41.14,42.30,5594700,37.68
2012-02-15,41.52,41.68,41.34,41.45,3213000,36.93
2012-02-14,41.12,41.64,41.02,41.54,2477800,37.01
2012-02-13,41.45,41.53,41.21,41.33,2357600,36.82
2012-02-10,41.10,41.44,40.96,41.24,2402300,36.74
2012-02-09,41.68,41.69,41.08,41.27,2396600,36.77
2012-02-08,41.37,41.78,41.11,41.73,2331600,37.18
2012-02-07,41.07,41.33,40.93,41.27,1421400,36.77
2012-02-06,41.23,41.42,41.03,41.15,2306700,36.66
2012-02-03,41.27,41.44,40.99,41.41,2508000,36.89
2012-02-02,41.16,41.17,40.78,41.07,2760700,36.59
2012-02-01,40.79,41.23,40.77,41.16,2459700,36.67
2012-01-31,40.53,40.76,40.41,40.66,2636900,36.22
2012-01-30,40.72,40.78,40.20,40.40,2476900,35.99
2012-01-27,41.24,41.25,40.75,40.83,1618800,36.37
2012-01-26,41.09,41.38,40.97,41.26,1977000,36.76
2012-01-25,40.06,41.18,39.85,41.09,3127300,36.61
2012-01-24,40.44,40.50,40.01,40.16,2901300,35.78
2012-01-23,40.51,40.89,40.51,40.64,2763600,36.20
2012-01-20,40.68,40.76,39.96,40.36,6081300,35.96
2012-01-19,41.44,41.46,40.95,41.20,2575400,36.70
2012-01-18,41.58,41.80,41.31,41.44,2082600,36.92
2012-01-17,41.70,42.27,41.63,41.74,1644300,37.18
2012-01-13,41.51,41.54,40.69,41.28,3874500,36.77
2012-01-12,41.71,41.92,41.45,41.91,2579500,37.34
2012-01-11,41.10,41.76,40.96,41.65,3349900,37.10
2012-01-10,41.33,41.56,41.07,41.13,1967800,36.64
2012-01-09,41.00,41.08,40.73,41.05,1682900,36.57
2012-01-06,40.96,41.18,40.76,41.06,2709100,36.58
2012-01-05,40.92,41.09,40.40,41.05,2546600,36.57
2012-01-04,40.85,41.01,40.74,40.85,2084300,36.39
2012-01-03,41.42,41.52,40.62,40.82,3242100,36.37
2011-12-30,41.50,41.58,41.19,41.22,1649100,36.72
2011-12-29,40.98,41.47,40.95,41.45,1674300,36.93
2011-12-28,41.12,41.24,40.62,40.85,1618200,36.39
2011-12-27,41.15,41.80,41.07,41.71,1800300,36.75
2011-12-23,41.14,41.60,40.99,41.09,2231800,36.21
2011-12-22,41.26,41.29,40.86,40.95,3345200,36.08
2011-12-21,40.46,41.16,40.38,41.06,3301000,36.18
2011-12-20,39.77,40.43,39.70,40.37,3470800,35.57
2011-12-19,40.01,40.16,39.22,39.44,3590700,34.75
2011-12-16,39.77,40.25,39.60,39.98,9067200,35.23
2011-12-15,38.99,39.68,38.86,39.56,3949700,34.86
2011-12-14,38.56,39.12,38.44,38.61,4146700,34.02
2011-12-13,38.16,38.97,38.16,38.54,3642300,33.96
2011-12-12,38.16,38.23,37.85,38.10,10819500,33.57
2011-12-09,38.00,38.29,37.83,38.24,9294800,33.70
2011-12-08,38.26,38.30,37.83,37.90,9702900,33.40
2011-12-07,38.54,38.56,38.11,38.36,3401100,33.80
2011-12-06,38.71,38.92,38.49,38.61,2392400,34.02
2011-12-05,38.41,38.74,38.37,38.60,2812200,34.01
