Date,Open,High,Low,Close,Volume,Adj Close
2014-11-18,18.37,18.47,18.26,18.28,9000,18.28
2014-11-17,18.35,18.43,18.20,18.42,6500,18.42
2014-11-14,18.39,18.47,18.20,18.25,7700,18.25
2014-11-13,18.47,18.47,18.16,18.25,7500,18.25
2014-11-12,18.49,18.69,18.39,18.48,9000,18.48
2014-11-11,18.49,18.49,18.18,18.39,5800,18.39
2014-11-10,18.71,18.71,18.19,18.49,12300,18.49
2014-11-07,18.69,19.00,18.65,18.81,9200,18.81
2014-11-06,18.56,18.63,18.17,18.60,4400,18.60
2014-11-05,18.65,18.65,18.10,18.48,5400,18.48
2014-11-04,18.12,18.77,17.89,18.70,14600,18.70
2014-11-03,18.55,18.58,18.03,18.23,7400,18.23
2014-10-31,18.50,18.82,18.20,18.53,18600,18.53
2014-10-30,18.78,18.78,18.20,18.46,7700,18.46
2014-10-29,18.50,18.71,18.17,18.44,12400,18.44
2014-10-28,18.54,18.54,18.35,18.53,4800,18.53
2014-10-27,18.15,18.65,18.15,18.50,1600,18.50
2014-10-24,18.93,18.93,18.36,18.69,6400,18.69
2014-10-23,18.23,18.87,18.23,18.72,12200,18.72
2014-10-22,18.34,18.67,18.25,18.63,12700,18.63
2014-10-21,18.64,18.64,18.24,18.48,9000,18.48
2014-10-20,17.99,18.49,17.85,18.46,9800,18.46
2014-10-17,18.20,18.30,17.92,18.27,6500,18.27
2014-10-16,17.45,18.39,17.45,17.80,16300,17.80
2014-10-15,17.71,18.18,17.61,18.05,7300,18.05
2014-10-14,17.38,17.98,17.38,17.95,11900,17.95
2014-10-13,18.03,18.23,17.29,17.95,21900,17.95
2014-10-10,17.87,18.10,17.79,18.02,20300,18.02
2014-10-09,18.25,18.36,17.90,18.03,31100,18.03
2014-10-08,19.04,19.19,18.14,18.59,34600,18.59
2014-10-07,19.67,19.67,18.95,19.14,15800,19.14
2014-10-06,19.62,19.62,19.08,19.29,11400,19.29
2014-10-03,19.40,19.66,19.34,19.64,14300,19.64
2014-10-02,18.79,19.45,18.76,19.24,24600,19.24
2014-10-01,19.45,19.63,18.92,18.96,24900,18.96
2014-09-30,19.63,19.67,19.51,19.60,8500,19.60
2014-09-29,19.53,19.68,19.52,19.52,9600,19.52
2014-09-26,19.95,19.98,19.53,19.73,27500,19.73
2014-09-25,20.39,20.45,19.85,19.97,17700,19.97
2014-09-24,20.75,20.75,20.18,20.33,12500,20.33
2014-09-23,20.50,20.88,20.23,20.52,9600,20.52
2014-09-22,20.83,20.89,20.54,20.54,8500,20.54
2014-09-19,21.00,21.15,20.71,20.72,13000,20.72
2014-09-18,21.06,21.20,20.75,21.18,25000,21.18
2014-09-17,20.93,21.24,20.91,21.05,3400,21.05
2014-09-16,21.13,21.17,20.75,21.11,11200,21.11
2014-09-15,21.19,21.23,20.68,21.10,13400,21.10
2014-09-12,21.07,21.29,21.07,21.22,8300,21.22
2014-09-11,21.02,21.31,20.96,21.31,12800,21.31
2014-09-10,21.00,21.33,21.00,21.17,13000,21.17
2014-09-09,21.45,21.61,20.89,21.33,27300,21.33
2014-09-08,21.31,21.50,21.31,21.47,11700,21.47
2014-09-05,21.25,21.50,21.21,21.35,14400,21.35
2014-09-04,21.01,21.49,21.00,21.20,21200,21.20
2014-09-03,20.96,21.13,20.45,21.13,23000,21.13
2014-09-02,21.03,21.15,20.91,21.15,11800,21.15
2014-08-29,20.90,21.12,20.79,20.90,9000,20.90
2014-08-28,21.05,21.10,20.77,20.95,20200,20.95
2014-08-27,21.11,21.15,20.30,21.10,28900,21.10
2014-08-26,21.94,21.94,21.70,21.80,28600,20.85
2014-08-25,21.50,21.88,21.49,21.88,25700,20.92
2014-08-22,21.29,21.49,21.20,21.43,12800,20.49
2014-08-21,21.24,21.47,21.10,21.29,8000,20.36
2014-08-20,21.38,21.45,21.02,21.26,16600,20.33
2014-08-19,20.99,21.25,20.86,21.25,11400,20.32
2014-08-18,20.89,21.02,20.80,20.95,10700,20.03
2014-08-15,20.83,20.89,20.53,20.75,17600,19.84
2014-08-14,20.03,20.59,20.01,20.54,15500,19.64
2014-08-13,20.08,20.21,19.80,20.00,17200,19.13
2014-08-12,20.03,20.24,20.03,20.20,5300,19.32
2014-08-11,20.01,20.30,19.93,20.30,1700,19.41
2014-08-08,19.99,20.18,19.81,20.17,10200,19.29
2014-08-07,19.84,20.12,19.67,19.86,15800,18.99
2014-08-06,19.91,20.00,19.85,19.97,3000,19.10
2014-08-05,19.76,20.04,19.76,20.04,900,19.16
2014-08-04,19.90,20.08,19.90,20.05,2200,19.17
2014-08-01,19.86,20.10,19.86,19.95,7200,19.08
2014-07-31,20.10,20.20,19.90,19.92,4400,19.05
2014-07-30,20.17,20.19,19.86,19.99,2300,19.12
2014-07-29,20.15,20.20,19.80,20.17,4900,19.29
2014-07-28,19.83,20.20,19.83,20.06,5400,19.18
2014-07-25,19.78,19.98,19.78,19.98,8600,19.11
2014-07-24,19.98,19.98,19.75,19.86,9800,18.99
2014-07-23,19.81,20.00,19.81,19.85,4900,18.98
2014-07-22,20.00,20.09,19.80,19.81,5200,18.94
2014-07-21,19.78,19.99,19.78,19.87,4000,19.00
2014-07-18,19.84,19.86,19.80,19.84,1700,18.97
2014-07-17,19.79,19.90,19.65,19.82,4100,18.95
2014-07-16,19.73,20.17,19.60,19.80,4300,18.93
2014-07-15,19.90,19.95,19.52,19.77,19000,18.91
2014-07-14,20.14,20.14,19.88,19.97,8700,19.10
2014-07-11,20.00,20.23,19.87,20.21,9300,19.33
2014-07-10,20.24,20.24,20.24,20.24,300,19.36
2014-07-09,19.61,20.15,19.61,20.09,6900,19.21
2014-07-08,19.88,20.00,19.58,19.95,13000,19.08
2014-07-07,19.30,20.05,19.30,19.91,9400,19.04
2014-07-03,19.81,20.10,19.81,20.10,700,19.22
2014-07-02,19.91,20.41,19.91,20.10,12400,19.22
2014-07-01,19.97,20.00,19.80,20.00,1700,19.13
2014-06-30,19.86,20.00,19.76,20.00,6300,19.13
2014-06-27,19.76,19.79,19.73,19.78,1100,18.92
2014-06-26,19.73,20.00,19.69,19.81,3100,18.94
2014-06-25,20.00,20.00,19.82,19.85,5500,18.98
2014-06-24,19.71,20.00,19.71,19.80,10300,18.93
2014-06-23,20.08,20.08,19.80,19.82,8100,18.95
2014-06-20,20.70,20.70,19.91,19.95,23300,19.08
2014-06-19,19.44,20.88,19.14,20.25,69100,19.36
2014-06-18,19.16,19.48,19.05,19.45,6900,18.60
2014-06-17,19.20,19.20,18.94,19.14,5300,18.30
2014-06-16,19.20,19.20,19.17,19.17,1700,18.33
2014-06-13,18.91,19.19,18.91,19.15,7100,18.31
2014-06-12,18.85,19.19,18.85,19.19,25500,18.35
2014-06-11,19.01,19.01,18.84,18.99,4300,18.16
2014-06-10,18.87,19.09,18.84,19.05,4700,18.22
2014-06-09,18.88,19.49,18.80,19.05,6800,18.22
2014-06-06,18.67,19.09,18.67,19.09,1700,18.26
2014-06-05,18.87,19.00,18.70,18.90,7100,18.07
2014-06-04,18.63,19.09,18.60,19.06,16300,18.23
2014-06-03,18.95,19.16,18.95,19.16,600,18.32
2014-06-02,19.09,19.09,18.90,19.08,7700,18.25
2014-05-30,18.90,19.13,18.90,19.08,8200,18.25
2014-05-29,18.96,19.18,18.85,19.18,14500,18.34
2014-05-28,19.01,19.17,18.75,19.09,17200,18.26
2014-05-27,18.99,19.14,18.85,19.14,12500,18.30
2014-05-23,19.00,19.00,18.85,19.00,5900,18.17
2014-05-22,18.87,19.09,18.83,19.09,3500,18.26
2014-05-21,18.59,19.00,18.59,19.00,17300,18.17
2014-05-20,18.69,18.78,18.40,18.59,11400,17.78
2014-05-19,18.94,19.17,18.70,18.90,13000,18.07
2014-05-16,18.91,19.18,18.66,18.91,73200,18.08
2014-05-15,17.89,17.89,17.54,17.67,14100,16.90
2014-05-14,17.99,17.99,17.75,17.90,4500,17.12
2014-05-13,17.89,17.99,17.77,17.95,7900,17.17
2014-05-12,17.82,17.93,17.72,17.89,11500,17.11
2014-05-09,17.75,17.94,17.51,17.82,3900,17.04
2014-05-08,17.50,18.00,17.50,17.89,15000,17.11
2014-05-07,17.78,17.78,17.50,17.74,4800,16.96
2014-05-06,17.60,17.61,17.27,17.48,7600,16.72
2014-05-05,17.56,17.83,17.56,17.81,8100,17.03
2014-05-02,17.88,17.89,17.51,17.84,13100,17.06
2014-05-01,17.54,17.90,17.54,17.83,2400,17.05
2014-04-30,18.11,18.11,17.67,17.87,5200,17.09
2014-04-29,17.77,17.98,17.61,17.94,22500,17.16
2014-04-28,17.69,17.90,17.48,17.87,7600,17.09
2014-04-25,17.49,17.64,17.25,17.58,7100,16.81
2014-04-24,17.75,17.75,17.44,17.70,4100,16.93
2014-04-23,17.41,17.85,17.41,17.80,18800,17.02
2014-04-22,17.54,17.74,17.54,17.74,9600,16.96
2014-04-21,17.37,17.68,17.21,17.56,4800,16.79
2014-04-17,17.30,17.42,17.19,17.31,1300,16.55
2014-04-16,17.19,17.45,17.03,17.45,6700,16.69
2014-04-15,17.20,17.30,17.03,17.21,10600,16.46
2014-04-14,17.19,17.39,17.17,17.37,3900,16.61
2014-04-11,17.63,17.63,17.08,17.31,15300,16.55
2014-04-10,17.83,17.97,17.75,17.75,13300,16.97
2014-04-09,17.90,17.99,17.90,17.99,3400,17.20
2014-04-08,18.15,18.15,17.90,18.07,6300,17.28
2014-04-07,18.01,18.18,17.78,18.16,6000,17.37
2014-04-04,18.01,18.38,18.00,18.19,10900,17.39
2014-04-03,18.01,18.36,18.01,18.10,4100,17.31
2014-04-02,17.99,18.35,17.83,18.32,8100,17.52
2014-04-01,17.70,18.08,17.70,17.97,16800,17.18
2014-03-31,18.21,18.21,17.81,17.97,7300,17.18
2014-03-28,18.30,18.52,17.88,18.08,11400,17.29
2014-03-27,18.38,18.55,18.38,18.40,11200,17.60
2014-03-26,18.37,18.44,18.20,18.22,6600,17.42
2014-03-25,18.35,18.40,18.17,18.25,7600,17.45
2014-03-24,18.34,18.35,18.10,18.31,7600,17.51
2014-03-21,18.02,18.35,18.02,18.33,16400,17.53
2014-03-20,17.72,18.15,17.71,18.10,12600,17.31
2014-03-19,18.02,18.33,17.60,17.95,16600,17.17
2014-03-18,18.17,18.24,17.72,18.15,9700,17.36
2014-03-17,18.07,18.35,17.83,18.14,23500,17.35
2014-03-14,18.11,18.24,17.65,18.24,22700,17.44
2014-03-13,17.72,18.17,17.56,18.17,25200,17.38
2014-03-12,17.32,17.88,17.30,17.81,33200,17.03
2014-03-11,17.20,17.43,17.12,17.32,98000,16.56
2014-03-10,16.90,17.05,16.43,16.89,11100,16.15
2014-03-07,16.78,17.08,16.67,17.06,30700,16.31
2014-03-06,16.93,16.93,15.85,16.80,23000,16.07
2014-03-05,16.80,16.84,16.50,16.83,38000,16.09
2014-03-04,16.31,16.90,16.21,16.74,77200,16.01
2014-03-03,16.00,16.09,15.70,16.09,21300,15.39
2014-02-28,15.75,16.25,15.75,16.09,33400,15.39
2014-02-27,15.25,16.05,15.25,15.89,39200,15.20
2014-02-26,14.43,14.69,14.08,14.25,14700,13.63
2014-02-25,14.99,15.35,14.80,15.34,9700,13.76
2014-02-24,15.15,15.20,15.00,15.00,10000,13.45
2014-02-21,15.41,15.44,15.01,15.25,15100,13.68
2014-02-20,15.47,15.79,15.35,15.45,22300,13.86
2014-02-19,15.35,16.05,15.35,15.57,12200,13.96
2014-02-18,15.21,15.68,15.21,15.32,5600,13.74
2014-02-14,15.21,15.42,15.18,15.36,7300,13.78
2014-02-13,15.28,15.51,15.07,15.43,20300,13.84
2014-02-12,14.97,15.67,14.97,15.44,8900,13.85
2014-02-11,15.00,15.50,14.90,15.05,9300,13.50
2014-02-10,15.09,15.09,14.67,14.90,14100,13.36
2014-02-07,15.00,15.30,14.86,15.01,9700,13.46
2014-02-06,14.67,15.00,14.67,14.89,25600,13.35
2014-02-05,14.50,14.89,14.50,14.67,28500,13.16
2014-02-04,15.90,16.11,14.29,14.50,95000,13.00
2014-02-03,15.82,15.85,15.71,15.78,4800,14.15
2014-01-31,15.80,16.00,15.76,15.84,11000,14.21
2014-01-30,16.33,16.54,15.85,16.00,18200,14.35
2014-01-29,16.32,16.70,16.30,16.50,7500,14.80
2014-01-28,16.32,16.37,16.29,16.34,11800,14.65
2014-01-27,16.35,16.47,16.35,16.43,7100,14.74
2014-01-24,16.51,16.63,16.25,16.32,18800,14.64
2014-01-23,16.54,16.65,16.26,16.50,9400,14.80
2014-01-22,16.42,16.78,16.26,16.60,6800,14.89
2014-01-21,16.52,16.65,16.41,16.45,15000,14.75
2014-01-17,17.13,17.13,16.53,16.55,21000,14.84
2014-01-16,16.89,16.93,16.60,16.77,13800,15.04
2014-01-15,16.78,17.14,16.77,17.00,26300,15.25
2014-01-14,17.19,17.19,16.87,17.00,3900,15.25
2014-01-13,17.00,17.01,16.75,16.80,26300,15.07
2014-01-10,17.08,17.18,17.04,17.18,21200,15.41
2014-01-09,17.01,17.20,16.91,17.08,14200,15.32
2014-01-08,17.34,17.34,17.00,17.00,26800,15.25
2014-01-07,17.10,17.68,16.92,17.25,14000,15.47
2014-01-06,17.18,17.85,16.95,17.10,7200,15.34
2014-01-03,17.06,17.38,17.06,17.27,1700,15.49
2014-01-02,16.94,17.20,16.94,17.01,5900,15.26
2013-12-31,16.85,17.10,16.80,17.10,19900,15.34
2013-12-30,16.90,17.40,16.73,17.15,19800,15.38
2013-12-27,17.17,17.37,16.60,16.84,30200,15.10
2013-12-26,17.02,17.39,17.02,17.10,17500,15.34
2013-12-24,17.22,17.22,17.08,17.10,2800,15.34
2013-12-23,17.25,17.50,17.00,17.13,18300,15.36
2013-12-20,17.60,17.60,17.01,17.27,14500,15.49
2013-12-19,16.98,17.71,16.98,17.10,16100,15.34
2013-12-18,16.95,17.25,16.95,17.15,13500,15.38
2013-12-17,17.12,17.30,16.91,17.02,25000,15.26
2013-12-16,17.20,17.30,16.76,17.30,31500,15.52
2013-12-13,17.10,17.30,17.05,17.20,13300,15.43
2013-12-12,17.16,17.58,17.05,17.08,12100,15.32
2013-12-11,17.39,17.54,17.06,17.30,8100,15.52
2013-12-10,16.96,17.59,16.93,17.36,41000,15.57
2013-12-09,17.13,17.47,16.99,17.30,22200,15.52
2013-12-06,16.91,17.40,16.75,16.98,21400,15.23
2013-12-05,17.82,17.82,17.12,17.20,22000,15.43
2013-12-04,17.94,18.18,17.60,17.96,16100,16.11
2013-12-03,18.38,18.66,17.74,18.08,17200,16.22
2013-12-02,18.38,18.75,18.25,18.51,20600,16.60
2013-11-29,18.26,18.92,18.26,18.85,10000,16.91
2013-11-27,18.31,18.84,18.31,18.65,17400,16.73
2013-11-26,18.52,18.92,18.18,18.18,11100,16.31
2013-11-25,18.24,18.92,18.12,18.53,24800,16.62
2013-11-22,18.27,18.59,18.24,18.25,15700,16.37
2013-11-21,18.54,18.90,18.26,18.37,6700,16.48
2013-11-20,18.90,19.10,18.54,18.79,30000,16.85
2013-11-19,18.96,19.38,18.26,18.37,43100,16.48
2013-11-18,18.95,19.10,18.65,18.65,19800,16.73
2013-11-15,18.75,19.18,18.51,18.75,31100,16.82
2013-11-14,18.45,18.75,18.32,18.32,7200,16.43
2013-11-13,17.75,18.76,17.65,18.56,53200,16.65
2013-11-12,17.46,17.80,17.43,17.75,34900,15.92
2013-11-11,17.40,17.74,17.30,17.64,15000,15.82
2013-11-08,17.32,17.95,17.11,17.25,15800,15.47
2013-11-07,17.73,17.76,17.30,17.60,20300,15.79
2013-11-06,17.46,17.46,16.74,17.30,25500,15.52
2013-11-05,17.30,17.49,17.07,17.19,16000,15.42
2013-11-04,17.20,17.82,16.82,17.30,27300,15.52
2013-11-01,16.01,17.19,16.00,17.13,13600,15.36
2013-10-31,16.10,16.60,16.10,16.53,46800,14.83
2013-10-30,15.66,16.15,15.65,15.90,25300,14.26
2013-10-29,15.78,15.98,15.59,15.60,22900,13.99
2013-10-28,15.18,15.75,15.18,15.70,13200,14.08
2013-10-25,15.07,15.59,15.03,15.32,73200,13.74
2013-10-24,15.16,15.54,14.92,15.10,39200,13.54
2013-10-23,14.68,15.35,14.40,15.20,44600,13.63
2013-10-22,14.40,14.90,14.40,14.54,41500,13.04
2013-10-21,14.91,14.91,14.31,14.46,58100,12.97
2013-10-18,15.12,15.17,14.86,14.95,9500,13.41
2013-10-17,14.99,15.19,14.95,14.95,11400,13.41
2013-10-16,14.93,15.19,14.93,15.05,19000,13.50
2013-10-15,15.42,15.42,14.76,14.87,27500,13.34
2013-10-14,15.30,15.65,15.24,15.49,14400,13.89
2013-10-11,15.58,15.71,15.17,15.52,9800,13.92
2013-10-10,15.52,15.74,15.40,15.73,13400,14.11
2013-10-09,15.61,15.74,15.35,15.40,23900,13.81
2013-10-08,15.26,15.74,15.21,15.60,31700,13.99
2013-10-07,15.15,15.34,14.90,15.11,28200,13.55
2013-10-04,15.75,15.80,14.99,15.13,65700,13.57
2013-10-03,16.20,16.20,15.75,15.77,14900,14.14
2013-10-02,15.88,16.25,15.75,16.24,13300,14.57
2013-10-01,15.57,16.14,15.57,15.98,18100,14.33
2013-09-30,15.75,16.18,15.25,15.91,22500,14.27
2013-09-27,15.60,17.00,15.55,15.76,96000,14.13
2013-09-26,15.05,15.78,14.50,15.58,153700,13.97
2013-09-25,16.72,16.78,15.14,15.55,144400,13.95
2013-09-24,17.17,17.17,16.77,16.80,6000,15.07
2013-09-23,17.38,17.38,16.96,17.10,12300,15.34
2013-09-20,17.35,17.50,17.16,17.38,3500,15.59
2013-09-19,17.13,17.29,17.11,17.27,13900,15.49
2013-09-18,17.02,17.29,17.02,17.29,5600,15.51
2013-09-17,17.25,17.25,16.94,17.09,31700,15.33
2013-09-16,17.50,17.50,17.11,17.33,17900,15.54
2013-09-13,17.60,17.70,17.09,17.37,26800,15.58
2013-09-12,17.61,17.87,17.43,17.69,15300,15.87
2013-09-11,17.35,17.85,17.35,17.78,10400,15.95
2013-09-10,17.84,17.84,17.01,17.64,21300,15.82
2013-09-09,18.08,18.14,17.87,17.94,7300,16.09
2013-09-06,18.00,18.00,17.68,17.87,9500,16.03
2013-09-05,17.51,17.98,17.51,17.87,31300,16.03
2013-09-04,16.89,17.80,16.85,17.51,28400,15.70
2013-09-03,16.73,17.00,16.70,16.99,14800,15.24
2013-08-30,16.70,16.99,16.39,16.80,37100,15.07
2013-08-29,17.11,17.11,16.76,16.99,23000,15.24
2013-08-28,17.54,17.55,17.00,17.15,23700,15.38
2013-08-27,18.48,18.64,18.06,18.40,15700,15.65
2013-08-26,18.55,18.70,18.30,18.52,6500,15.75
2013-08-23,18.16,18.62,18.00,18.54,11400,15.77
2013-08-22,18.41,18.41,17.87,18.23,12400,15.50
2013-08-21,18.12,18.50,18.11,18.40,12000,15.65
2013-08-20,17.75,18.02,17.75,17.90,20400,15.22
2013-08-19,17.96,18.00,17.34,17.46,22100,14.85
2013-08-16,17.75,18.02,17.65,18.01,7200,15.32
2013-08-15,17.42,18.01,17.40,17.86,11900,15.19
2013-08-14,17.99,17.99,17.33,17.68,10400,15.04
2013-08-13,17.77,18.42,17.63,17.80,10700,15.14
2013-08-12,17.52,17.78,17.20,17.68,26100,15.04
2013-08-09,17.85,17.93,17.52,17.53,12800,14.91
2013-08-08,17.34,17.90,17.30,17.85,6800,15.18
2013-08-07,17.57,17.67,17.20,17.47,8300,14.86
2013-08-06,17.59,17.80,17.07,17.73,37500,15.08
2013-08-05,17.90,18.08,17.55,17.58,24000,14.95
2013-08-02,17.98,18.10,17.65,18.08,13300,15.38
2013-08-01,17.96,19.20,17.60,17.85,45600,15.18
2013-07-31,19.51,19.77,17.63,17.80,29700,15.14
2013-07-30,19.55,19.97,19.55,19.66,6100,16.72
2013-07-29,19.70,19.99,19.52,19.52,4500,16.60
2013-07-26,19.79,20.04,19.79,20.04,4300,17.04
2013-07-25,19.89,20.13,19.64,20.06,4200,17.06
2013-07-24,19.80,20.04,19.80,20.00,2300,17.01
2013-07-23,20.24,20.31,20.00,20.16,3900,17.14
2013-07-22,19.88,20.68,19.80,20.00,15300,17.01
2013-07-19,19.69,19.95,19.69,19.87,6000,16.90
2013-07-18,19.70,19.96,19.44,19.90,6000,16.92
2013-07-17,19.63,19.91,19.50,19.50,6000,16.58
2013-07-16,19.61,20.01,19.61,19.65,5500,16.71
2013-07-15,19.61,19.98,19.61,19.76,9200,16.80
2013-07-12,19.70,19.89,19.21,19.77,7000,16.81
2013-07-11,19.70,19.93,19.64,19.68,4200,16.74
2013-07-10,19.40,19.74,19.04,19.51,6800,16.59
2013-07-09,18.91,19.73,18.91,19.39,2100,16.49
2013-07-08,18.96,19.49,18.96,19.45,5100,16.54
2013-07-05,19.08,19.08,18.82,18.95,4500,16.12
2013-07-03,19.37,19.37,19.25,19.25,700,16.37
2013-07-02,19.10,19.40,19.00,19.07,10000,16.22
2013-07-01,19.50,19.59,19.10,19.16,16100,16.29
2013-06-28,19.13,19.63,19.06,19.61,13800,16.68
2013-06-27,19.55,19.86,18.82,19.41,19300,16.51
2013-06-26,19.38,20.20,19.35,19.74,1700,16.79
2013-06-25,19.97,20.00,19.35,19.75,7500,16.80
2013-06-24,19.56,19.63,19.12,19.17,7300,16.30
2013-06-21,19.79,20.06,19.13,20.03,5800,17.03
2013-06-20,19.27,19.50,19.21,19.46,5800,16.55
2013-06-19,20.29,20.29,19.62,19.70,7800,16.75
2013-06-18,20.19,20.99,19.44,20.11,10900,17.10
2013-06-17,19.74,20.20,19.36,20.00,7400,17.01
2013-06-14,19.83,20.10,19.11,19.63,11000,16.69
2013-06-13,19.72,19.72,19.52,19.72,6400,16.77
2013-06-12,20.56,20.87,19.52,19.57,31600,16.64
2013-06-11,21.00,21.00,20.52,20.73,9900,17.63
2013-06-10,20.96,21.21,20.96,21.11,5800,17.95
2013-06-07,21.18,21.18,20.91,21.15,3900,17.99
2013-06-06,20.95,21.10,20.73,20.92,6800,17.79
2013-06-05,21.15,21.30,20.84,21.03,9200,17.88
2013-06-04,20.99,21.40,20.98,21.21,14700,18.04
2013-06-03,21.35,21.58,20.89,20.93,5800,17.80
2013-05-31,21.45,21.64,21.35,21.44,6800,18.23
2013-05-30,21.90,21.90,21.00,21.36,10700,18.17
2013-05-29,21.09,21.63,21.07,21.45,15700,18.24
2013-05-28,21.99,22.00,21.12,21.12,15000,17.96
2013-05-24,21.58,21.70,21.40,21.54,12500,18.32
2013-05-23,21.13,21.59,21.08,21.49,16300,18.28
2013-05-22,21.35,21.70,21.20,21.21,12800,18.04
2013-05-21,20.99,21.69,20.99,21.30,26900,18.11
2013-05-20,20.62,21.08,20.62,21.08,16200,17.93
2013-05-17,20.95,21.17,20.55,20.68,40800,17.59
2013-05-16,21.11,21.45,21.04,21.06,16300,17.91
2013-05-15,20.76,21.05,20.76,21.03,19100,17.88
2013-05-14,20.86,21.10,20.66,20.82,14500,17.71
2013-05-13,20.75,21.08,20.71,20.95,23400,17.82
2013-05-10,20.53,20.68,20.35,20.59,7800,17.51
2013-05-09,20.82,20.82,20.52,20.52,10500,17.45
2013-05-08,20.53,21.16,20.45,20.64,28200,17.55
2013-05-07,20.60,20.60,20.08,20.44,20900,17.38
2013-05-06,20.00,20.59,20.00,20.58,36700,17.50
2013-05-03,20.19,20.31,19.91,19.95,18000,16.97
2013-05-02,20.00,20.19,19.77,20.07,15400,17.07
2013-05-01,20.28,20.28,19.62,20.15,32600,17.14
2013-04-30,20.12,20.70,19.82,20.32,37200,17.28
2013-04-29,19.87,20.45,19.62,20.12,77500,17.11
2013-04-26,18.25,19.65,18.25,19.60,124000,16.67
2013-04-25,17.59,18.20,17.59,17.76,29200,15.10
2013-04-24,17.90,17.93,17.50,17.70,22300,15.05
2013-04-23,18.02,18.18,17.85,17.85,16700,15.18
2013-04-22,17.87,18.18,17.70,18.12,24700,15.41
2013-04-19,17.81,18.23,17.75,17.75,11600,15.10
2013-04-18,17.70,18.29,17.70,17.94,23400,15.26
2013-04-17,17.50,17.70,17.45,17.60,14000,14.97
2013-04-16,17.50,17.87,17.35,17.50,52100,14.88
2013-04-15,17.72,18.14,17.28,17.41,23300,14.81
2013-04-12,17.20,18.25,17.07,17.67,80500,15.03
2013-04-11,16.98,17.33,16.92,17.19,35600,14.62
2013-04-10,16.90,17.34,16.76,17.03,30700,14.48
2013-04-09,17.45,17.48,16.78,16.83,40700,14.31
2013-04-08,17.84,17.84,17.51,17.75,8200,15.10
2013-04-05,17.18,17.67,17.13,17.64,12100,15.00
2013-04-04,17.10,17.31,17.01,17.12,6300,14.56
2013-04-03,16.95,17.24,16.82,17.10,13300,14.54
2013-04-02,16.74,17.05,16.70,16.95,34500,14.41
2013-04-01,17.16,17.44,16.94,17.31,14700,14.72
2013-03-28,17.54,17.60,17.10,17.12,20600,14.56
2013-03-27,17.41,17.92,17.34,17.60,11200,14.97
2013-03-26,17.81,17.96,17.40,17.40,12500,14.80
2013-03-25,18.43,18.43,17.56,17.72,17100,15.07
2013-03-22,17.87,18.56,17.73,18.25,12500,15.52
2013-03-21,18.30,18.30,17.75,17.75,10600,15.10
2013-03-20,18.30,18.51,18.02,18.30,18700,15.56
2013-03-19,18.00,18.67,17.85,18.46,32700,15.70
2013-03-18,16.64,18.35,16.64,17.87,46400,15.20
2013-03-15,16.75,17.00,16.61,16.85,18800,14.33
2013-03-14,16.65,16.99,16.65,16.72,37700,14.22
2013-03-13,16.84,17.10,16.60,16.80,57400,14.29
2013-03-12,16.74,17.12,16.54,16.94,49500,14.41
2013-03-11,17.38,17.38,16.75,16.85,39600,14.33
2013-03-08,17.52,17.86,17.37,17.37,19600,14.77
2013-03-07,17.26,17.78,17.20,17.31,38400,14.72
2013-03-06,17.25,17.35,17.13,17.26,44800,14.68
2013-03-05,18.50,18.81,17.09,17.37,71000,14.77
2013-03-04,19.59,19.59,18.56,18.56,27600,15.78
2013-03-01,19.34,19.85,19.16,19.75,20100,16.80
2013-02-28,20.19,20.19,18.63,19.49,73000,16.57
2013-02-27,21.37,21.69,20.81,21.27,15900,18.09
2013-02-26,22.23,22.23,21.36,21.37,11800,18.17
2013-02-25,22.87,22.88,22.34,22.34,18600,18.19
2013-02-22,22.70,23.00,22.70,22.80,15400,18.56
2013-02-21,22.50,22.74,22.26,22.70,12100,18.48
2013-02-20,22.32,22.77,22.32,22.56,13900,18.37
2013-02-19,22.71,22.88,22.42,22.80,10200,18.56
2013-02-15,22.57,22.74,22.44,22.55,4700,18.36
2013-02-14,22.50,22.75,22.30,22.41,9300,18.24
2013-02-13,22.30,22.47,22.03,22.35,9500,18.20
2013-02-12,22.30,22.43,22.11,22.30,14100,18.16
2013-02-11,22.26,22.38,22.24,22.35,15400,18.20
2013-02-08,22.42,22.43,22.26,22.38,15700,18.22
2013-02-07,22.21,22.43,22.21,22.43,10500,18.26
2013-02-06,22.61,22.84,22.25,22.29,23500,18.15
2013-02-05,22.60,22.91,22.49,22.88,17000,18.63
2013-02-04,22.86,22.99,22.62,22.91,11500,18.65
2013-02-01,22.75,22.87,22.59,22.61,10400,18.41
2013-01-31,22.93,23.00,22.66,23.00,15400,18.73
2013-01-30,22.89,22.95,22.56,22.93,6600,18.67
2013-01-29,22.36,22.96,22.36,22.89,15700,18.64
2013-01-28,22.40,22.72,22.16,22.58,13900,18.38
2013-01-25,22.50,22.73,22.13,22.13,5800,18.02
2013-01-24,22.43,22.47,22.10,22.10,15500,17.99
2013-01-23,22.36,22.79,22.16,22.56,3600,18.37
2013-01-22,22.48,22.91,22.05,22.42,15900,18.25
2013-01-18,22.17,22.70,22.07,22.08,34100,17.98
2013-01-17,21.83,22.17,21.50,22.13,22400,18.02
2013-01-16,21.87,22.15,21.62,21.99,20800,17.90
2013-01-15,21.25,21.85,21.01,21.83,29300,17.77
2013-01-14,21.00,21.66,20.46,21.48,25300,17.49
2013-01-11,22.12,22.24,20.79,21.47,47800,17.48
2013-01-10,22.20,22.89,22.10,22.78,26300,18.55
2013-01-09,22.17,22.17,21.32,22.15,24500,18.03
2013-01-08,21.39,21.98,21.34,21.82,34700,17.76
2013-01-07,21.05,21.33,20.52,21.24,17500,17.29
2013-01-04,20.68,21.34,20.42,20.92,45300,17.03
2013-01-03,20.15,20.67,20.10,20.54,29300,16.72
2013-01-02,20.44,20.44,20.02,20.36,14700,16.58
2012-12-31,19.50,20.00,19.50,19.93,13400,16.23
2012-12-28,19.93,20.17,19.51,19.89,18200,16.19
2012-12-27,20.20,20.21,19.81,20.19,21400,16.44
2012-12-26,20.27,20.36,19.90,20.02,28000,16.30
2012-12-24,20.46,20.51,20.03,20.45,22900,16.65
2012-12-21,20.41,20.61,20.26,20.26,11100,16.49
2012-12-20,20.75,20.75,20.23,20.68,10200,16.84
2012-12-19,20.35,20.77,20.31,20.64,17900,16.80
2012-12-18,20.36,20.80,20.30,20.70,9900,16.85
2012-12-17,20.91,20.92,20.31,20.37,14800,16.58
2012-12-14,20.33,20.99,20.27,20.88,21200,17.00
2012-12-13,20.43,20.74,20.25,20.63,23500,16.80
2012-12-12,19.78,20.50,19.78,20.07,17600,16.34
2012-12-11,19.78,20.25,19.78,19.91,28300,16.21
2012-12-10,19.72,19.96,19.40,19.64,15900,15.99
2012-12-07,19.98,19.98,19.34,19.56,18900,15.92
2012-12-06,19.55,20.19,19.55,19.73,22900,16.06
2012-12-05,20.15,20.15,19.58,19.87,13600,16.18
2012-12-04,19.52,20.24,19.22,20.20,16300,16.45
2012-12-03,19.92,20.00,19.51,19.72,27400,16.05
2012-11-30,20.33,20.48,19.97,20.29,17300,16.52
2012-11-29,20.65,20.85,19.73,20.49,19200,16.68
2012-11-28,20.05,21.15,20.05,20.78,38600,16.92
2012-11-27,19.74,20.67,19.60,20.43,48600,16.63
2012-11-26,19.35,20.15,19.20,19.99,48600,16.27
2012-11-23,20.25,20.29,19.48,19.98,14100,16.27
2012-11-21,20.88,21.12,20.00,20.34,31900,16.56
2012-11-20,21.01,21.20,20.22,21.10,36000,17.18
2012-11-19,20.00,21.25,19.87,20.90,53600,17.02
2012-11-16,18.25,19.22,18.25,19.20,40800,15.63
2012-11-15,18.15,18.25,17.27,18.25,80700,14.86
2012-11-14,20.01,20.13,18.13,18.35,65300,14.94
2012-11-13,20.29,20.75,20.00,20.19,78000,16.44
2012-11-12,22.58,22.59,19.70,20.36,68000,16.58
2012-11-09,24.22,24.48,22.04,22.62,83900,18.42
2012-11-08,24.87,24.87,24.59,24.70,9700,20.11
2012-11-07,24.68,24.89,24.55,24.79,4800,20.18
2012-11-06,24.88,24.90,24.63,24.76,3600,20.16
2012-11-05,24.88,24.90,24.60,24.90,3300,20.27
2012-11-02,24.72,24.98,24.71,24.89,17200,20.26
2012-11-01,24.79,24.79,24.46,24.50,3600,19.95
2012-10-31,24.64,24.65,24.49,24.65,6000,20.07
2012-10-26,24.55,24.63,24.46,24.61,2700,20.04
2012-10-25,24.49,24.65,24.49,24.65,3300,20.07
2012-10-24,24.64,24.64,24.44,24.48,4400,19.93
2012-10-23,24.44,24.65,24.41,24.65,4200,20.07
2012-10-22,24.41,24.65,24.41,24.65,4600,20.07
2012-10-19,24.64,24.64,24.40,24.40,4800,19.87
2012-10-18,24.61,24.64,24.45,24.64,4600,20.06
2012-10-17,24.59,24.60,24.41,24.51,1700,19.95
2012-10-16,24.42,24.50,24.20,24.50,10500,19.95
2012-10-15,24.62,24.62,24.40,24.42,5500,19.88
2012-10-12,24.63,24.76,24.53,24.63,3700,20.05
2012-10-11,24.66,24.66,24.17,24.50,9400,19.95
2012-10-10,24.27,24.39,24.25,24.25,2500,19.74
2012-10-09,24.41,24.70,23.96,24.44,13400,19.90
2012-10-08,24.60,24.72,24.56,24.56,7500,20.00
2012-10-05,24.60,24.60,24.40,24.52,3000,19.96
2012-10-04,24.53,24.60,24.27,24.60,2000,20.03
2012-10-03,24.50,24.74,24.41,24.41,3000,19.87
2012-10-02,24.34,24.38,24.31,24.38,900,19.85
2012-10-01,24.33,24.61,24.16,24.33,3500,19.81
2012-09-28,24.15,24.25,24.10,24.12,3600,19.64
2012-09-27,24.10,24.36,24.05,24.21,4200,19.71
2012-09-26,24.04,24.18,23.75,23.95,5500,19.50
2012-09-25,24.23,24.36,24.11,24.11,4500,19.63
2012-09-24,24.39,24.69,24.10,24.18,6200,19.69
2012-09-21,24.65,24.71,24.50,24.53,4700,19.97
2012-09-20,24.67,24.77,24.45,24.76,6700,20.16
2012-09-19,24.72,24.77,24.52,24.55,11000,19.99
2012-09-18,24.61,24.80,24.54,24.56,6600,20.00
2012-09-17,24.86,24.88,24.67,24.72,2800,20.13
2012-09-14,24.83,24.85,24.61,24.75,8600,20.15
2012-09-13,24.72,24.80,24.72,24.80,200,20.19
2012-09-12,24.63,24.91,24.61,24.68,2100,20.09
2012-09-11,24.74,24.76,24.54,24.68,5200,20.09
2012-09-10,24.93,24.96,24.75,24.75,3900,20.15
2012-09-07,24.80,24.88,24.55,24.82,5200,20.21
2012-09-06,24.96,24.97,24.54,24.55,5100,19.99
2012-09-05,24.75,24.98,24.56,24.93,23400,20.30
2012-09-04,24.20,24.68,24.04,24.36,13700,19.83
2012-08-31,24.74,24.74,24.20,24.20,7900,19.70
2012-08-30,24.35,24.80,24.35,24.64,11500,20.06
2012-08-29,24.64,24.64,23.89,24.35,15600,19.82
2012-08-28,25.23,25.44,25.01,25.03,9200,19.60
2012-08-27,25.09,25.19,25.09,25.10,11800,19.66
2012-08-24,25.24,25.25,25.00,25.08,6000,19.64
2012-08-23,25.19,25.19,25.03,25.05,5100,19.62
2012-08-22,25.00,25.10,25.00,25.09,9700,19.65
2012-08-21,24.95,24.99,24.85,24.95,10700,19.54
2012-08-20,24.82,25.04,24.61,24.85,7400,19.46
2012-08-17,24.72,24.82,24.62,24.70,10100,19.34
2012-08-16,24.60,24.82,24.57,24.57,12000,19.24
2012-08-15,24.77,24.77,24.50,24.75,6100,19.38
2012-08-14,24.75,24.75,24.50,24.50,5700,19.19
2012-08-13,24.68,24.81,24.50,24.53,12100,19.21
2012-08-10,25.06,25.17,24.70,24.70,18300,19.34
2012-08-09,25.06,25.15,24.84,25.00,6900,19.58
2012-08-08,25.00,25.06,24.81,25.02,14300,19.59
2012-08-07,24.84,25.00,24.84,25.00,11300,19.58
2012-08-06,24.82,25.00,24.82,24.90,17100,19.50
2012-08-03,24.98,25.00,24.66,25.00,13700,19.58
2012-08-02,24.88,25.00,24.64,25.00,9700,19.58
2012-08-01,24.30,24.80,24.30,24.80,18300,19.42
2012-07-31,24.50,24.88,24.26,24.26,14700,19.00
2012-07-30,24.62,24.85,24.46,24.46,8700,19.16
2012-07-27,24.70,24.70,24.34,24.47,16300,19.16
2012-07-26,24.65,24.99,24.50,24.62,10000,19.28
2012-07-25,24.30,24.91,24.30,24.65,24300,19.30
2012-07-24,24.20,24.68,23.89,24.57,13100,19.24
2012-07-23,23.90,24.40,23.78,24.20,9800,18.95
2012-07-20,24.15,24.15,23.80,24.10,25100,18.87
2012-07-19,23.53,24.16,23.22,24.08,21300,18.86
2012-07-18,22.94,23.43,22.94,23.38,21300,18.31
2012-07-17,22.93,23.00,22.49,22.94,20300,17.97
2012-07-16,22.56,23.20,22.28,23.20,15600,18.17
2012-07-13,23.39,23.51,22.80,22.80,19000,17.86
2012-07-12,23.72,23.72,23.26,23.30,18400,18.25
2012-07-11,23.93,24.08,23.71,23.71,9700,18.57
2012-07-10,23.54,23.86,23.25,23.68,17200,18.54
2012-07-09,23.98,23.98,23.30,23.56,15300,18.45
2012-07-06,23.22,23.45,23.21,23.30,7500,18.25
2012-07-05,22.56,23.19,22.56,23.12,17300,18.11
2012-07-03,22.30,22.57,22.17,22.56,13500,17.67
2012-07-02,22.06,22.38,22.06,22.32,27700,17.48
2012-06-29,23.26,23.57,22.10,22.50,42900,17.62
2012-06-28,24.15,24.15,22.87,23.29,55700,18.24
2012-06-27,24.27,24.56,24.05,24.12,13400,18.89
2012-06-26,24.28,24.70,24.15,24.33,13000,19.05
2012-06-25,24.40,24.40,24.02,24.15,17300,18.91
2012-06-22,24.34,24.50,24.13,24.21,4400,18.96
2012-06-21,24.50,24.64,24.06,24.15,12800,18.91
2012-06-20,24.64,24.64,24.25,24.48,13000,19.17
2012-06-19,24.68,24.88,24.18,24.65,18200,19.30
2012-06-18,24.64,24.89,24.64,24.80,10600,19.42
2012-06-15,24.60,24.89,24.58,24.70,10400,19.34
2012-06-14,24.35,24.70,24.34,24.58,12100,19.25
2012-06-13,24.09,24.65,24.07,24.25,13400,18.99
2012-06-12,24.18,24.34,24.05,24.15,8100,18.91
2012-06-11,24.16,24.43,24.02,24.24,11400,18.98
2012-06-08,24.00,24.45,23.91,23.97,12700,18.77
2012-06-07,24.33,24.33,23.93,24.00,8200,18.80
2012-06-06,24.23,24.23,23.93,24.20,18400,18.95
2012-06-05,24.00,24.29,23.86,23.91,16000,18.73
2012-06-04,23.96,24.10,23.86,24.00,7500,18.80
2012-06-01,23.87,24.15,23.58,23.80,10600,18.64
2012-05-31,24.25,24.25,23.51,23.75,37300,18.60
2012-05-30,24.75,24.91,24.16,24.18,13300,18.94
2012-05-29,24.76,24.99,24.70,24.70,10100,19.34
2012-05-25,24.72,24.78,24.57,24.76,6100,19.39
2012-05-24,24.61,24.62,24.39,24.56,12900,19.23
2012-05-23,24.35,24.55,24.19,24.19,11000,18.94
2012-05-22,23.87,24.64,23.87,24.19,14000,18.94
2012-05-21,23.70,24.18,23.29,24.01,22100,18.80
2012-05-18,23.82,23.94,23.50,23.60,14900,18.48
2012-05-17,23.85,24.01,23.53,23.77,34300,18.62
2012-05-16,25.39,25.39,23.34,23.85,112200,18.68
2012-05-15,25.33,25.43,25.33,25.43,2500,19.92
2012-05-14,25.35,25.47,25.33,25.43,2600,19.92
2012-05-11,25.35,25.48,25.35,25.35,7800,19.85
2012-05-10,25.50,25.68,25.41,25.41,10700,19.90
2012-05-09,25.50,25.78,25.41,25.63,9000,20.07
2012-05-08,25.75,25.91,25.60,25.75,4500,20.17
2012-05-07,25.60,25.90,25.48,25.75,3800,20.17
2012-05-04,25.38,25.49,25.38,25.48,1800,19.95
2012-05-03,25.42,25.54,25.40,25.54,5900,20.00
2012-05-02,25.41,25.58,25.41,25.58,600,20.03
2012-05-01,25.68,25.68,25.44,25.58,1500,20.03
2012-04-30,25.52,25.80,25.49,25.80,4700,20.21
2012-04-27,25.51,25.63,25.51,25.63,800,20.07
2012-04-26,25.80,25.80,25.60,25.78,1100,20.19
2012-04-25,25.76,25.80,25.76,25.79,1300,20.20
2012-04-24,25.57,25.75,25.55,25.75,5200,20.17
2012-04-23,25.63,25.68,25.50,25.57,7800,20.03
2012-04-20,25.50,25.69,25.50,25.59,600,20.04
2012-04-19,25.68,25.68,25.68,25.68,000,20.11
2012-04-18,25.32,25.68,25.32,25.68,5800,20.11
2012-04-17,25.43,25.43,25.21,25.35,1900,19.85
2012-04-16,25.25,25.51,25.25,25.51,700,19.98
2012-04-13,25.17,25.31,25.15,25.26,4700,19.78
2012-04-12,25.21,25.35,25.20,25.21,5500,19.74
2012-04-11,25.33,25.42,25.30,25.30,5600,19.81
2012-04-10,25.53,25.57,25.30,25.30,7200,19.81
2012-04-09,25.59,25.67,25.49,25.63,2300,20.07
2012-04-05,25.65,25.68,25.43,25.61,5700,20.06
2012-04-04,25.50,25.72,25.43,25.71,7600,20.13
2012-04-03,25.55,25.64,25.47,25.64,800,20.08
2012-04-02,25.69,25.73,25.53,25.57,4700,20.03
2012-03-30,25.66,25.70,25.65,25.70,2300,20.13
2012-03-29,25.67,25.75,25.48,25.48,3600,19.95
2012-03-28,25.62,25.62,25.42,25.62,2300,20.06
2012-03-27,25.31,25.74,25.24,25.74,7400,20.16
2012-03-26,25.24,25.53,25.24,25.41,4200,19.90
2012-03-23,25.42,25.44,25.32,25.33,1400,19.84
2012-03-22,25.44,25.44,25.32,25.32,800,19.83
2012-03-21,25.38,25.54,25.36,25.54,5600,20.00
2012-03-20,25.21,25.32,25.20,25.29,7700,19.81
2012-03-19,25.33,25.37,25.10,25.37,11300,19.87
2012-03-16,25.61,25.61,25.50,25.50,6800,19.97
2012-03-15,25.50,25.60,25.30,25.50,7300,19.97
2012-03-14,25.41,25.42,25.35,25.35,5800,19.85
2012-03-13,25.43,25.50,25.27,25.30,9100,19.81
2012-03-12,25.55,25.63,25.50,25.63,2400,20.07
2012-03-09,25.61,25.63,25.45,25.55,6900,20.01
2012-03-08,25.41,25.64,25.22,25.50,9000,19.97
2012-03-07,25.60,25.60,25.43,25.57,5800,20.03
2012-03-06,25.62,25.71,25.53,25.64,4400,20.08
2012-03-05,25.65,25.74,25.47,25.55,19800,20.01
2012-03-02,25.36,25.75,25.27,25.75,13300,20.17
2012-03-01,25.39,25.39,25.15,25.26,11000,19.78
2012-02-29,25.31,25.42,25.21,25.40,6500,19.89
2012-02-28,25.20,25.31,25.17,25.17,7600,19.71
2012-02-27,25.29,25.30,25.19,25.25,15400,19.77
2012-02-24,26.04,26.23,25.95,26.10,13200,19.69
2012-02-23,26.27,26.27,25.86,25.94,15400,19.57
2012-02-22,26.05,26.55,26.04,26.30,11500,19.84
