Date,Open,High,Low,Close,Volume,Adj Close
2014-11-18,19.68,19.81,19.38,19.51,22900,19.51
2014-11-17,19.85,19.85,19.45,19.57,15100,19.57
2014-11-14,20.08,20.24,19.74,19.84,19900,19.84
2014-11-13,20.50,20.50,20.02,20.13,24800,20.13
2014-11-12,20.40,20.50,20.16,20.50,31200,20.50
2014-11-11,20.32,20.50,20.30,20.45,26800,20.45
2014-11-10,20.09,20.50,20.09,20.50,19600,20.50
2014-11-07,20.39,20.39,19.93,20.34,9300,20.34
2014-11-06,20.17,20.35,19.36,20.34,14700,20.34
2014-11-05,19.89,20.25,19.85,20.21,20800,20.21
2014-11-04,19.74,20.05,19.74,19.80,15000,19.80
2014-11-03,19.81,19.90,19.69,19.85,21800,19.85
2014-10-31,20.00,20.00,19.61,19.73,98100,19.73
2014-10-30,18.85,19.90,18.85,19.84,35100,19.84
2014-10-29,19.98,19.98,18.84,19.84,47400,19.84
2014-10-28,19.00,19.95,19.00,19.90,61200,19.90
2014-10-27,18.95,19.38,18.69,19.04,19000,19.04
2014-10-24,19.19,20.12,18.83,19.08,18200,19.08
2014-10-23,19.11,19.35,18.78,19.14,20400,19.14
2014-10-22,19.18,19.35,18.95,18.99,31200,18.99
2014-10-21,19.11,19.36,19.07,19.23,26200,19.23
2014-10-20,19.33,19.42,19.05,19.29,27800,19.29
2014-10-17,20.14,20.23,19.23,19.47,28700,19.47
2014-10-16,19.50,19.87,19.32,19.87,47100,19.87
2014-10-15,19.50,19.75,19.24,19.72,32600,19.72
2014-10-14,19.32,19.82,19.26,19.72,41700,19.72
2014-10-13,19.06,19.24,18.86,19.19,46700,19.19
2014-10-10,19.01,19.37,19.01,19.09,34200,19.09
2014-10-09,19.40,19.40,19.01,19.01,31300,19.01
2014-10-08,19.05,19.51,19.05,19.47,35800,19.47
2014-10-07,19.05,19.09,19.01,19.01,20500,19.01
2014-10-06,19.26,19.37,19.08,19.08,9900,19.08
2014-10-03,19.24,19.42,19.24,19.26,26200,19.26
2014-10-02,19.05,19.24,19.05,19.17,19500,19.17
2014-10-01,19.09,19.19,19.00,19.05,45400,19.05
2014-09-30,19.19,19.19,19.00,19.05,72300,19.05
2014-09-29,19.03,19.14,19.03,19.14,41800,19.14
2014-09-26,19.10,19.17,19.00,19.17,33500,19.17
2014-09-25,19.12,19.24,19.01,19.09,31700,19.09
2014-09-24,19.08,19.24,19.05,19.22,22800,19.22
2014-09-23,19.11,19.19,19.01,19.10,37300,19.10
2014-09-22,19.10,19.22,19.10,19.15,25900,19.15
2014-09-19,19.20,19.21,19.05,19.16,43800,19.16
2014-09-18,19.30,19.44,19.13,19.17,14700,19.17
2014-09-17,19.01,19.19,19.01,19.18,56700,19.18
2014-09-16,19.00,19.08,19.00,19.00,15100,19.00
2014-09-15,19.00,19.10,19.00,19.02,22600,19.02
2014-09-12,19.10,19.10,18.97,19.00,31000,19.00
2014-09-11,18.91,19.12,18.80,19.05,17600,19.05
2014-09-10,18.77,19.14,18.75,19.06,17600,19.06
2014-09-09,19.15,19.15,18.80,18.90,23500,18.78
2014-09-08,18.91,19.13,18.91,19.05,10200,18.93
2014-09-05,18.75,19.08,18.75,19.02,15800,18.90
2014-09-04,19.12,19.12,18.82,18.83,16700,18.71
2014-09-03,19.27,19.27,18.94,19.04,18900,18.92
2014-09-02,19.08,19.28,18.97,19.26,14800,19.14
2014-08-29,18.89,19.13,18.77,18.95,15100,18.83
2014-08-28,19.01,19.28,18.84,18.88,10200,18.76
2014-08-27,19.02,19.29,18.80,19.10,10700,18.98
2014-08-26,18.68,19.08,18.68,19.07,20600,18.95
2014-08-25,19.14,19.14,18.48,18.72,25700,18.60
2014-08-22,19.42,19.42,18.94,19.08,31400,18.96
2014-08-21,19.25,19.58,19.25,19.38,26100,19.26
2014-08-20,19.37,19.46,19.26,19.34,28700,19.22
2014-08-19,19.39,19.95,19.39,19.66,14200,19.54
2014-08-18,20.11,20.11,19.80,19.89,27400,19.76
2014-08-15,19.81,19.97,19.23,19.94,45800,19.81
2014-08-14,19.84,19.90,19.50,19.51,11500,19.39
2014-08-13,19.88,19.98,19.55,19.86,20000,19.73
2014-08-12,19.78,19.78,19.27,19.74,16400,19.61
2014-08-11,19.93,20.38,19.90,19.96,22800,19.83
2014-08-08,19.06,20.00,18.56,19.88,28500,19.75
2014-08-07,19.22,19.22,18.66,18.82,15900,18.70
2014-08-06,18.40,19.24,18.40,19.16,15600,19.04
2014-08-05,18.84,19.43,18.53,18.71,28500,18.59
2014-08-04,19.09,19.43,18.63,18.83,32300,18.71
2014-08-01,19.27,19.27,18.82,19.11,34600,18.99
2014-07-31,19.30,19.54,19.08,19.12,44500,19.00
2014-07-30,19.55,19.96,19.42,19.53,19400,19.41
2014-07-29,19.44,19.60,19.11,19.35,31300,19.23
2014-07-28,19.61,19.62,19.10,19.35,34800,19.23
2014-07-25,19.75,19.93,19.54,19.68,60300,19.56
2014-07-24,19.90,20.18,19.71,19.77,26700,19.64
2014-07-23,19.75,20.49,19.61,19.81,34500,19.68
2014-07-22,20.00,20.00,18.65,19.71,77100,19.58
2014-07-21,20.07,20.50,19.65,20.44,32500,20.31
2014-07-18,19.62,20.45,19.62,20.31,27800,20.18
2014-07-17,20.11,20.39,19.51,19.71,40100,19.58
2014-07-16,20.81,20.81,20.13,20.26,24600,20.13
2014-07-15,21.42,21.43,20.57,20.81,43600,20.68
2014-07-14,21.62,21.67,21.27,21.45,18300,21.31
2014-07-11,21.75,21.99,21.18,21.44,30000,21.30
2014-07-10,21.52,22.81,21.33,21.66,24000,21.52
2014-07-09,22.50,22.50,21.65,21.90,85100,21.76
2014-07-08,22.75,22.87,22.25,22.40,37300,22.26
2014-07-07,22.80,23.00,22.60,22.84,58600,22.69
2014-07-03,22.95,23.04,22.79,22.87,19800,22.72
2014-07-02,23.15,23.15,22.72,22.93,40400,22.78
2014-07-01,22.87,23.58,22.71,23.20,135700,23.05
2014-06-30,22.79,23.00,22.53,22.88,107500,22.73
2014-06-27,20.87,23.01,20.71,23.01,566400,22.86
2014-06-26,21.03,21.15,20.80,21.05,32300,20.92
2014-06-25,21.00,21.33,20.61,21.05,44100,20.92
2014-06-24,21.38,21.80,21.01,21.20,48800,21.07
2014-06-23,21.32,21.61,21.05,21.48,33400,21.34
2014-06-20,20.91,21.37,20.01,21.32,98000,21.18
2014-06-19,20.79,20.87,20.46,20.77,30500,20.64
2014-06-18,20.22,20.78,19.90,20.69,31100,20.56
2014-06-17,19.92,20.57,19.86,20.40,30600,20.27
2014-06-16,19.78,20.26,19.67,20.05,48200,19.92
2014-06-13,20.21,20.21,19.62,19.90,47700,19.77
2014-06-12,19.77,20.11,19.42,20.07,58100,19.94
2014-06-11,20.19,20.25,19.71,19.88,47900,19.75
2014-06-10,20.45,20.61,20.24,20.29,31600,20.04
2014-06-09,20.53,20.73,20.32,20.41,61300,20.16
2014-06-06,20.80,20.80,20.53,20.61,36100,20.36
2014-06-05,19.89,20.70,19.37,20.70,40500,20.45
2014-06-04,20.01,20.19,19.49,19.90,57300,19.66
2014-06-03,20.43,21.28,19.85,20.05,110600,19.80
2014-06-02,21.47,21.47,20.11,20.48,84400,20.23
2014-05-30,21.10,22.03,20.70,21.43,510600,21.17
2014-05-29,21.62,21.62,20.93,21.08,45300,20.82
2014-05-28,21.04,21.40,20.84,21.00,46100,20.74
2014-05-27,20.91,21.27,20.35,21.18,63200,20.92
2014-05-23,20.82,21.10,20.71,20.91,44600,20.65
2014-05-22,20.62,20.79,20.44,20.70,22200,20.45
2014-05-21,21.21,21.57,20.61,20.69,32300,20.44
2014-05-20,21.78,21.80,20.62,21.17,93800,20.91
2014-05-19,22.70,24.34,22.60,23.71,135000,21.44
2014-05-16,21.69,22.93,21.51,22.37,62600,20.23
2014-05-15,21.75,21.83,21.74,21.74,40500,19.66
2014-05-14,21.86,22.09,21.75,21.76,32900,19.68
2014-05-13,22.10,22.17,21.95,22.09,30800,19.98
2014-05-12,21.74,22.12,21.55,22.08,86500,19.97
2014-05-09,20.55,21.64,20.55,21.51,32300,19.45
2014-05-08,19.40,20.90,19.40,20.72,55800,18.74
2014-05-07,19.32,19.74,19.32,19.45,11000,17.59
2014-05-06,19.45,19.49,19.26,19.36,31700,17.51
2014-05-05,19.52,19.98,19.40,19.44,12000,17.58
2014-05-02,19.75,20.21,19.55,19.61,36300,17.74
2014-05-01,19.47,19.71,19.25,19.70,29700,17.82
2014-04-30,19.49,20.04,19.30,19.51,70400,17.65
2014-04-29,19.56,19.75,19.19,19.44,19100,17.58
2014-04-28,19.36,19.55,19.33,19.40,8600,17.55
2014-04-25,19.56,19.56,18.26,19.33,38900,17.48
2014-04-24,19.56,19.85,19.44,19.74,18800,17.85
2014-04-23,20.35,20.39,19.78,19.78,19700,17.89
2014-04-22,20.40,20.64,20.36,20.42,6900,18.47
2014-04-21,20.78,20.85,20.60,20.65,9800,18.68
2014-04-17,20.70,20.97,20.61,20.74,8900,18.76
2014-04-16,21.00,21.00,20.61,20.81,13700,18.82
2014-04-15,20.73,20.91,20.43,20.78,11400,18.79
2014-04-14,20.63,20.65,20.39,20.62,15400,18.65
2014-04-11,20.42,20.91,20.01,20.40,47700,18.45
2014-04-10,20.60,20.77,20.45,20.55,28400,18.59
2014-04-09,20.68,20.83,20.48,20.49,11300,18.53
2014-04-08,21.08,21.08,20.34,20.53,13000,18.57
2014-04-07,20.81,20.81,20.55,20.59,6700,18.62
2014-04-04,21.27,21.30,20.75,20.83,20300,18.84
2014-04-03,21.35,21.35,21.00,21.11,7100,19.09
2014-04-02,20.94,21.24,20.76,21.22,10800,19.19
2014-04-01,20.60,21.23,20.55,21.23,16500,19.20
2014-03-31,20.57,20.83,20.47,20.62,22300,18.65
2014-03-28,20.71,20.85,20.40,20.52,10100,18.56
2014-03-27,20.97,21.04,20.54,20.67,11800,18.70
2014-03-26,21.55,21.55,20.84,20.88,11700,18.88
2014-03-25,21.23,21.44,20.85,21.42,9500,19.37
2014-03-24,21.63,21.80,20.92,21.15,10600,19.13
2014-03-21,21.73,22.10,21.46,21.53,28000,19.47
2014-03-20,21.46,21.85,21.15,21.63,12700,19.56
2014-03-19,21.55,21.68,20.79,21.52,14300,19.46
2014-03-18,20.94,21.51,20.92,21.51,8500,19.45
2014-03-17,20.68,20.99,20.66,20.92,8400,18.92
2014-03-14,20.50,20.67,20.34,20.51,3900,18.55
2014-03-13,20.55,20.93,20.50,20.56,11800,18.60
2014-03-12,20.46,20.65,20.46,20.63,11400,18.66
2014-03-11,20.65,20.67,20.50,20.54,8400,18.58
2014-03-10,20.50,20.66,20.35,20.66,37100,18.69
2014-03-07,20.58,20.58,20.48,20.50,7000,18.54
2014-03-06,20.52,20.60,20.46,20.54,5600,18.58
2014-03-05,20.58,20.62,20.36,20.53,9400,18.57
2014-03-04,20.43,20.99,20.43,20.70,35400,18.72
2014-03-03,20.20,20.46,19.98,20.15,12000,18.22
2014-02-28,20.42,20.74,20.25,20.30,17600,18.36
2014-02-27,20.36,20.59,20.16,20.36,11400,18.41
2014-02-26,20.89,20.89,20.27,20.35,7200,18.41
2014-02-25,20.99,20.99,20.30,20.39,8300,18.44
2014-02-24,20.38,20.89,20.38,20.68,15100,18.70
2014-02-21,20.47,20.91,20.37,20.41,15100,18.46
2014-02-20,20.10,20.45,20.10,20.40,19700,18.45
2014-02-19,20.47,20.47,19.98,19.99,15000,18.08
2014-02-18,20.26,20.51,19.96,20.02,14800,18.11
2014-02-14,20.56,20.61,20.06,20.24,9800,18.31
2014-02-13,20.00,20.69,20.00,20.50,12900,18.54
2014-02-12,20.01,20.18,19.97,20.03,8600,18.12
2014-02-11,19.45,19.95,19.45,19.91,10100,18.01
2014-02-10,19.50,19.58,19.40,19.45,18900,17.59
2014-02-07,19.39,19.57,19.39,19.49,26500,17.63
2014-02-06,19.62,19.62,19.08,19.41,16300,17.56
2014-02-05,19.40,19.82,19.37,19.63,21000,17.65
2014-02-04,19.28,19.55,19.21,19.49,17000,17.52
2014-02-03,20.08,20.37,18.82,19.07,31800,17.14
2014-01-31,20.07,20.36,19.94,20.01,34200,17.99
2014-01-30,20.26,20.45,20.10,20.40,18500,18.34
2014-01-29,20.36,20.36,19.90,20.11,34000,18.08
2014-01-28,20.88,20.88,20.33,20.58,37900,18.50
2014-01-27,21.01,21.22,20.56,20.65,26600,18.56
2014-01-24,20.97,21.10,20.90,21.01,22600,18.89
2014-01-23,21.88,21.90,20.85,21.05,26400,18.92
2014-01-22,21.55,22.15,21.44,22.05,39700,19.82
2014-01-21,21.00,21.75,21.00,21.69,34600,19.50
2014-01-17,20.89,20.89,20.65,20.72,9500,18.63
2014-01-16,20.79,20.90,20.79,20.84,6000,18.73
2014-01-15,21.00,21.00,20.73,20.86,37600,18.75
2014-01-14,20.75,21.01,20.75,20.87,13200,18.76
2014-01-13,21.16,21.18,20.30,20.69,22600,18.60
2014-01-10,21.26,21.49,20.97,21.16,15900,19.02
2014-01-09,21.39,21.46,21.19,21.20,11800,19.06
2014-01-08,21.39,21.46,21.13,21.39,20300,19.23
2014-01-07,21.28,21.41,21.27,21.38,17900,19.22
2014-01-06,21.19,21.30,21.15,21.28,25100,19.13
2014-01-03,21.23,21.48,21.07,21.25,21800,19.10
2014-01-02,21.43,21.55,21.08,21.22,25000,19.08
2013-12-31,21.68,21.74,21.36,21.58,12400,19.40
2013-12-30,21.73,21.84,21.60,21.62,10100,19.43
2013-12-27,21.98,21.98,21.60,21.73,9500,19.53
2013-12-26,22.07,22.07,21.66,21.88,6000,19.67
2013-12-24,22.20,22.20,21.69,21.95,12900,19.73
2013-12-23,21.88,22.34,21.88,22.12,11500,19.88
2013-12-20,20.89,22.25,20.89,21.91,52400,19.70
2013-12-19,21.04,21.04,20.68,20.81,7300,18.71
2013-12-18,20.98,21.21,20.90,21.12,19300,18.99
2013-12-17,20.74,20.90,20.59,20.77,9700,18.67
2013-12-16,20.34,20.76,20.34,20.63,8900,18.54
2013-12-13,20.29,20.46,20.24,20.29,13100,18.24
2013-12-12,20.21,20.45,20.16,20.21,8200,18.17
2013-12-11,21.01,21.01,20.10,20.14,12600,18.10
2013-12-10,21.05,21.13,20.56,20.66,24500,18.57
2013-12-09,21.76,21.76,21.07,21.08,20200,18.95
2013-12-06,21.86,22.03,21.75,21.76,7800,19.56
2013-12-05,21.55,21.93,21.50,21.65,22800,19.46
2013-12-04,21.83,21.85,21.70,21.70,7000,19.51
2013-12-03,21.82,22.02,21.72,21.82,11200,19.61
2013-12-02,22.28,22.28,21.67,21.75,40000,19.55
2013-11-29,22.11,22.30,22.11,22.28,9600,20.03
2013-11-27,21.67,22.12,21.58,21.92,21800,19.70
2013-11-26,21.31,21.67,21.31,21.67,14200,19.48
2013-11-25,21.30,21.45,21.23,21.41,11800,19.25
2013-11-22,21.28,21.42,21.11,21.37,11600,19.21
2013-11-21,21.25,21.34,21.01,21.21,11800,19.07
2013-11-20,21.19,21.30,21.00,21.12,24900,18.99
2013-11-19,21.27,21.31,21.00,21.07,4700,18.94
2013-11-18,21.27,21.32,21.10,21.10,7600,18.97
2013-11-15,21.53,21.53,21.17,21.28,26300,19.13
2013-11-14,21.73,21.77,21.40,21.60,6200,19.42
2013-11-13,21.64,21.97,21.64,21.79,3900,19.59
2013-11-12,21.96,21.96,21.67,21.71,2800,19.52
2013-11-11,22.12,22.30,21.86,22.03,11000,19.80
2013-11-08,21.82,22.04,21.78,22.04,15700,19.81
2013-11-07,21.94,22.01,21.81,21.85,16100,19.64
2013-11-06,21.94,21.98,21.54,21.89,21200,19.68
2013-11-05,21.99,22.05,21.90,21.99,18100,19.66
2013-11-04,21.57,22.01,21.57,22.01,16700,19.68
2013-11-01,21.75,21.91,20.53,21.66,48300,19.36
2013-10-31,21.95,21.96,21.50,21.84,13000,19.53
2013-10-30,22.07,22.10,21.73,21.91,8800,19.59
2013-10-29,22.10,22.25,21.43,21.99,21800,19.66
2013-10-28,22.21,22.25,21.88,22.03,12400,19.70
2013-10-25,22.19,22.19,21.74,22.07,17400,19.73
2013-10-24,22.14,22.14,21.88,22.03,5300,19.70
2013-10-23,21.96,22.25,21.89,21.99,7500,19.66
2013-10-22,22.30,22.50,22.12,22.25,17800,19.89
2013-10-21,22.35,22.47,22.03,22.19,17600,19.84
2013-10-18,22.42,22.52,22.18,22.49,17200,20.11
2013-10-17,22.21,22.46,22.14,22.26,13200,19.90
2013-10-16,21.92,22.33,21.55,22.24,21300,19.88
2013-10-15,21.66,22.10,21.66,21.87,27500,19.55
2013-10-14,20.37,21.27,20.37,21.27,9900,19.02
2013-10-11,20.23,20.75,20.06,20.51,45400,18.34
2013-10-10,20.17,20.33,20.17,20.33,7500,18.18
2013-10-09,20.06,20.24,20.00,20.07,7200,17.94
2013-10-08,20.09,20.33,19.95,20.06,18900,17.93
2013-10-07,20.28,20.37,20.00,20.01,6800,17.89
2013-10-04,20.30,20.54,20.30,20.49,9500,18.32
2013-10-03,20.96,21.07,20.33,20.37,9600,18.21
2013-10-02,21.50,21.58,20.92,20.92,18500,18.70
2013-10-01,21.64,22.34,21.30,21.59,13600,19.30
2013-09-30,21.39,21.79,21.15,21.78,22600,19.47
2013-09-27,21.36,21.57,21.28,21.50,20500,19.22
2013-09-26,21.86,22.13,21.46,21.50,10900,19.22
2013-09-25,21.09,22.41,20.85,21.89,27900,19.57
2013-09-24,20.80,21.20,20.64,21.19,10500,18.94
2013-09-23,20.45,20.92,20.39,20.76,21000,18.56
2013-09-20,20.49,21.20,20.24,20.55,52300,18.37
2013-09-19,20.49,20.78,20.30,20.50,16400,18.33
2013-09-18,20.88,21.00,20.30,20.79,28600,18.59
2013-09-17,20.28,20.84,20.13,20.83,18300,18.62
2013-09-16,20.28,20.31,20.00,20.31,7700,18.16
2013-09-13,20.35,20.72,19.71,20.18,19500,18.04
2013-09-12,20.37,20.57,20.27,20.27,3600,18.12
2013-09-11,20.60,21.05,20.12,20.41,41800,18.25
2013-09-10,20.22,20.76,19.88,20.63,31700,18.44
2013-09-09,19.97,20.03,19.82,19.97,10900,17.85
2013-09-06,20.15,20.15,19.75,19.97,12800,17.85
2013-09-05,19.98,20.08,19.78,20.01,7900,17.89
2013-09-04,20.15,20.15,19.90,19.98,9500,17.86
2013-09-03,20.19,20.45,20.00,20.11,6500,17.98
2013-08-30,20.28,20.28,19.94,20.00,17500,17.88
2013-08-29,20.00,20.32,19.97,20.29,5700,18.14
2013-08-28,20.00,20.17,20.00,20.02,23700,17.90
2013-08-27,20.09,20.49,20.00,20.00,21900,17.88
2013-08-26,20.58,20.79,20.32,20.33,15600,18.18
2013-08-23,20.99,20.99,20.48,20.48,25700,18.31
2013-08-22,20.33,20.82,20.33,20.76,18600,18.56
2013-08-21,20.81,20.82,20.17,20.19,28400,18.05
2013-08-20,20.91,20.91,20.39,20.39,16900,18.23
2013-08-19,20.81,20.81,20.52,20.57,19800,18.39
2013-08-16,19.75,20.88,19.75,20.67,63500,18.48
2013-08-15,19.64,19.94,19.45,19.75,210500,17.66
2013-08-14,19.17,19.17,18.58,18.77,7700,16.78
2013-08-13,18.75,19.02,18.54,19.02,7200,17.00
2013-08-12,18.71,18.92,18.71,18.87,4900,16.87
2013-08-09,19.10,19.10,18.59,18.70,14700,16.72
2013-08-08,19.46,19.48,18.89,19.07,16500,17.05
2013-08-07,18.74,19.53,18.74,19.30,11700,17.25
2013-08-06,19.58,19.58,19.16,19.25,13300,17.10
2013-08-05,19.75,19.88,19.52,19.64,7300,17.45
2013-08-02,19.75,19.91,19.69,19.83,6100,17.62
2013-08-01,20.08,20.08,19.60,19.86,13000,17.64
2013-07-31,19.53,20.00,19.53,19.97,27800,17.74
2013-07-30,19.91,19.95,19.62,19.94,8200,17.72
2013-07-29,20.63,20.63,19.73,19.79,8900,17.58
2013-07-26,20.82,20.90,20.61,20.65,6100,18.35
2013-07-25,20.90,20.99,20.61,20.97,25100,18.63
2013-07-24,20.80,20.95,20.49,20.87,20400,18.54
2013-07-23,20.85,20.85,20.36,20.79,11800,18.47
2013-07-22,20.25,20.90,20.05,20.85,12700,18.52
2013-07-19,20.30,20.43,20.26,20.34,10900,18.07
2013-07-18,20.50,20.50,20.15,20.29,19400,18.03
2013-07-17,19.97,20.21,19.54,20.21,18700,17.96
2013-07-16,19.75,19.88,19.07,19.83,12400,17.62
2013-07-15,19.34,19.65,19.28,19.65,12700,17.46
2013-07-12,19.12,19.34,18.88,19.12,7500,16.99
2013-07-11,19.47,19.57,19.02,19.21,24600,17.07
2013-07-10,18.93,19.60,18.83,19.36,12800,17.20
2013-07-09,18.67,18.95,18.53,18.95,6000,16.84
2013-07-08,18.65,18.68,18.51,18.54,16100,16.47
2013-07-05,18.33,18.66,18.22,18.66,28900,16.58
2013-07-03,18.07,18.20,18.06,18.20,4400,16.17
2013-07-02,18.03,18.12,18.02,18.11,11700,16.09
2013-07-01,17.92,18.11,17.87,18.09,14000,16.07
2013-06-28,17.74,18.00,17.67,17.97,88600,15.97
2013-06-27,17.75,17.75,17.66,17.74,8000,15.76
2013-06-26,17.66,17.74,17.65,17.65,4600,15.68
2013-06-25,17.74,17.74,17.55,17.62,12300,15.65
2013-06-24,17.65,17.75,17.65,17.69,10400,15.72
2013-06-21,17.67,17.73,17.30,17.64,39800,15.67
2013-06-20,17.31,17.65,17.31,17.58,8600,15.62
2013-06-19,17.43,17.50,17.43,17.49,14800,15.54
2013-06-18,17.20,17.50,17.16,17.48,8700,15.53
2013-06-17,17.14,17.20,17.05,17.17,12400,15.25
2013-06-14,16.96,17.20,16.91,16.95,6700,15.06
2013-06-13,16.82,17.05,16.79,17.00,13400,15.10
2013-06-12,16.82,16.82,16.69,16.76,4600,14.89
2013-06-11,17.16,17.16,16.71,16.77,10400,14.90
2013-06-10,16.89,16.90,16.69,16.79,6000,14.92
2013-06-07,16.91,17.04,16.69,16.78,16100,14.91
2013-06-06,16.72,16.85,16.65,16.77,11900,14.90
2013-06-05,16.82,16.93,16.65,16.66,10700,14.80
2013-06-04,17.13,17.16,16.79,16.84,12200,14.96
2013-06-03,16.85,17.20,16.81,17.16,32200,15.25
2013-05-31,16.90,17.07,16.79,16.79,7500,14.92
2013-05-30,16.97,17.09,16.97,16.98,1700,15.09
2013-05-29,17.02,17.02,16.86,16.92,4200,15.03
2013-05-28,16.79,17.24,16.79,17.05,13700,15.15
2013-05-24,16.66,16.76,16.50,16.69,6200,14.83
2013-05-23,16.52,16.85,16.52,16.70,6200,14.84
2013-05-22,16.93,17.04,16.61,16.70,8300,14.84
2013-05-21,17.00,17.09,16.80,16.96,23600,15.07
2013-05-20,17.05,17.11,16.95,17.00,10500,15.10
2013-05-17,17.10,17.16,17.00,17.05,17000,15.15
2013-05-16,17.12,17.12,16.94,17.08,16800,15.17
2013-05-15,17.09,17.24,17.06,17.11,8600,15.20
2013-05-14,17.25,17.25,17.03,17.18,11600,15.26
2013-05-13,16.86,17.10,16.86,17.10,39000,15.19
2013-05-10,17.00,17.00,16.91,17.00,10300,15.10
2013-05-09,17.03,17.07,16.99,16.99,9000,15.09
2013-05-08,16.86,17.14,16.86,17.00,19800,15.10
2013-05-07,16.76,17.04,16.64,16.96,12100,14.97
2013-05-06,16.75,16.78,16.60,16.78,14600,14.81
2013-05-03,16.75,16.78,16.61,16.75,16400,14.78
2013-05-02,16.61,16.66,16.50,16.61,16900,14.66
2013-05-01,16.68,16.75,16.50,16.50,41900,14.56
2013-04-30,16.71,16.78,16.51,16.71,7700,14.75
2013-04-29,16.71,16.77,16.57,16.69,17500,14.73
2013-04-26,16.70,16.70,16.51,16.60,12900,14.65
2013-04-25,16.78,16.78,16.56,16.68,10400,14.72
2013-04-24,16.75,16.78,16.60,16.78,12300,14.81
2013-04-23,16.78,16.78,16.62,16.78,11800,14.81
2013-04-22,16.78,16.78,16.53,16.78,12200,14.81
2013-04-19,16.56,16.84,16.56,16.73,7900,14.77
2013-04-18,16.62,16.71,16.50,16.60,30700,14.65
2013-04-17,16.58,17.31,16.51,16.54,19000,14.60
2013-04-16,16.74,17.45,16.65,17.35,41600,15.31
2013-04-15,16.59,16.59,16.50,16.50,14500,14.56
2013-04-12,16.64,16.68,16.51,16.64,4600,14.69
2013-04-11,16.92,16.92,16.60,16.70,2700,14.74
2013-04-10,16.59,17.01,16.59,16.95,5200,14.96
2013-04-09,16.64,16.74,16.61,16.64,7600,14.69
2013-04-08,16.57,16.76,16.51,16.64,4400,14.69
2013-04-05,16.50,16.70,16.50,16.52,3700,14.58
2013-04-04,16.52,16.72,16.50,16.72,13700,14.76
2013-04-03,16.55,16.59,16.50,16.50,7200,14.56
2013-04-02,16.64,16.72,16.56,16.68,8400,14.72
2013-04-01,16.59,16.67,16.50,16.61,15100,14.66
2013-03-28,16.99,17.02,16.50,16.50,21500,14.56
2013-03-27,16.66,17.00,16.66,16.89,3500,14.91
2013-03-26,17.06,17.07,16.65,16.92,4600,14.93
2013-03-25,16.93,17.09,16.86,16.93,7100,14.94
2013-03-22,16.74,16.80,16.60,16.64,4100,14.69
2013-03-21,16.69,16.69,16.51,16.54,4500,14.60
2013-03-20,16.69,16.85,16.64,16.84,4700,14.86
2013-03-19,16.63,16.69,16.55,16.65,5900,14.70
2013-03-18,16.55,16.58,16.50,16.55,10100,14.61
2013-03-15,17.12,17.12,16.59,16.66,44200,14.71
2013-03-14,17.12,17.12,17.02,17.12,4900,15.11
2013-03-13,16.99,17.12,16.99,17.12,4800,15.11
2013-03-12,16.92,17.09,16.92,17.03,5100,15.03
2013-03-11,16.87,17.06,16.87,17.01,9500,15.01
2013-03-08,16.98,17.00,16.84,16.96,9400,14.97
2013-03-07,16.68,16.84,16.65,16.83,8600,14.86
2013-03-06,16.72,16.78,16.55,16.75,6600,14.78
2013-03-05,16.83,16.83,16.55,16.76,8300,14.79
2013-03-04,16.57,16.83,16.57,16.78,3300,14.81
2013-03-01,16.50,16.70,16.50,16.68,6200,14.72
2013-02-28,16.63,16.66,16.50,16.66,6500,14.71
2013-02-27,16.53,16.70,16.50,16.60,30000,14.65
2013-02-26,16.50,16.69,16.50,16.61,7200,14.66
2013-02-25,16.70,16.70,16.50,16.50,11200,14.56
2013-02-22,16.60,16.69,16.60,16.68,8400,14.72
2013-02-21,16.79,16.79,16.52,16.53,5300,14.59
2013-02-20,16.90,17.00,16.73,16.81,12700,14.84
2013-02-19,16.82,16.90,16.82,16.89,10400,14.91
2013-02-15,16.81,17.00,16.50,16.93,25200,14.94
2013-02-14,16.80,16.90,16.65,16.71,35400,14.75
2013-02-13,16.71,16.86,16.70,16.80,6400,14.83
2013-02-12,16.50,16.79,16.50,16.76,3600,14.79
2013-02-11,16.73,16.73,16.51,16.53,7400,14.59
2013-02-08,16.70,16.90,16.63,16.89,6800,14.91
2013-02-07,16.49,16.83,16.49,16.62,5000,14.67
2013-02-06,16.05,16.65,16.05,16.53,120800,14.59
2013-02-05,16.19,16.32,16.03,16.26,12100,14.26
2013-02-04,16.35,16.45,16.10,16.13,7300,14.15
2013-02-01,16.60,16.68,16.26,16.46,21300,14.44
2013-01-31,16.50,16.69,16.50,16.50,29500,14.47
2013-01-30,16.62,16.69,16.50,16.51,11200,14.48
2013-01-29,16.50,16.83,16.50,16.59,17500,14.55
2013-01-28,16.84,16.84,16.47,16.53,14700,14.50
2013-01-25,16.80,16.80,16.63,16.70,11600,14.65
2013-01-24,16.96,16.96,16.80,16.80,6900,14.74
2013-01-23,17.08,17.08,16.91,16.95,8300,14.87
2013-01-22,17.22,17.22,17.03,17.14,12300,15.04
2013-01-18,17.18,17.24,17.08,17.21,14000,15.10
2013-01-17,17.20,17.23,17.08,17.23,12300,15.12
2013-01-16,17.17,17.23,17.11,17.16,8000,15.05
2013-01-15,17.06,17.23,17.02,17.20,9600,15.09
2013-01-14,17.15,17.24,16.17,17.09,17600,14.99
2013-01-11,17.28,17.28,17.18,17.19,16900,15.08
2013-01-10,17.07,17.29,17.07,17.23,18400,15.12
2013-01-09,17.11,17.16,17.01,17.14,4400,15.04
2013-01-08,16.85,17.12,16.77,17.03,14000,14.94
2013-01-07,16.95,17.00,16.86,16.89,16100,14.82
2013-01-04,17.08,17.20,16.94,17.04,7500,14.95
2013-01-03,17.09,17.29,16.92,16.97,20700,14.89
2013-01-02,16.74,17.23,16.70,17.12,35000,15.02
2012-12-31,16.51,16.81,16.19,16.50,23400,14.47
2012-12-28,16.00,16.51,15.95,16.38,15300,14.37
2012-12-27,15.75,16.19,15.70,16.09,49700,14.12
2012-12-26,15.80,15.88,15.75,15.76,9300,13.83
2012-12-24,15.75,15.88,15.53,15.76,33700,13.83
2012-12-21,15.81,15.81,15.27,15.75,55400,13.82
2012-12-20,15.42,15.85,15.24,15.81,14700,13.87
2012-12-19,14.96,15.42,14.96,15.37,11700,13.48
2012-12-18,14.95,14.98,14.80,14.97,75400,13.13
2012-12-17,14.93,15.00,14.67,14.89,109600,13.06
2012-12-14,14.69,14.85,14.67,14.84,10100,13.02
2012-12-13,14.73,14.80,14.65,14.68,5600,12.88
2012-12-12,14.96,14.96,14.71,14.82,9300,13.00
2012-12-11,14.83,15.00,14.78,14.97,23600,13.13
2012-12-10,14.78,14.81,14.65,14.81,12800,12.99
2012-12-07,14.77,14.89,14.65,14.65,6100,12.85
2012-12-06,14.75,14.86,14.65,14.67,5500,12.87
2012-12-05,14.85,14.90,14.66,14.80,13200,12.98
2012-12-04,14.75,14.90,14.65,14.79,17300,12.97
2012-12-03,14.52,14.95,14.51,14.89,16600,13.06
2012-11-30,14.35,14.52,14.31,14.48,15800,12.70
2012-11-29,14.35,14.35,14.21,14.30,7900,12.54
2012-11-28,14.32,14.32,14.18,14.31,2800,12.55
2012-11-27,14.42,14.42,14.05,14.25,4900,12.50
2012-11-26,14.16,14.76,14.16,14.35,8900,12.59
2012-11-23,14.33,14.33,14.11,14.23,5400,12.48
2012-11-21,14.24,14.59,14.24,14.34,3600,12.58
2012-11-20,14.26,14.43,14.00,14.28,4400,12.53
2012-11-19,13.83,14.35,13.76,14.24,23900,12.49
2012-11-16,13.52,13.84,13.41,13.73,18600,12.04
2012-11-15,13.59,13.94,13.51,13.59,10100,11.92
2012-11-14,14.03,14.03,13.55,13.63,11800,11.96
2012-11-13,13.83,15.40,13.83,14.00,18600,12.28
2012-11-12,13.98,14.31,13.61,14.02,8800,12.30
2012-11-09,14.11,14.90,13.80,13.99,9200,12.27
2012-11-08,14.59,14.90,14.10,14.11,30000,12.38
2012-11-07,14.93,15.07,14.63,14.65,16200,12.85
2012-11-06,15.10,15.30,15.10,15.22,8900,13.27
2012-11-05,15.27,15.28,15.00,15.03,17600,13.11
2012-11-02,15.97,16.02,15.32,15.32,21000,13.36
2012-11-01,16.48,16.48,15.88,15.99,18900,13.94
2012-10-31,16.17,16.54,16.10,16.53,8700,14.42
2012-10-26,16.16,16.31,16.08,16.21,14500,14.14
2012-10-25,16.22,16.23,16.05,16.11,6200,14.05
2012-10-24,16.07,16.10,15.88,16.07,14500,14.01
2012-10-23,16.65,16.68,16.00,16.02,37900,13.97
2012-10-22,16.71,16.71,16.51,16.58,13700,14.46
2012-10-19,16.50,16.72,16.50,16.59,28700,14.47
2012-10-18,16.68,16.70,16.60,16.60,16500,14.48
2012-10-17,16.70,16.77,16.55,16.68,18600,14.55
2012-10-16,17.75,17.75,16.54,16.63,24000,14.50
2012-10-15,17.07,17.61,16.90,17.52,27300,15.28
2012-10-12,17.09,17.09,16.95,17.00,22000,14.83
2012-10-11,17.25,17.25,16.96,17.14,24000,14.95
2012-10-10,16.95,17.25,16.95,17.24,19100,15.03
2012-10-09,17.02,17.17,16.65,16.83,18600,14.68
2012-10-08,17.47,17.48,17.00,17.11,22800,14.92
2012-10-05,17.80,17.95,17.24,17.28,46800,15.07
2012-10-04,17.90,17.98,17.55,17.80,30200,15.52
2012-10-03,17.75,17.86,17.65,17.77,39200,15.50
2012-10-02,17.46,17.80,17.33,17.76,63800,15.49
2012-10-01,17.30,17.67,17.14,17.38,23000,15.16
2012-09-28,17.25,17.57,17.05,17.14,15500,14.95
2012-09-27,17.35,17.43,17.10,17.33,19300,15.11
2012-09-26,17.43,17.61,16.94,17.25,21100,15.04
2012-09-25,17.47,17.69,17.29,17.41,53000,15.18
2012-09-24,17.39,17.48,17.15,17.47,34600,15.24
2012-09-21,17.03,17.65,16.83,17.45,59700,15.22
2012-09-20,17.00,17.21,16.80,16.82,44500,14.67
2012-09-19,17.25,17.41,17.06,17.07,42500,14.89
2012-09-18,17.55,17.55,17.10,17.27,67900,15.06
2012-09-17,17.11,17.92,17.11,17.56,21300,15.31
2012-09-14,18.23,18.26,17.80,17.87,32900,15.58
2012-09-13,17.19,18.33,17.19,18.24,21700,15.91
2012-09-12,17.23,17.30,17.01,17.27,25100,15.06
2012-09-11,17.24,17.52,17.07,17.24,22700,15.03
2012-09-10,17.33,17.54,17.25,17.28,20600,15.07
2012-09-07,17.51,17.51,17.28,17.29,17100,15.08
2012-09-06,17.29,17.46,17.21,17.45,27600,15.22
2012-09-05,17.43,17.50,17.24,17.30,19900,15.09
2012-09-04,16.89,17.49,16.72,17.44,26900,15.21
2012-08-31,17.01,17.05,16.79,16.95,12900,14.78
2012-08-30,17.09,17.15,16.86,16.88,9800,14.72
2012-08-29,17.01,17.28,16.88,17.14,33500,14.95
2012-08-28,17.03,17.05,16.79,16.95,21100,14.78
2012-08-27,16.84,17.10,16.75,17.08,19600,14.89
2012-08-24,16.94,17.10,16.78,16.85,19500,14.69
2012-08-23,16.80,17.13,16.80,16.98,38600,14.81
2012-08-22,16.98,17.10,16.84,16.85,23800,14.69
2012-08-21,16.85,17.03,16.73,16.90,30800,14.74
2012-08-20,17.10,17.10,16.70,16.93,25000,14.76
2012-08-17,16.96,17.10,16.89,17.10,28700,14.91
2012-08-16,17.10,17.10,16.85,17.02,45000,14.84
2012-08-15,16.88,17.20,16.70,17.10,44100,14.91
2012-08-14,16.88,16.96,16.77,16.83,11300,14.68
2012-08-13,16.99,16.99,16.59,16.78,17400,14.63
2012-08-10,16.92,17.09,16.82,16.90,32600,14.74
2012-08-09,16.82,17.13,16.70,16.90,52800,14.74
2012-08-08,17.10,17.11,16.62,16.76,35600,14.62
2012-08-07,17.18,17.30,16.94,17.17,26300,14.97
2012-08-06,16.81,17.30,16.53,17.14,16300,14.95
2012-08-03,16.67,16.85,16.54,16.83,29400,14.68
2012-08-02,16.50,16.72,16.50,16.50,24100,14.39
2012-08-01,16.73,16.88,16.51,16.51,40700,14.40
2012-07-31,16.61,16.96,16.50,16.56,30900,14.44
2012-07-30,16.82,16.97,16.57,16.80,8900,14.65
2012-07-27,16.69,17.20,16.49,16.84,86500,14.69
2012-07-26,16.33,16.70,16.25,16.64,14500,14.51
2012-07-25,16.81,16.81,15.77,16.23,52800,14.15
2012-07-24,16.97,17.16,16.55,16.69,53100,14.55
2012-07-23,17.33,17.33,16.89,16.97,18200,14.80
2012-07-20,17.69,18.02,17.31,17.49,44100,15.25
2012-07-19,18.51,18.54,17.91,17.95,34300,15.65
2012-07-18,18.56,18.57,18.41,18.49,25100,16.12
2012-07-17,18.69,18.69,18.39,18.57,50000,16.19
2012-07-16,18.32,18.65,18.09,18.55,65500,16.18
2012-07-13,17.93,18.40,17.93,18.39,40800,16.04
2012-07-12,18.39,18.39,17.93,17.94,21100,15.64
2012-07-11,18.31,18.43,18.19,18.40,13900,16.05
2012-07-10,18.35,18.66,18.11,18.21,53400,15.88
2012-07-09,18.25,18.63,18.16,18.56,19500,16.19
2012-07-06,18.40,18.47,17.68,18.34,27300,15.99
2012-07-05,18.58,18.60,18.39,18.48,13700,16.12
2012-07-03,18.45,18.55,18.17,18.55,23300,16.18
2012-07-02,18.38,18.43,18.10,18.43,33600,16.07
2012-06-29,18.32,18.46,18.17,18.45,71500,16.09
2012-06-28,17.98,18.27,17.50,18.24,44100,15.91
2012-06-27,17.65,18.16,17.64,18.07,47200,15.76
2012-06-26,17.40,17.74,17.00,17.65,49600,15.39
2012-06-25,17.12,17.48,16.11,17.31,86200,15.10
2012-06-22,17.87,17.87,17.16,17.22,1140400,15.02
2012-06-21,17.87,17.98,17.26,17.93,61700,15.64
2012-06-20,17.88,17.98,17.37,17.87,41900,15.58
2012-06-19,17.40,17.90,16.24,17.78,97900,15.51
2012-06-18,17.56,17.98,16.94,17.73,67700,15.46
2012-06-15,17.29,17.53,17.00,17.50,46100,15.26
2012-06-14,17.13,17.33,16.46,17.23,51400,15.03
2012-06-13,16.22,17.00,15.80,16.92,38100,14.76
2012-06-12,16.06,16.45,15.65,16.23,32700,14.15
2012-06-11,15.70,16.15,15.40,15.95,41600,13.91
2012-06-08,15.10,15.99,15.05,15.75,59700,13.74
2012-06-07,14.72,15.48,14.72,15.21,19800,13.26
2012-06-06,14.28,14.68,14.28,14.57,6500,12.71
2012-06-05,14.22,14.52,13.92,14.30,8800,12.47
2012-06-04,14.45,14.45,13.71,14.22,32200,12.40
2012-06-01,14.48,14.62,14.30,14.62,5500,12.75
2012-05-31,14.35,14.74,14.35,14.57,12600,12.71
2012-05-30,14.61,14.66,14.33,14.49,6500,12.64
2012-05-29,14.72,15.17,14.51,14.75,12500,12.86
2012-05-25,14.64,15.09,14.32,14.82,21100,12.92
2012-05-24,14.66,14.74,14.50,14.71,13900,12.83
2012-05-23,14.79,14.84,14.45,14.73,9400,12.85
2012-05-22,14.93,14.98,14.30,14.75,36000,12.86
2012-05-21,15.20,15.23,14.96,15.00,9100,13.08
2012-05-18,15.22,15.37,15.10,15.20,35200,13.26
2012-05-17,15.24,15.39,15.09,15.23,19700,13.28
2012-05-16,15.40,15.40,15.16,15.25,21200,13.30
2012-05-15,15.09,15.49,15.09,15.49,60000,13.51
2012-05-14,15.22,15.24,15.00,15.21,59200,13.26
2012-05-11,15.21,15.45,15.21,15.45,9500,13.47
2012-05-10,15.29,15.42,15.18,15.26,25000,13.31
2012-05-09,15.20,15.49,15.10,15.34,26000,13.38
2012-05-08,15.20,15.48,14.98,15.21,20300,13.26
2012-05-07,15.26,15.48,14.82,15.25,18000,13.30
2012-05-04,15.28,15.49,15.00,15.24,242400,13.29
2012-05-03,15.21,15.37,15.12,15.36,18000,13.39
2012-05-02,15.00,15.25,14.95,15.15,21200,13.21
2012-05-01,15.03,15.05,14.80,15.05,29000,13.12
2012-04-30,15.05,15.07,14.82,14.94,52000,13.03
2012-04-27,14.80,15.25,14.80,15.25,32900,13.30
2012-04-26,14.82,15.00,14.68,14.80,44400,12.91
2012-04-25,15.09,15.10,14.86,14.99,22300,13.07
2012-04-24,15.10,15.10,14.87,15.00,30900,13.08
2012-04-23,15.03,15.08,14.66,15.00,126300,13.08
2012-04-20,15.07,15.25,14.91,15.00,38200,13.08
2012-04-19,14.99,15.21,14.88,15.00,9100,13.08
2012-04-18,15.05,15.14,14.82,14.90,80800,12.99
2012-04-17,14.72,15.25,14.72,15.05,72500,13.12
2012-04-16,14.68,15.00,14.68,14.98,15700,13.06
2012-04-13,14.94,15.00,14.51,14.65,10100,12.78
2012-04-12,14.81,15.00,14.81,14.85,22000,12.95
2012-04-11,14.60,14.96,14.47,14.90,14500,12.99
2012-04-10,14.52,14.61,14.38,14.60,13100,12.73
2012-04-09,14.55,14.55,14.41,14.52,19200,12.66
2012-04-05,14.30,14.55,14.26,14.55,66400,12.69
2012-04-04,14.30,14.43,14.30,14.35,8900,12.51
2012-04-03,14.29,14.47,14.29,14.40,4300,12.56
2012-04-02,14.23,14.50,13.95,14.50,14900,12.64
2012-03-30,14.01,14.25,13.98,14.23,11000,12.41
2012-03-29,14.25,14.25,13.94,14.16,3500,12.35
2012-03-28,14.15,14.20,14.05,14.15,6900,12.34
2012-03-27,14.10,14.25,13.90,14.24,5400,12.42
2012-03-26,13.93,14.21,13.82,14.10,10000,12.30
2012-03-23,13.84,13.91,13.52,13.80,10000,12.03
2012-03-22,13.98,13.99,13.80,13.94,11000,12.16
2012-03-21,13.85,14.25,13.85,13.95,14400,12.17
2012-03-20,13.50,14.07,13.50,13.94,12900,12.16
2012-03-19,13.85,14.07,13.66,13.97,31900,12.18
2012-03-16,13.20,13.90,13.15,13.82,101000,12.05
2012-03-15,13.40,13.46,13.00,13.26,36600,11.56
2012-03-14,13.30,13.45,13.30,13.44,4700,11.72
2012-03-13,13.05,13.44,13.00,13.44,14800,11.72
2012-03-12,13.05,13.25,13.05,13.05,6900,11.38
2012-03-09,13.17,13.24,13.06,13.24,1800,11.55
2012-03-08,13.20,13.25,13.06,13.24,5100,11.55
2012-03-07,13.18,13.20,13.05,13.16,1300,11.48
2012-03-06,13.20,13.20,13.05,13.05,1900,11.38
2012-03-05,13.05,13.48,13.01,13.31,3900,11.61
2012-03-02,13.10,13.47,12.95,13.03,3500,11.36
2012-03-01,13.37,13.76,12.87,13.10,28700,11.42
2012-02-29,13.37,13.45,13.25,13.45,10100,11.73
2012-02-28,13.27,13.45,13.25,13.25,7300,11.55
2012-02-27,13.04,13.45,12.80,13.29,17400,11.59
2012-02-24,12.68,13.00,12.49,13.00,14400,11.34
2012-02-23,12.54,12.69,12.45,12.69,3500,11.07
2012-02-22,12.55,12.60,12.40,12.47,72400,10.87
